0.4561404 -0.2271514 0.8164662
0.3157895 -0.2113367 1.014066
0.3684211 -0.3046415 0.9745782
0.4093567 -0.1089673 0.6812971
0.5789474 0.01284875 0.4844861
0.5614035 -0.09752471 0.5067071
0.5906433 0.0008319188 0.4199634
0.5730994 -0.2230503 0.6747967
0.380117 -0.2092872 0.8193702
0.3391813 0.03149046 0.5310844
0.3918129 -0.129552 0.740848
0.5672515 -0.06495729 0.5592596
0.2280702 -0.2512187 1.260412
0.2807018 -0.1981136 0.7976665
0.3567251 -0.2320019 0.9053004
0.2631579 -0.3117073 1.195033
0.3918129 -0.1825872 0.7402765
0.3391813 -0.3003957 0.9830326
0.3216374 -0.1750163 0.9131729
0.3684211 -0.1259973 0.7807109
0.3333333 -0.1883795 0.9038873
0.3216374 -0.2066348 0.8467721
0.5672515 -0.1599382 0.6298719
0.2982456 -0.1519239 0.8642673
0.3508772 -0.1450932 0.7810493
0.4561404 -0.1078455 0.6744351
0.3508772 -0.1761808 0.8528817
0.5438596 -0.0005193049 0.4660586
0.5847953 -0.224691 0.7033104
0.3918129 -0.2013692 0.8390571
0.4736842 -0.1631307 0.6766202
0.2690058 0.03619712 0.5455965
0.2222222 -0.1431312 0.9644164
0.4035088 -0.1654382 0.7179284
0.3333333 -0.2767648 0.9865215
0.4912281 -0.1877255 0.7506066
0.3625731 -0.200582 0.8366455
0.2105263 -0.3260141 1.243186
0.245614 -0.1978832 1.072525
0.3157895 -0.1896766 0.9424522
0.3216374 -0.1954069 0.9211578
0.2280702 -0.1528168 1.010103
0.4619883 -0.2872946 0.8283847
0.3216374 -0.2313065 0.9510572
0.3040936 -0.3119299 1.091689
0.2865497 -0.3212802 0.9859343
0.3333333 -0.2386147 0.8672957
0.3625731 -0.2322859 0.9154791
0.2807018 -0.1624776 0.7912635
0.4678363 -0.2422995 0.8037283
0.2982456 -0.2359541 1.067604
0.2690058 -0.3631107 1.050208
0.3040936 -0.2354056 1.028468
0.4736842 -0.07272816 0.533057
0.3976608 -0.2336922 0.8602584
0.3450292 -0.1121055 0.7229499
0.3333333 -0.1641944 0.8638842
0.2690058 -0.8402825 1.03227
0.2982456 -0.2857262 1.127027
0.245614 -0.08603984 0.7424089
0.374269 -0.2254948 0.8744207
0.2807018 0.0202577 0.546217
0.2865497 -0.218829 0.9758225
0.1871345 -0.1348037 1.089763
0.3333333 -0.155193 0.7452203
0.2865497 -0.2346854 1.023276
0.3918129 -0.1787268 0.740767
0.380117 -0.2587663 0.9248579
0.3625731 -0.2304381 0.8500363
0.2923977 -0.06076171 0.7771161
0.3918129 -0.08353184 0.6386243
0.3450292 -0.2192637 0.9164412
0.2982456 -0.1035713 0.7986397
0.3918129 -0.2349759 0.8644402
0.3333333 -0.1826148 0.8484981
0.3216374 -0.06005589 0.6403928
0.1578947 -0.5584344 1.837905
0.2807018 -0.15122 0.711069
0.5321637 -0.05776658 0.5244363
0.4093567 -0.02602504 0.5663435
0.5497076 -0.3591504 0.6862307
0.3859649 -0.2802131 0.8569955
0.3567251 -0.03571391 0.6727235
0.4853801 -0.1291441 0.5878237
0.2923977 -0.1677291 0.7916723
0.2573099 -0.3031977 1.220561
0.3450292 -0.1605929 0.8717659
0.2690058 -0.1935278 0.9794046
0.1929825 -0.1896101 1.278076
0.3450292 -0.2870194 0.9434324
0.3918129 -0.3347691 0.9389143
0.5906433 -0.2507674 0.7488182
0.5906433 -0.03762104 0.4687962
0.4035088 0.01705112 0.4653273
0.3040936 -0.06569229 0.7279543
0.1695906 -0.0717038 1.100966
0.3508772 -0.271385 0.9765087
0.3625731 -0.1713806 0.8037416
0.2923977 -0.2340045 0.9918115
0.3625731 -0.3188871 1.024386
0.2163743 0.03163142 0.6850456
0.2865497 -0.3321999 1.161042
0.4561404 -0.087445 0.5379696
0.4678363 -0.2632414 0.8224939
0.3040936 -0.08481315 0.6679946
0.3859649 -0.2906317 0.8138789
0.374269 0.004501718 0.4620243
0.2690058 -0.05526154 0.8058238
0.374269 -0.187632 0.8536685
0.4678363 -0.2040504 0.7466064
0.4912281 -0.1960792 0.6584566
0.2631579 -0.2556305 1.152595
0.3625731 -0.01755812 0.4697394
0.3157895 -0.1818488 0.6364218
0.380117 -0.2141965 0.8604931
0.374269 -0.2250681 0.8847677
0.2923977 -0.3330715 1.159409
0.251462 -0.2491003 1.120374
0.2397661 -0.4506551 1.114582
0.4035088 -0.2420552 0.8728567
0.2865497 -0.09132133 0.8306686
0.3684211 -0.03055351 0.5575146
0.2163743 -0.05299012 1.015054
0.3684211 -0.1976704 0.8109333
0.4678363 -0.2816596 0.8211557
0.4385965 -0.1502102 0.7254549
0.3450292 -0.2210657 0.9312235
0.2807018 -0.109484 0.8981655
0.4210526 -0.1909765 0.7552459
0.502924 -0.08705128 0.581043
0.4093567 -0.2271292 0.7862393
