0.4912281 -0.2214206 0.7602516
0.6959064 -0.1296904 0.5052225
0.5555556 -0.1632498 0.6814214
0.502924 -0.315823 0.8432827
0.4385965 -0.1682322 0.7668248
0.6140351 -0.07409978 0.5664953
0.8187135 -0.0943124 0.4679615
0.5497076 -0.247722 0.7654809
0.3567251 -0.2620707 0.9547442
0.6315789 -0.2533497 0.7533129
0.8128655 -1.149028 1.583593
0.8421053 -0.635016 1.082501
0.6081871 -0.2118758 0.7167953
0.5672515 -0.2362072 0.7709282
0.5614035 -0.1310686 0.6094919
0.4853801 -0.09972067 0.651718
0.619883 -0.1549967 0.6352872
0.3625731 -0.2343234 0.9305674
0.6491228 -0.3627459 0.7892242
0.5614035 -0.1885222 0.7019949
0.4210526 -0.3205787 0.9199486
0.5380117 -0.2648292 0.8072557
0.7602339 -0.5488708 0.9460349
0.7836257 -0.6100564 1.005042
0.6491228 -0.5695429 0.9711668
0.6432749 -0.1933713 0.6245517
0.4678363 -0.2497617 0.8023607
0.5087719 -0.2508863 0.7927389
0.871345 -1.152216 1.280936
0.8070175 -7.386526 7.610546
0.6315789 -0.3124962 0.7434347
0.5555556 -0.2162223 0.7694485
0.8421053 1.257831 -0.6956633
0.877193 0.1711506 0.246505
0.6140351 -0.1431208 0.6562878
0.4093567 -0.256885 0.9306381
0.6491228 -0.3906832 0.8016883
0.6959064 -0.2390696 0.6483445
0.1988304 -0.3209931 1.423341
0.6725146 -0.1554383 0.6852357
0.3625731 -0.3001019 1.024444
0.9005848 -5.782069 6.190378
0.3976608 -0.2273191 0.8832058
0.5438596 -0.3473897 0.8246044
0.3976608 -0.1508645 0.8075131
0.8011696 -0.4639174 0.8561349
0.4093567 -0.2582723 0.8950929
0.5263158 -0.3417773 0.8330257
0.748538 -0.1827837 0.5980659
0.5964912 -0.1918499 0.6697425
0.4912281 -0.3126108 0.8394599
0.4152047 -0.28546 0.9180857
0.6842105 -0.325887 0.7798387
0.5321637 -0.3682004 0.8521332
0.6608187 -0.1217393 0.5495316
0.2631579 -0.1600612 1.055626
0.6491228 -0.2080741 0.6331902
0.8128655 0.4626212 -0.1166932
0.5438596 -0.1118974 0.6201136
0.4210526 -0.2357506 0.873649
0.5263158 -0.2693195 0.7729468
0.5847953 -0.3736203 0.8259405
0.6374269 -0.1418124 0.5126827
0.7251462 -0.4395826 0.8500708
0.3625731 -0.1881842 0.8784907
0.8070175 -0.9817575 1.36612
0.9239766 -5.931871 6.64951
0.8362573 -1.821073 2.201642
0.7017544 -0.02021147 0.4190767
0.7076023 -0.6538893 1.010105
0.3157895 -0.2306628 1.024889
0.251462 -0.2971097 1.29488
0.5847953 -0.2029684 0.6919133
0.619883 -0.4869985 0.9130435
0.4035088 -0.2410547 0.879445
0.5730994 -0.2609654 0.6987091
0.4678363 -0.1441856 0.7332729
0.619883 -0.02734896 0.4643919
0.5497076 -0.2690876 0.7674604
0.5321637 -0.06235436 0.5589701
0.7017544 -0.5478603 0.9452797
0.6842105 -0.3016422 0.7210435
0.6549708 -0.3168539 0.7613826
0.6959064 -0.6843964 1.07148
0.9473684 -6.88237 7.479491
0.4502924 -0.1298989 0.382273
0.4269006 -0.1734095 0.7884167
0.7017544 -0.1206742 0.5526352
0.5847953 -0.1524061 0.6298786
0.6666667 -0.05908331 0.5338437
0.4795322 -0.3389815 0.860258
0.5497076 -0.109378 0.5581227
0.7309942 -0.299278 0.7500066
0.4210526 -0.2036644 0.785173
0.4210526 -0.155474 0.7231473
0.4210526 -0.1773741 0.8178086
0.497076 -0.1509353 0.6899518
0.7777778 -0.1239124 0.5611518
0.7251462 -0.2979048 0.7539491
0.625731 -0.3148732 0.7189463
0.6608187 -0.1230773 0.5456808
0.7777778 -0.3180371 0.7256296
0.5964912 -0.3335049 0.7962137
0.754386 -0.4561765 0.8921727
0.625731 -0.3565311 0.8227793
0.7251462 -0.4284562 0.818465
0.7309942 -0.4809928 0.8968067
0.4795322 -0.1754678 0.7472317
0.4210526 -0.3596286 0.9616686
0.7426901 -0.09706433 0.536821
0.502924 -0.2607652 0.7858826
0.8596491 -1.059071 1.455394
0.6842105 -0.2706836 0.7135454
0.7017544 -0.2454128 0.652846
0.4269006 -0.2337544 0.8454729
