0.3625731 -0.260722 0.9830402
0.9005848 -0.3112467 0.7570063
0.3508772 -0.4160993 1.137625
0.3684211 -0.3171604 1.04347
0.6725146 -0.1889971 0.6348678
0.5789474 -0.2972483 0.88687
0.8421053 -0.2091155 2.005264
0.4853801 -0.318274 0.987845
0.380117 -0.3639035 1.039408
0.3976608 -0.3305897 1.005791
0.5204678 -0.3280847 0.8390655
0.5204678 -0.3854687 0.8692922
0.4678363 -0.3169472 0.8983258
0.2807018 -0.3220838 1.238042
0.502924 -0.3105246 0.8645967
0.8421053 -0.1949928 1.971515
0.7309942 -0.1877843 0.6308956
0.8538012 -1.567103 3.966231
0.4502924 -0.2784917 1.371041
0.5847953 -0.1536179 0.6153167
0.4444444 -0.2933924 0.9092727
0.4561404 -0.3467804 0.9102598
0.5555556 -0.2623714 0.7838307
0.4152047 -0.3463409 0.9553339
0.502924 -0.2526434 0.8245762
0.5263158 -0.6271274 1.446169
0.5906433 -0.4607151 0.8716428
0.5263158 -0.3188486 0.7996978
0.625731 -0.5196017 1.248376
0.7777778 -4.663294 5.328013
0.4210526 -0.3474766 1.008299
0.4678363 -0.3110165 0.9649324
0.3859649 -0.3301175 1.018165
0.3625731 -0.3312493 1.053988
0.5672515 -0.3877955 0.8574285
0.5263158 -0.3281141 0.8392092
0.7017544 -1.121259 1.499743
0.5438596 -0.3333936 0.8990645
0.6666667 -0.3631927 1.055951
0.6783626 -0.2147085 0.6508299
0.6959064 -0.2059499 0.6409766
0.4444444 -0.2782066 0.4347737
0.5497076 -0.2567091 0.7457552
0.4385965 0.3054383 -0.6559518
0.4502924 -0.3864429 1.181645
0.5146199 -0.3784423 0.8622417
0.6549708 -0.5304946 0.9241866
0.497076 -0.3378462 0.8594827
0.4502924 -0.3050548 0.8259393
0.3333333 -0.3519639 1.111097
0.4093567 -0.2764903 0.8862473
0.502924 -0.2383721 0.7829905
0.4502924 -0.4366409 1.261966
0.2923977 -0.4937348 1.585115
0.3040936 -0.3600755 1.15552
0.6023392 -0.2596946 0.6777486
0.374269 -0.1609979 0.8426026
0.748538 -0.2321903 0.6606258
0.5087719 -0.2594917 0.7890524
0.502924 -0.5519277 1.328644
0.8304094 -0.09449259 0.7177261
0.8830409 1.223717 -0.7336468
0.5964912 -0.5114859 0.9292824
0.5497076 -0.3734833 0.8691982
0.4619883 -0.4473397 1.384145
0.374269 -0.3732126 1.140791
0.3274854 -0.3812292 1.169443
0.4912281 0.04427042 0.656664
0.4385965 -0.3485045 0.9424915
0.5555556 -0.4294727 0.8807599
0.3391813 -0.2984458 1.07909
0.5438596 -0.3057073 0.7882051
0.3976608 -0.3774865 0.9374256
0.7251462 -0.3656693 0.7786894
0.3859649 -0.4001525 1.303473
0.5321637 -0.3367351 1.334578
0.5730994 -0.2378097 0.7610447
0.6783626 -0.3123632 1.223178
0.502924 -0.2576693 0.7947321
0.5789474 -0.2496906 0.931149
0.5438596 -0.3142611 1.161042
0.5672515 -0.2957374 0.7822074
0.5087719 -0.3538833 1.045235
0.5906433 -0.3179432 0.9758817
0.4444444 -0.209998 0.7811683
0.4561404 -0.2162697 0.8017691
0.4269006 -0.193806 0.7830774
0.5321637 -0.2805049 0.824033
0.5321637 -0.1354033 0.6184929
0.7953216 0.286296 0.1482666
0.4385965 -0.3048642 0.908528
0.5497076 -0.3145008 0.8731653
0.4093567 -0.2115363 0.8315466
0.2748538 -0.3706679 1.326896
0.497076 -0.756766 1.445792
0.4210526 -0.09530902 0.6270474
0.3567251 -0.2744806 0.9945649
0.8070175 -6.167014 6.552028
0.4385965 -0.323507 0.924526
0.5672515 -0.2456481 0.7296087
0.8011696 -0.6340668 1.026443
0.2748538 -0.05845481 0.7934438
0.4619883 -0.2487768 0.786045
0.3859649 -0.3614065 1.070031
0.3684211 -0.1637043 0.8096035
0.6491228 -0.2472917 0.7526372
0.4795322 -0.2233709 0.7612325
0.5672515 -0.3473958 0.835938
0.5204678 -0.1495643 0.6599828
0.4561404 -0.1955975 0.7629946
0.5438596 -0.296585 0.7991259
0.6666667 -0.7051829 1.091163
0.5672515 -0.3934126 0.8647947
0.5438596 -0.1754847 0.616602
0.6374269 -0.3684068 0.7941919
0.4619883 -0.2562659 0.8764016
0.5730994 -0.3517427 0.8240687
0.5555556 -0.3205389 0.8109412
0.4385965 -0.09804474 0.3305043
0.5614035 -0.2634071 0.693847
0.6081871 -0.3906296 0.847578
0.6959064 -0.319358 0.7600371
0.6081871 -0.2652202 1.100372
0.5321637 -0.3113891 0.80408
0.5497076 -0.1977693 0.5260887
0.374269 -0.2318382 0.9118398
0.2280702 -0.4869458 1.62804
0.5614035 -0.251844 0.7426957
0.4619883 -0.2672967 0.8543895
0.4502924 -0.2875096 0.866787
0.5438596 -0.2116623 0.7596732
0.2339181 -0.6951406 1.888266
0.5380117 -0.3404361 0.8260747
0.4795322 -0.1963148 0.7525435
0.7017544 -0.2505732 0.7153717
0.5321637 -0.1663401 0.2935472
0.6023392 -0.2003833 0.6889562
0.2923977 -0.3837587 1.262037
0.6023392 -0.5155229 0.9234802
0.4561404 -0.3479798 0.9640735
0.3391813 -0.1898593 0.9313063
0.6374269 -0.6333842 1.024601
0.3274854 -0.2657899 0.9962304
0.4093567 -0.258495 0.8922081
0.4678363 -0.2065755 0.7537478
0.619883 -1.073067 2.450772
0.4619883 -0.2872416 0.8177941
0.7719298 -0.7017727 1.091867
0.380117 -0.2779163 0.9649661
0.754386 -0.3060513 0.7135435
0.7894737 -1.799026 2.331994
0.380117 -0.3612927 1.033694
0.6315789 -0.3353389 0.7728614
0.502924 -0.2716634 0.8082106
0.2923977 -0.3051424 1.162873
0.6140351 -0.3656721 0.8339267
0.4093567 -0.3413269 0.9843588
0.6900585 -0.4068363 0.8054141
0.7134503 -0.6000919 1.002396
0.4736842 -0.2781926 0.8631406
0.502924 -0.2355747 0.7618204
0.3976608 -0.2879717 0.9393169
0.6315789 -0.5051509 0.939208
0.2982456 -0.2654841 1.088988
0.5964912 -0.3366152 0.787596
0.4619883 -0.3030885 0.8867145
0.8070175 -5.033494 5.420558
0.4853801 -0.3771029 0.8908432
0.5906433 -0.3616807 0.8262509
0.7426901 -0.5279898 0.9516007
0.6315789 -0.3326368 0.7709792
0.8947368 -1.509011 4.751274
0.4444444 -0.380841 0.9670707
0.4327485 -0.1367334 0.7168976
0.5906433 -0.3226483 0.8280198
0.5847953 -0.346282 0.8245625
0.380117 -0.3055417 1.004286
0.3918129 -0.2969004 0.9723353
0.4269006 -0.1115607 0.3482733
0.5263158 -0.05305032 0.5914888
0.5204678 -0.2987333 0.8257167
0.5380117 -0.3101845 0.810515
0.4619883 -0.3336757 0.8359176
0.4093567 -0.2635175 0.8484473
0.5964912 -0.2792188 0.7965395
0.4561404 -0.3007753 0.8619177
0.4736842 -0.6730233 1.905437
0.6432749 -0.2438483 0.8616566
0.4912281 -0.2387392 0.8019179
0.5906433 -0.4142341 0.853255
0.4561404 -0.2669965 0.8511347
0.3508772 -0.2856974 1.028518
0.4678363 -0.2754008 0.8393019
0.5497076 -0.2769996 0.7601228
0.4502924 -0.2314983 0.5887493
0.5087719 -0.2528838 0.7767354
0.4502924 -0.2778119 0.875763
0.497076 -0.2996066 0.8832209
0.3274854 -0.5530616 1.521994
0.6842105 -0.2251125 0.6929786
0.3918129 -0.3292756 0.9702904
0.5087719 -0.2608418 0.8441785
0.5146199 -0.1972315 0.7276133
0.6783626 -0.2238226 0.6586918
0.4795322 -0.3342555 0.8862053
0.5672515 -0.2080317 1.071069
0.4035088 -0.3016189 0.9417916
0.5730994 -0.2144655 0.7070014
0.4327485 -0.3485938 0.9507323
0.4502924 -0.2822918 0.8368505
0.5497076 -0.5331395 0.9161944
0.4619883 -0.3078809 0.9125857
0.4502924 -0.2338944 0.8188787
0.497076 -0.2946947 0.8450912
0.4561404 -0.2865227 0.8240468
0.5906433 -0.2570122 0.721833
0.4093567 -0.2509288 0.8851829
0.3040936 -0.1864088 0.94224
0.5555556 -0.2327758 0.6947766
0.4444444 -0.3062266 0.8884001
0.4678363 -0.2572943 0.7530458
0.4619883 -0.3573752 0.8366822
0.4853801 -0.2956823 0.8817913
0.4093567 -0.3159573 0.9691023
0.3918129 -0.3607642 0.95664
0.7134503 -0.3129284 0.7472977
0.4385965 -0.2471703 0.8747607
0.6666667 -0.3156728 0.798951
0.5672515 -0.5916031 1.382687
0.5087719 -0.3138863 0.8910025
0.3274854 -0.3850672 1.180676
0.5380117 -0.3398921 0.8683656
0.3625731 -0.2738242 1.016655
0.3859649 -0.390979 1.050101
0.4561404 -0.5084787 1.389829
0.4561404 -0.3371361 0.9077454
0.6023392 -0.3956474 0.8502665
0.4619883 -0.314338 0.9127161
0.380117 -0.3463474 1.032138
0.374269 -0.2815043 0.9814473
0.5321637 -0.2614431 0.8164566
0.4561404 -0.2568979 0.8165934
0.3918129 -0.2954478 0.9466685
0.5321637 -0.3647122 0.8426125
0.4561404 -0.2870035 0.910647
0.5555556 -0.3237153 0.8356742
0.4795322 -0.270898 0.8473417
0.502924 -0.2632901 0.8141934
0.9532164 -2.217545 4.265114
0.4795322 -0.1903916 0.7414468
0.6140351 -0.2885478 0.7163169
0.4093567 -0.298324 0.9509467
0.4093567 -0.2677782 0.924876
0.3450292 -0.2234929 0.9484648
0.5263158 -0.3045169 0.8193986
0.4619883 -0.4605236 1.216548
0.6023392 -0.433082 0.8723629
0.5614035 -0.2738006 0.7534849
0.5087719 -0.2700636 0.7920402
0.4912281 -0.3472627 0.8724514
0.4795322 -0.2919984 0.8196641
0.3450292 -0.7947532 1.350814
0.380117 -0.3552573 1.076682
0.6023392 -0.5914281 1.203485
0.4327485 -0.3188508 0.9069024
0.374269 -0.2579402 1.012792
0.6374269 -0.226866 0.6922472
0.6140351 -0.3014169 0.7466682
0.3450292 -0.3626813 1.138073
0.4736842 -0.3568019 0.8895058
0.5146199 -0.2958085 0.7878539
0.5438596 -0.3779151 0.8460016
0.4385965 -0.3319121 0.9187038
0.4210526 -0.2678313 0.8925297
0.5789474 -0.3055111 0.8382094
0.4385965 -0.3277099 0.9186767
0.8304094 7.327603 7.802211
0.4210526 -0.4867431 1.291732
0.7134503 -1.253985 1.633773
0.6725146 -0.4922696 0.955961
0.4269006 -0.2693045 0.8745134
0.374269 -0.3555825 1.07161
0.5438596 -0.3256263 0.8543408
0.6140351 -0.3196747 0.7585217
0.3333333 -0.4279347 1.092254
0.3333333 -0.4760735 1.183384
0.6315789 -0.08324306 0.5231961
0.6608187 -0.2926809 0.8060819
0.5263158 -0.2194641 0.4674078
0.7192982 -0.4683034 0.8682219
0.619883 -0.06551879 0.5312001
0.8947368 -1.509011 4.751274
0.5087719 -0.3570176 0.8443562
0.6959064 -0.2887763 0.7318322
0.2923977 -0.5369766 1.59246
0.4327485 -0.2924084 0.8830286
0.5263158 -0.2633966 0.7922435
0.6315789 -0.2226043 0.6640515
0.7426901 -0.3754779 0.7948547
0.5847953 -0.2699185 0.7617173
0.4210526 -0.2982216 0.9388876
0.3859649 -0.3209297 1.038013
0.3450292 -0.500703 1.220323
0.4853801 -0.332262 0.8674646
0.4152047 -0.3790779 1.031326
0.4619883 -0.2499451 0.8330854
0.4444444 -0.2349837 0.8486916
0.5614035 -0.2779102 0.7728954
0.4502924 -0.2721348 0.8641092
0.4561404 -0.09975164 0.255957
0.5263158 -0.2388356 0.802221
0.3684211 -0.3610479 1.119584
0.4795322 -0.2223348 0.7478782
0.7894737 -0.9683796 1.386833
