0.2748538 -0.2033157 1.006179
0.4853801 -0.133914 0.6365863
0.4619883 -0.06771886 0.5976316
0.4912281 -0.3181477 0.8276471
0.2573099 -0.1494721 1.047338
0.2982456 -0.2496232 1.021639
0.3040936 -0.2312337 1.009024
0.3450292 -0.2496711 0.9506625
0.497076 -0.1978425 0.6937952
0.3040936 -0.3565066 1.188316
0.497076 -0.1793137 0.6636877
0.5263158 -0.2673979 0.7899213
0.3099415 -0.26803 1.074863
0.2865497 -0.08752935 0.7937749
0.374269 -0.1680031 0.8495947
0.4327485 -0.1773327 0.6886177
0.3450292 -0.5679556 1.099553
0.4093567 -0.201632 0.7850057
0.4444444 -0.1035101 0.5452597
0.3450292 -0.1655092 0.8635763
0.3040936 -0.2760412 1.066432
0.2748538 -0.4564605 1.295165
0.3333333 -0.3081414 1.061269
0.4093567 -0.2770814 0.9390198
0.2865497 -0.3970995 1.169246
0.4152047 -0.3851214 0.9119649
0.245614 -0.3041562 1.216201
0.3099415 -0.4633246 1.050222
0.380117 -0.1712657 0.7647381
0.4736842 -0.352426 0.9030284
0.374269 -0.1109713 0.6248797
0.4795322 -0.3003552 0.8344818
0.3567251 -0.4555705 1.210999
0.6023392 -0.2036372 0.6547352
0.2163743 -0.1834064 1.140792
0.245614 -0.2503061 1.182064
0.2865497 -0.1646739 0.9353272
0.2397661 -0.167237 0.8103258
0.3216374 -0.464013 1.116933
0.3157895 -0.1359999 0.7441196
0.2748538 -0.2028915 0.9584717
0.3099415 -0.2711763 1.060695
0.4035088 -0.2414596 0.8857052
0.4327485 -0.2615388 0.8296232
0.3508772 -0.2676268 0.9846054
0.2163743 -0.3105747 1.342477
0.4269006 -0.1354097 0.7518663
0.4269006 -0.1985015 0.7416026
0.3684211 -0.1997585 0.8891273
0.3508772 -0.2666475 0.9885177
0.2923977 -0.2936571 1.151141
0.3625731 -0.3370508 1.037188
0.3684211 -0.2164237 0.8806407
0.3333333 -0.3289354 1.082474
0.2631579 -0.3910962 1.320973
0.3508772 -0.2237441 0.8848287
0.380117 -0.2389455 0.7084308
0.2573099 -0.4531759 1.030194
0.3684211 -0.2645775 0.9689644
0.3918129 -0.1847321 0.828867
0.3040936 -0.2505258 1.040009
0.3918129 -0.2128992 0.8635266
0.3333333 -0.2404081 0.9433489
0.3450292 -0.1565433 0.8297451
0.4736842 -0.3255447 0.8580421
0.3625731 -0.1583748 0.839687
0.3333333 -0.3520265 1.071823
0.380117 -0.2878255 0.9838969
0.3216374 -0.2518479 1.055863
0.5380117 -0.1861589 0.6879774
0.374269 -0.1197429 0.7183355
0.4152047 -0.3238287 0.89129
0.3157895 -0.3642635 1.21171
0.2865497 -0.3290103 1.220125
0.7836257 0.3809228 0.02512529
0.6900585 -0.2248515 0.6539549
0.6432749 -0.2227537 0.6755319
0.6608187 -0.2831943 0.7062089
0.2163743 -0.3839171 1.397487
0.6549708 -0.1518579 0.5870607
0.2982456 -0.1512292 0.9696501
0.4385965 -0.1045685 0.6455453
0.4152047 -0.1980041 0.8140357
0.2397661 -0.204705 1.154634
0.5204678 -0.07850395 0.5025717
0.3333333 -0.09712706 0.7027501
0.2748538 -0.2796515 1.176803
0.3567251 -0.190618 0.8467786
0.374269 -0.3372156 0.9998938
0.3918129 -0.1823385 0.7725411
0.245614 -0.3817677 1.3422
0.2280702 -0.3595515 1.336643
0.2573099 -0.3874472 1.247197
0.251462 -0.3122249 1.185381
0.3684211 -0.3153754 0.9558622
0.4385965 -0.169488 0.7928677
0.2690058 -0.2934439 1.257506
0.3976608 -0.3007135 0.8837782
0.3333333 -0.2166634 0.9243229
0.3625731 -0.1777336 0.8822156
0.3333333 -0.2156404 0.944593
0.2280702 -0.2760402 1.334711
0.4035088 -0.1585239 0.778784
0.2163743 -0.2711147 1.296486
0.5087719 -0.05462102 0.5122291
0.2046784 -0.2752854 1.345569
0.3450292 -0.2780563 0.9935189
0.3508772 -0.09929784 0.7458746
0.251462 -0.4953066 1.400506
0.2923977 -0.1202555 0.8276695
0.3625731 -0.09708171 0.7750279
0.3625731 -0.306464 1.009617
0.3040936 -0.2753492 1.082434
0.5263158 -0.0428478 0.4986849
0.2923977 -0.5662805 1.351609
0.3450292 -0.3455881 1.095582
0.3625731 -0.3622997 1.011484
0.3391813 -0.2551782 0.9866366
0.6081871 -0.281291 0.7455995
0.3684211 -0.3127838 0.9268577
0.2865497 -0.1788168 0.945774
0.4327485 -0.2643211 0.8650856
0.5438596 0.02194855 0.4727703
0.2339181 -0.3643563 1.372223
0.4210526 -0.244082 0.8739833
0.3157895 -0.0717362 0.6202973
0.4736842 -0.1623616 0.7032671
0.4035088 -0.1352462 0.7408226
0.3157895 -0.252392 1.022018
0.3040936 -0.2743369 1.045322
0.4619883 -0.2775905 0.896469
0.625731 -0.1125306 0.6017126
0.4444444 -0.2794506 0.9059433
