0.5730994 -0.2116366 0.7194443
0.6900585 0.1255751 0.3311364
0.877193 0.5932239 -0.1767712
0.7602339 -0.3373411 0.7513075
0.7076023 -0.2545236 0.7075965
0.6023392 -0.2483752 0.7200388
0.6666667 -0.1452935 0.556158
0.6374269 0.1622345 0.2666407
0.8654971 -1.970372 2.504459
0.8362573 -0.09153019 1.817806
0.8421053 -0.9060229 2.878125
0.8538012 -5.302715 6.084394
0.6900585 -0.192121 0.5892124
0.7953216 0.05385755 0.3382909
0.8128655 -1.061242 1.456056
0.8596491 -0.820325 1.787777
0.6725146 0.7570176 -0.2238113
0.7192982 -0.2150041 0.6898452
0.8362573 -0.3551823 0.7890295
0.8947368 -1.509011 4.751274
0.6959064 -0.1995602 0.6664345
0.754386 -0.2371531 0.7380765
0.5555556 -0.1825914 0.6772293
0.6315789 -0.1483179 0.6353153
0.6959064 -0.08049898 0.5221556
0.8070175 -0.1049622 0.5542821
0.5847953 -0.06379108 0.6282708
0.625731 -0.2122684 0.6640799
0.748538 -0.2653888 0.6810662
0.5263158 -0.225505 0.7828682
0.7426901 -0.2564719 0.7114368
0.8947368 -1.509011 4.751274
0.8187135 -0.1001783 0.5963379
0.5497076 -0.2791386 0.7838448
0.6666667 -0.1111412 0.5828305
0.8362573 -0.2042668 0.8098132
0.7368421 -0.1015522 0.5184593
0.7251462 -0.1804368 0.6902113
0.7368421 -0.3442282 0.7589773
0.9122807 -6.105939 6.554587
0.7426901 -0.161946 0.6268986
0.877193 -0.4480546 0.8639166
0.9824561 -3.624761 4.275619
0.6549708 -0.2301462 0.6798293
0.7777778 -0.7787029 1.186427
0.9415205 1.015186 -0.4409859
0.6432749 0.03071144 0.3870482
0.7836257 -0.1021151 0.5366118
0.8479532 0.450589 -0.02778021
0.877193 0.11739 0.2920816
0.5087719 -0.215375 0.7816975
0.6374269 -0.1985538 0.6983085
0.6491228 -0.1862723 0.6916012
0.748538 -0.2221073 0.6318142
0.7777778 -0.1232765 0.5585144
0.8654971 -0.6687254 1.060837
0.7426901 -0.1487721 0.5819216
0.754386 -0.2224124 0.6517989
0.8596491 -0.6481482 1.052084
0.8830409 -0.05561953 1.369455
0.8947368 -1.509011 4.751274
0.8245614 0.1316402 0.2437956
0.4912281 -0.09754747 0.6410107
0.5146199 -0.1742763 0.6897383
0.5380117 -0.172256 0.6308427
0.9415205 -8.355106 8.988355
0.4853801 -0.2897885 0.8429734
0.7076023 -0.1024546 0.5231671
0.5614035 -0.2941908 0.8154743
0.8947368 -1.509011 4.751274
0.8362573 -0.7109928 2.352948
0.8362573 -0.1954078 0.8086907
0.7953216 -0.09865327 0.5649456
0.7368421 0.009701957 0.4100487
0.8596491 -4.678559 6.150771
0.7602339 -0.2176965 0.6853534
0.8830409 -6.748583 17.38426
0.7368421 -0.221579 0.7139134
0.6491228 -0.111164 0.5550442
0.7894737 -0.3555652 0.7689996
0.5555556 -0.2187113 0.734039
0.8245614 -0.1307124 0.5321709
0.8830409 -0.283155 0.3902659
0.6959064 -0.1887619 0.5904679
0.5672515 -0.1596551 0.6470434
0.7134503 -0.1368525 0.5738215
0.7894737 0.03249012 0.3351512
0.7017544 -0.17052 0.5861482
0.5906433 -0.2204937 0.702372
0.5789474 -0.1935065 0.6756353
0.5321637 -0.2137632 0.7240224
0.4912281 -0.1409366 0.7103069
0.8304094 0.3029842 0.0795795
0.625731 -0.2303499 0.7230249
0.754386 -0.4354025 0.8373566
0.9005848 -0.2454923 1.197993
0.8479532 -0.4035496 1.272363
0.7017544 -0.1357898 0.5641074
0.8947368 0.4157819 0.00239941
0.8128655 -0.1171236 0.568822
0.7251462 -0.2227348 0.6517918
0.7660819 -0.3678692 0.7819262
0.8830409 -1.044767 1.497257
0.754386 -0.0395928 0.462244
0.754386 0.3973093 0.03262268
0.8538012 0.3847052 0.01676923
0.6900585 -0.06875253 0.4934708
0.8888889 -0.4020416 1.190866
0.7192982 0.2122427 0.1945372
0.7426901 0.7720928 -0.1067337
0.6432749 0.230417 0.2154139
0.6315789 0.1281317 0.2743584
0.748538 0.4382515 0.06686244
0.9181287 -0.3676302 1.441233
0.9532164 -4.181641 6.193614
0.8187135 -0.4338615 0.8511128
0.6666667 -0.06914466 0.5523753
0.7719298 -0.2121961 0.6980346
0.6081871 -0.2387593 0.745661
0.6608187 -0.3466752 0.7608496
0.7309942 -0.2871027 0.7083046
0.9239766 -1.321148 2.54486
0.8947368 -1.509011 4.751274
0.8596491 -2.056565 2.53077
0.8479532 -0.433166 1.225561
0.7953216 -0.1020231 0.5720625
0.7602339 -0.2140231 0.6701565
0.5847953 -0.1501274 0.6247213
0.8654971 -1.615472 2.114834
0.7660819 0.2275839 0.2013298
0.6842105 -0.1526877 0.5914066
0.9415205 1.392157 -0.6733995
0.7368421 -0.2359936 0.6758799
