0.3157895 -0.232733 1.002069
0.5087719 -0.1484472 0.6748921
0.2923977 -0.1905071 0.9907483
0.6666667 -0.1145291 0.5454043
0.2923977 -0.2549098 1.120073
0.4619883 -0.1543224 0.6969439
0.3508772 -0.08109217 0.6961235
0.2748538 -0.1478186 0.9086336
0.2690058 -0.1729907 0.9937301
0.2865497 -0.1465825 0.7040561
0.4795322 -0.2774371 0.7811713
0.4561404 -0.1572347 0.7162863
0.5789474 -0.3453735 0.7507655
0.3684211 -0.1811407 0.8267905
0.6315789 -0.2502545 0.704398
0.3274854 -0.2550299 0.9846358
0.3157895 -0.3447094 1.120452
0.3157895 -0.1695261 0.9046162
0.6549708 -0.2514222 1.259148
0.4853801 -0.1247922 0.5979158
0.3625731 -0.08881644 0.7524365
0.4093567 -0.2783917 0.7951561
0.4269006 -0.2166794 0.7958892
0.4152047 -0.1992914 0.8221428
0.5263158 -0.1851046 0.6895661
0.374269 -0.1932415 0.7774526
0.3918129 -0.1031453 0.6135897
0.2690058 -0.3942402 1.241594
0.3333333 -0.1694407 0.8329061
0.6140351 -0.2007513 0.6713161
0.2105263 -0.301525 1.375656
0.3274854 -0.3004057 1.044371
0.5614035 -0.192052 0.679014
0.1871345 -0.1227607 0.8550557
0.4795322 -0.2055205 0.7421236
0.245614 -0.4581305 1.424597
0.4561404 -0.1715466 0.6282169
0.4152047 -0.1096568 0.6075611
0.3450292 -0.190142 0.8502829
0.3391813 0.04115828 0.4695779
0.2222222 -0.05794257 0.8785265
0.2923977 -0.03562231 0.6152742
0.2339181 -0.202006 1.129929
0.3508772 -0.01343168 1.124457
0.5847953 -0.1145955 0.5844617
0.1695906 -0.7102234 1.943245
0.4912281 -0.1806468 0.7547831
0.4444444 -0.2084835 0.7969482
0.5789474 -0.3197621 0.7542034
0.6023392 -0.0503736 0.4606553
0.2982456 -0.1679522 0.940473
0.3099415 -0.2304468 1.013377
0.3157895 -0.05738076 0.7445779
0.2748538 -0.2181044 1.086313
0.3918129 -0.1894927 0.7692307
0.2105263 -0.0878794 1.046798
0.2397661 -0.2829318 1.214596
0.3333333 -0.0146817 0.4116929
0.4502924 -0.08852181 0.6357546
0.2982456 -0.2439362 1.036991
0.4853801 -0.1754591 0.7514196
0.3391813 -0.1246427 0.7579339
0.1812865 -0.2007933 1.290671
0.4853801 -0.1755009 0.7269804
0.3450292 -0.3441187 0.7823718
0.2865497 -0.2039967 0.925291
0.4269006 0.03652483 0.46554
0.1812865 -0.4046011 1.305415
0.3859649 -0.2111172 0.7982099
0.5730994 -0.2340975 0.6883445
0.251462 -0.3986017 1.417872
0.374269 -0.1900083 0.822304
0.4327485 -0.03425497 0.5006348
0.4795322 -0.1694082 0.593134
0.3625731 -0.06629499 0.7033694
0.4853801 -0.2702973 0.7459081
0.4269006 -0.2332895 0.7975717
0.2982456 -0.1698784 0.7432327
0.5438596 -0.2108358 0.7442962
0.3976608 -0.1263049 0.7767587
0.4678363 -0.2928039 0.7879461
0.2982456 -0.135579 0.7914661
0.2982456 0.1503024 0.4434097
0.2631579 -0.03699687 0.7081475
0.3216374 -0.07917004 0.794361
0.2280702 -0.3290896 1.224449
0.3450292 -0.2458933 0.9054012
0.2748538 -0.2455347 1.048814
0.2105263 -0.1949714 1.172068
0.2631579 -0.1742564 0.9910596
0.3684211 -0.03605205 0.6345239
0.2982456 -0.3159464 1.132249
0.5321637 -0.2708815 0.7287445
0.4678363 -0.1157595 0.58841
0.4035088 -0.2085539 0.8505384
0.2807018 -0.192366 1.035114
0.5614035 -0.2319489 0.7113812
0.619883 -0.04553754 0.4720519
0.4385965 -0.1413957 0.7280964
0.4912281 -0.1477836 0.6338247
0.497076 -0.04559869 0.5290806
0.4035088 -0.3059108 0.9416503
0.2982456 -0.2886149 1.061801
0.2982456 -0.0483224 0.7560953
0.3216374 -0.09821593 0.8231512
0.4210526 -0.1539016 0.7482967
0.625731 -0.2601816 0.7307169
0.5789474 -0.2290913 0.666752
0.3976608 -0.1786479 0.7313399
0.4912281 -0.1753256 0.6523348
0.4853801 -0.1228675 0.6358194
0.625731 -0.2179978 0.6930873
0.497076 -0.2132747 0.7142722
0.5146199 -0.1438096 0.6784399
0.2807018 -0.2297587 1.055501
0.4912281 -0.2428176 0.780222
0.4152047 -0.1602064 0.7740974
0.3918129 -0.2342216 0.8967582
0.380117 -0.1121077 0.7323655
0.4736842 -0.2788094 0.8083301
0.4912281 -0.3078846 0.8220788
0.4385965 -0.1676641 0.7265766
0.2982456 -0.08179046 0.7504698
0.4619883 -0.1777031 0.7170754
0.3274854 -0.127877 0.8256048
0.4444444 -0.07338785 0.6685749
0.3567251 -0.1696805 0.8471638
0.5497076 0.01270326 0.522519
0.2748538 -0.3172872 1.201359
0.7076023 0.05592331 0.246819
0.3333333 -0.1835151 0.8170819
0.502924 -0.2735409 0.7544131
0.4736842 -0.2826458 0.8439434
0.5672515 -0.1589638 0.6184405
0.5789474 -0.315794 0.7628506
0.4561404 -0.1746618 0.7366129
0.5321637 -0.2812897 0.820575
0.625731 -0.2195671 0.6833012
0.2631579 -0.4339119 0.9834874
0.4035088 -0.217587 0.841964
0.2748538 0.01593035 0.7061844
0.4853801 0.02471779 0.3801155
0.4152047 -0.1328335 0.6332078
0.3918129 -0.09285661 0.6117126
0.3859649 -0.2374313 0.9123175
0.3859649 -0.09281116 0.6659668
0.3450292 -0.1684209 0.7794247
0.2222222 -0.2590278 1.180921
0.2690058 -0.1682235 0.9496786
0.3450292 -0.07302811 0.6147904
0.374269 -0.118333 0.6488951
0.4502924 -0.2354377 0.7914592
0.3391813 -0.1921037 0.8918723
0.245614 -0.4148274 1.423256
0.5087719 -0.2499884 0.688928
0.374269 -0.2757767 0.9363822
0.3216374 -0.2124162 0.9708074
