15-15_threshold_0.3
model:model<- ergm(g~kstar(2)+triangle,constraints=~edges)

Healthy
0.7777778 -0.9613272 1.358679
0.5204678 -0.2220021 0.7185153
0.4619883 -0.2291466 0.8089044
0.4093567 -0.267228 0.8583262
0.5087719 -0.09433836 0.6145356
0.380117 -0.3184184 0.9744362
0.6432749 -0.4211278 0.8455116
0.4912281 -0.07753686 0.2553522
0.4269006 -0.3582812 0.9049104
0.7134503 -0.04587764 0.4745063
0.4619883 -0.3318072 0.8672278
0.374269 0.0008582918 0.6884946
0.5847953 -0.06192959 0.5578691
0.3450292 -0.3111927 1.038822
0.8596491 -0.4972085 0.8571572
Disease
0.3450292 -0.3034692 0.9854207
0.6491228 -0.1222037 0.5557277
0.5497076 -0.1880368 0.6830939
0.374269 -0.3974205 0.9912066
0.5497076 -0.1869205 0.6824507
0.374269 -0.3974777 0.9915725
0.3625731 -0.2214292 0.8104311
0.2807018 -0.1590269 0.9716666
0.4678363 -0.1581081 0.7787356
0.502924 -0.2980982 0.8224428
0.3099415 -0.1977832 0.9269996
0.5789474 -0.3172391 0.7714837
0.5321637 -0.1375092 0.7739369
0.5847953 -0.2703092 0.8194719
0.5730994 -0.3695989 0.8089337
