0.4736842 -0.2530517 0.8004028
0.4093567 -0.1482894 0.7409631
0.4327485 -0.177507 0.6551314
0.3391813 -0.2367038 0.8597206
0.3625731 -0.2108905 0.8972184
0.3157895 -0.2129619 0.9734198
0.2748538 -0.4074907 1.337943
0.2982456 -0.2969369 1.141515
0.4327485 -0.2234881 0.806392
0.502924 -0.2443378 0.7228382
0.3918129 -0.2324266 0.8442811
0.5555556 -0.3570957 0.8192941
0.4152047 -0.03484186 0.5263042
0.2982456 0.204737 -0.01532559
0.374269 0.01602502 0.5096209
0.3157895 -0.2010658 0.8771213
0.3450292 -0.09439095 0.778004
0.1988304 -0.1711509 0.9448223
0.3157895 -0.3034408 1.12419
0.3040936 -0.1272895 0.8220409
0.4093567 -0.117169 0.6199179
0.5438596 -0.27258 0.7481462
0.3918129 -0.09633814 0.7073813
0.3625731 -0.1706368 0.8236454
0.3333333 -0.2135888 0.9474517
0.3859649 -0.285534 0.9572484
0.2748538 -0.06276256 0.7900745
0.4035088 -0.2031659 0.7505545
0.4035088 -0.2284978 0.8382145
0.3391813 -0.1083193 0.7227263
0.4853801 -0.2159526 0.7491396
0.3450292 -0.09838736 0.697544
0.4385965 -0.254205 0.8197627
0.251462 -0.224676 1.125473
0.4269006 -0.1153847 0.6755606
0.2280702 -0.1867145 1.081051
0.2690058 -0.3270884 1.285538
0.5321637 -0.1133547 0.5835985
0.2397661 -0.4033486 1.407994
0.3274854 -0.1682629 0.8878065
0.3157895 -0.2680239 1.048777
0.5555556 -0.1823619 0.6057221
0.3040936 -0.3252333 1.193395
0.2923977 -0.3323137 1.172531
0.1988304 -0.09432771 1.090324
0.4502924 -0.3044187 0.8466525
0.3099415 -0.1982593 0.8406234
0.3157895 -0.1759586 0.8980262
0.2748538 -0.3577462 1.228021
0.1988304 0.03577172 0.7789068
0.2339181 -0.2673769 1.261201
0.3508772 -0.2666254 0.9019174
0.4210526 -0.2527931 0.8330162
0.3216374 -0.07072034 0.7310417
0.4619883 -0.1335895 0.6717212
0.3040936 -0.2147984 0.9858705
0.3450292 -0.3276851 1.039507
0.2046784 -0.292857 1.4402
0.2280702 -0.1212901 0.893246
0.2046784 -0.5662238 1.580438
0.3099415 -0.3247987 1.137415
0.4561404 -0.2730769 0.8251603
0.3508772 -0.0893723 0.6754368
0.2982456 -0.1750675 0.953359
0.2690058 -0.07853533 0.8056919
0.1812865 -0.4613015 1.779541
0.2573099 -0.2386682 1.080569
0.1988304 -0.09216494 1.072567
0.2690058 -0.093686 0.8374214
0.2865497 -0.08910452 0.6652905
0.2690058 -0.06279299 0.8226752
0.4619883 -0.3594208 0.8790613
0.3450292 -0.3883586 0.7441881
0.245614 -0.1641964 1.056694
0.4444444 -0.1083704 0.6477434
0.4035088 -0.2349723 0.8680192
0.3450292 -0.1973095 0.9353955
0.4385965 -0.08792288 0.5925358
0.2573099 -0.1514468 0.9193959
0.2865497 -0.2106292 1.059449
0.4561404 -0.3107931 0.8942869
0.2807018 -0.4389332 1.37424
0.2923977 -0.214234 1.001722
0.2982456 -0.2713632 1.071325
0.2865497 -0.196285 0.9623273
0.1988304 -0.2678207 1.396544
0.4385965 -0.1710666 0.7473359
0.4385965 -0.214649 0.7319244
0.6725146 -0.07453118 0.4272911
0.5204678 -0.2042109 0.7159286
0.5789474 0.2269841 0.2609773
0.6023392 -0.144473 0.5813662
0.4269006 -0.2972391 0.8948061
0.3684211 -0.1027241 0.7031429
0.4035088 -0.2011738 0.7816167
0.7251462 -0.1073997 0.5470657
0.2046784 -0.09880656 1.056562
0.3567251 0.05697506 0.2228092
0.1929825 -0.2355147 1.217483
0.4561404 -0.1839121 0.7279206
0.3040936 -0.0806494 0.7445971
0.502924 -0.1927496 0.7039066
0.4736842 -0.04442207 0.4130297
0.3391813 -0.1918288 0.9173689
0.5614035 -0.4046576 0.8380735
0.245614 -0.165766 1.140465
0.380117 -0.1990189 0.8588776
0.3859649 -0.05831609 0.6611427
0.2748538 -0.2333442 1.025156
0.3333333 -0.1245168 0.7970202
0.5730994 -0.1892804 0.6444619
0.502924 -0.1316945 0.5865873
0.2573099 -0.109412 0.7929832
0.4678363 -0.2809423 0.809614
0.4678363 -0.3068339 0.8522235
0.6374269 -0.2144408 0.6893349
0.4093567 -0.008279661 0.5382209
0.4561404 -0.06527873 0.6045989
0.3040936 -0.2111339 1.014648
0.3333333 -0.1205916 0.6529119
0.2280702 -0.2247613 1.166641
0.3684211 -0.1053412 0.7406709
0.3157895 -0.1349655 0.8161582
0.2865497 -0.1188722 0.8641659
0.5204678 -0.1080057 0.5255762
0.6783626 -0.1967506 0.6289927
0.3391813 -0.1614731 0.8101385
0.374269 -0.1670694 0.7460652
0.2982456 -0.02515228 0.693914
0.4093567 -0.1211835 0.7346573
0.502924 -0.4460886 1.315161
0.4035088 -0.1281732 0.6925161
0.3333333 -0.2204871 0.9210375
0.4093567 -0.1972307 0.65969
0.4269006 -0.2100234 0.7981428
0.4327485 -0.03291645 0.5734998
0.2631579 -0.08390044 0.7164284
0.502924 -0.1667931 0.6932341
0.4678363 -0.02313931 0.5865117
0.5146199 -0.05528073 0.5566534
0.4210526 -0.1682297 0.7596181
0.625731 -0.05649589 0.4730947
0.5555556 -0.2529244 0.7474929
0.5672515 -0.0310521 0.439259
0.6491228 -0.1531492 0.5757154
0.6608187 -0.12054 0.5061542
0.4385965 -0.1168297 0.6542383
0.5321637 -0.2823447 0.7023956
0.5906433 -0.1663136 0.5986396
0.7192982 0.09427681 0.1682631
0.5321637 -0.2795314 0.7765767
0.4152047 -0.1404672 0.7401841
0.380117 -0.2551357 0.9245992
0.6900585 -0.2330918 0.6560291
0.2748538 -0.1327593 0.9482827
0.4385965 -0.1213036 0.7092469
0.2982456 -0.1986225 0.8800635
0.5321637 -0.2478881 0.6972751
0.3918129 -0.06240532 0.6119126
0.619883 -0.2500423 0.683176
0.6315789 0.08982878 0.2939623
0.4269006 -0.2409972 0.846928
0.4152047 -0.1689735 0.7222206
0.5789474 -0.2303902 0.7041209
0.5497076 -0.1633171 0.6293681
0.8947368 1.195047 -0.6805054
0.3508772 -0.206157 0.8916111
0.3157895 -0.4080606 1.225999
0.5087719 -0.1583038 0.6822768
0.3216374 -0.1256518 0.8281467
0.3099415 -0.2529768 1.027114
0.245614 -0.3354749 0.9803238
0.3450292 -0.3273609 1.041055
0.1929825 -0.2723739 0.8819614
0.6432749 -0.05042568 0.4886056
0.1578947 -0.2193855 1.059992
0.2982456 -0.1763557 0.8231992
0.374269 -0.2877789 1.00762
0.3976608 0.01196173 0.5262142
0.2280702 -0.1373182 0.6610427
0.3684211 -0.1699128 0.7347698
0.1929825 -0.6290413 1.928901
0.3391813 -0.3443289 1.014903
0.1871345 -0.05373402 0.9053766
0.3976608 -0.02667247 0.5513261
0.3508772 -0.072374 0.5595833
0.2280702 -0.3328205 1.359495
0.4385965 -0.5066826 1.090419
0.3216374 -0.3376894 1.107074
0.5263158 -0.1820337 0.6341633
0.4152047 -0.2351514 0.8618462
0.3625731 -0.0276804 0.5744549
0.5146199 -0.218327 0.771585
0.4444444 -0.2056618 0.8119366
0.2631579 -0.3050354 1.220307
0.3567251 -0.1542682 0.784247
0.2865497 -0.09763844 0.8194755
0.2748538 -0.2883876 1.134791
0.4327485 -0.2686489 0.8302348
0.3567251 -0.1475911 0.717308
0.2923977 -0.1556673 0.7474904
0.3391813 -0.1902325 0.9115934
0.4210526 -0.1728523 0.7776484
0.2105263 -0.2794525 1.297509
0.2631579 -0.2150027 0.9491642
0.2397661 -0.1933217 1.113014
0.4327485 0.02074893 0.4430892
0.3391813 -0.1857434 0.7745182
0.2339181 0.003672689 0.5094863
0.3274854 -0.04947637 0.6106766
0.2748538 -0.323677 1.188017
0.2982456 -0.211644 1.008642
0.251462 -0.3238673 1.307023
0.2748538 -0.2743652 1.185455
0.497076 -0.06785109 0.5569225
0.502924 -0.280546 0.8080184
0.1812865 -0.3671078 1.673426
0.4093567 -0.1484431 0.774225
0.4619883 -0.3016913 0.8229162
0.5204678 -0.1708101 0.6754351
0.5789474 -0.181809 0.6532138
0.251462 -0.2410013 1.017593
0.4736842 -0.1392724 0.7002888
0.2222222 -0.3045697 1.104502
0.1988304 -0.3240128 1.509858
0.2807018 -0.1913263 0.9410765
0.2923977 -0.03375729 0.5803028
0.4035088 -0.2861536 0.9238816
0.4502924 -0.1901095 0.7341317
0.5146199 -0.1924749 0.718898
0.2865497 -0.2129557 0.9422933
0.502924 -0.2534951 0.7680365
0.5555556 -0.2508308 0.7250103
0.5438596 -0.001320518 0.4235455
0.3391813 -0.1708808 0.8752678
0.2865497 -0.1034561 0.7333517
0.5730994 -0.2400856 0.7013597
0.4327485 -0.07639314 0.5997182
0.2397661 -0.4975188 1.067199
0.3099415 -0.2342964 0.9346028
0.2573099 0.05104873 0.2326376
0.5263158 -0.1269358 0.6707328
0.3508772 -0.2857365 0.9270274
0.4502924 0.02395961 0.4749593
0.5146199 -0.2931314 0.8133349
0.5321637 -0.1331693 0.6136713
0.5789474 -0.1938161 0.6639391
0.4152047 -0.07694739 0.6962391
0.2923977 -0.1600952 0.8740419
0.3567251 -0.2130014 0.9327979
0.3157895 -0.257325 1.048026
0.5263158 -0.04437375 0.47855
0.5672515 -0.1944915 0.6691457
0.5438596 -0.2928553 0.7786438
0.5087719 -0.1104863 0.5927361
0.2807018 -0.0811578 0.7963988
0.4093567 -0.1401034 0.7513142
0.3684211 0.01148373 0.5665372
0.2163743 -0.08458482 0.8600957
0.3625731 -0.1232537 0.7482783
0.3333333 -0.08948839 0.7617315
0.7192982 -0.1003119 0.5384986
0.3099415 -0.2670571 1.04889
0.3508772 -0.2539295 0.9453718
0.2163743 -0.4837297 1.650837
0.4912281 -0.05239242 0.5537261
0.3333333 -0.1761579 0.9269945
0.2982456 -0.1511401 0.914823
0.4385965 -0.3011692 0.8991977
0.6432749 -0.374229 0.7837083
0.7660819 0.1165399 0.2165293
0.3157895 -0.1456794 0.8271042
0.4678363 -0.1443926 0.6929413
0.2807018 -0.1367645 0.6823275
0.2807018 -0.4752537 1.253553
0.5380117 -0.1966823 0.686048
0.4619883 -0.2317727 0.7922016
0.2807018 -0.3132867 1.040145
0.1403509 -0.5033901 2.195704
0.3625731 -0.2212574 0.8884241
0.6666667 -0.2315729 0.6715834
0.380117 -0.02839113 0.5137147
0.3099415 -0.2235666 1.012456
0.2222222 -0.1023557 1.03126
0.3918129 -0.2423055 0.8923945
0.380117 -0.1072773 0.7449385
0.4385965 -0.04742669 0.5755553
0.4210526 -0.1002677 0.6770792
0.6374269 -0.1237448 0.5664773
0.5087719 -0.1210861 0.6241161
0.2923977 -0.2812199 0.9857104
0.5730994 -0.05969638 0.5191308
0.3508772 -0.2557643 0.9673414
0.3391813 -0.2236033 0.8815141
0.3567251 -0.2752772 0.9418417
0.380117 -0.2240456 0.8992387
0.5321637 -0.3710202 0.8433945
0.5321637 -0.1343515 0.6053417
0.7192982 -0.1607274 0.5820986
0.2631579 -0.09450987 0.9374844
0.2865497 -0.1163092 0.8128601
0.1988304 -0.1912521 1.161524
0.5847953 -0.07217056 0.4687558
0.3684211 -0.3126993 0.9411482
0.4093567 -0.2233936 0.8285812
0.3333333 -0.05796918 0.7327662
0.6491228 -0.4183498 0.8418795
0.1812865 -0.02567651 1.024049
0.3216374 -0.1140245 0.7852854
0.2339181 -0.2304092 1.080871
0.3274854 -0.2846232 0.8909455
0.2339181 -0.2892046 1.289265
0.2222222 -0.1452008 1.084046
0.2865497 0.03846939 0.3931621
0.2690058 -0.3374788 1.302242
0.5964912 -0.1175455 0.5624739
0.2631579 -0.1701604 1.001191
0.5789474 -0.1909051 0.6075684
0.251462 -0.3931668 1.337159
0.4035088 -0.2052961 0.8290913
0.5146199 -0.1557331 0.4862942
0.2982456 -0.2596644 0.9960758
0.2690058 -0.2774406 1.146623
0.3625731 -0.3727612 0.9321489
0.5438596 -0.01395248 0.4144004
0.4853801 -0.02325457 0.496615
0.3040936 -0.1365966 0.7384457
0.374269 -0.1740262 0.8652614
0.4269006 -0.2946244 0.8077161
0.2631579 -0.1959633 1.030962
0.3684211 -0.2714573 0.9494509
0.5438596 -0.1580875 0.6586958
0.2690058 -0.3331166 1.222535
0.2982456 -0.5143027 1.269216
0.2573099 -0.2323519 1.097157
0.2982456 -0.07337465 0.6833489
0.2163743 -0.2375582 0.9464089
0.2631579 -0.3250426 1.264764
0.3450292 -0.05412416 0.4992353
0.3099415 -0.2641667 1.04235
0.3274854 -0.1589338 0.7038281
0.3684211 -0.1524431 0.7596416
0.2690058 -0.384089 1.150047
0.1929825 0.05209766 0.1315872
0.5146199 -0.09565976 0.6189397
0.5380117 -0.2706972 0.705002
0.2923977 -0.2413915 1.016013
0.5087719 -0.1230305 0.6062339
0.3157895 -0.2459606 0.9577464
0.5146199 -0.04247559 0.512646
0.2690058 -0.5640693 1.426558
0.5146199 -0.2946769 0.7551944
0.6725146 -0.1719736 0.6035444
0.3976608 -0.1184161 0.7014623
0.502924 -0.1369095 0.6832952
0.2690058 -0.2888687 1.123172
0.4152047 -0.0560623 0.5527755
0.625731 -0.2555395 0.7015217
0.380117 -0.1842662 0.8463115
0.625731 -0.3009616 0.7301815
0.251462 -0.2065785 1.108785
0.3216374 -0.05369668 0.7509592
0.251462 -0.1057166 0.9349501
0.251462 -0.1350712 0.8206745
0.251462 -0.2138937 1.10583
0.4327485 -0.1129383 0.6618577
0.4210526 -0.2510133 0.7295538
0.2807018 -0.0007166548 0.430777
0.2690058 -0.03368233 0.6032755
0.4619883 -0.1946383 0.7679057
0.3976608 -0.1466217 0.6539588
0.3508772 -0.1924292 0.8666571
0.4327485 -0.2222719 0.7727066
0.6666667 -0.3263032 0.7408087
0.2923977 -0.2210126 0.8885829
0.3918129 -0.2599038 0.8837877
0.3099415 -0.3540131 1.187335
0.3099415 -0.2490465 1.040032
0.245614 -0.2833513 1.216992
