0.3567251 -0.1997062 0.8586495
0.5438596 -0.2074325 0.6987981
0.3859649 -0.2092818 0.8589533
0.2923977 -0.307929 1.093349
0.3976608 -0.1997018 0.841239
0.3157895 -0.2953552 0.9485961
0.2397661 -0.4336147 1.320753
0.4502924 -0.1470059 0.7337907
0.2163743 -0.4946206 0.8808762
0.4093567 -0.3511192 0.9507761
0.2982456 -0.302124 1.071722
0.4210526 -0.2130065 0.8279027
0.4678363 -0.05956809 0.5769459
0.3450292 -0.1325797 0.80701
0.1988304 -0.3682112 1.409463
0.3274854 -0.2060006 0.9063156
0.3216374 0.0431313 0.4677678
0.4035088 -0.1750588 0.7939587
0.2397661 -0.1190322 0.8373613
0.4269006 -0.2505331 0.8697026
0.2397661 -0.176594 1.120881
0.2631579 -0.1963475 1.021408
0.502924 -0.2801068 0.8192607
0.3274854 -0.1389424 0.738047
0.2923977 -0.009151897 0.662994
0.3684211 -0.1583644 0.8243133
0.5672515 0.009371893 0.453544
0.3157895 -0.3026593 1.077552
0.6491228 -0.1576098 0.6018413
0.2923977 -0.4100062 1.211265
0.4502924 -0.03800965 0.5515585
0.502924 -0.2331283 0.7690197
0.4093567 -0.1532082 0.775081
0.2631579 -0.2637487 1.219657
0.6140351 -0.1417747 0.5679628
0.245614 -0.2077583 1.154562
0.5614035 -0.2419316 0.7502546
0.2397661 -0.3614624 0.8653669
0.3976608 -0.1024956 0.5688659
0.2923977 -0.2514803 1.084815
0.3976608 -0.2695324 0.9533878
0.2748538 -0.1260629 0.8553167
0.4502924 -0.2644104 0.8286807
0.4444444 -0.2197834 0.774014
0.3333333 -0.2788503 1.025854
0.2865497 -0.1401011 0.5362155
0.1929825 -0.8213919 1.864766
0.2163743 -0.1345846 0.9326319
0.2865497 -0.3422627 1.181478
0.2222222 -0.2922455 1.14904
0.3684211 -0.183333 0.8224009
0.3333333 -0.1264763 0.7625219
0.2923977 -0.3016759 1.056667
0.2748538 -0.3128327 1.15633
0.3508772 -0.09286819 0.7239195
0.2573099 -0.1606293 0.9769275
0.374269 -0.22742 0.8378864
0.380117 -0.2069797 0.829389
0.4210526 -0.1474409 0.7656512
0.4912281 -0.2886738 0.8214054
0.3625731 -0.2368154 0.9185799
0.4035088 -0.2716495 0.9237676
0.5263158 -0.1496504 0.6349563
0.4619883 -0.1863823 0.7487445
0.2631579 -0.2982981 1.20914
0.6081871 -0.2718782 0.7476853
0.497076 -0.3092471 0.8478548
0.4561404 -0.2705336 0.8267233
0.4152047 -0.07685868 0.6538716
0.502924 -0.3853928 0.8407176
0.380117 -0.3134516 0.9474227
0.5146199 -0.1270967 0.6831991
0.2982456 -0.2397247 1.01423
0.5497076 -0.07247766 0.5657499
0.4152047 -0.1263985 0.6904074
0.2631579 -0.3451445 1.194596
0.2807018 -0.1506546 0.9081987
0.2807018 -0.5484884 1.503946
0.6432749 -0.4804434 0.869075
0.3918129 -0.08493926 0.5940474
0.5087719 -0.1606698 0.7115974
0.4795322 -0.1726513 0.7349035
0.6432749 -0.133897 0.6045522
0.2631579 -0.2339503 1.122967
0.380117 -0.2186281 0.8458668
0.4327485 -0.1497454 0.749298
0.3157895 -0.2100384 0.8550811
0.2163743 -0.8259006 1.560617
0.4385965 -0.2548217 0.8455087
0.2807018 -0.2995429 1.158499
0.3274854 -0.09185372 0.6095002
0.4152047 -0.1092103 0.6410828
0.2573099 -0.3270778 1.275666
0.2631579 -0.2226436 1.131547
0.2163743 -0.1981204 1.150819
0.4678363 -0.3171338 0.8550823
0.4678363 -0.08159394 0.579425
0.3684211 -0.2981321 0.9908508
0.3859649 -0.268463 0.9174566
0.5847953 -0.3632323 0.8149257
0.5438596 -0.3675212 0.8283634
0.3216374 -0.2028345 0.9858578
0.5087719 -0.260356 0.7616494
0.2807018 -0.3320742 1.182862
0.245614 -0.1220143 0.9412173
0.2982456 -0.1068808 0.8595262
0.3976608 -0.135684 0.718297
0.3216374 -0.2099579 0.95488
0.2982456 -0.2135794 0.9717074
0.3040936 -0.2493967 1.059679
0.4795322 -0.0317983 0.5387105
0.4035088 -0.1765023 0.7790771
0.6432749 -0.1836007 0.544608
0.2105263 -0.3046977 1.417359
0.4561404 -0.2626725 0.8268283
0.4035088 -0.2137425 0.8469801
0.4912281 -0.1990869 0.7358856
0.5263158 -0.1465367 0.6612269
0.3508772 -0.3266775 1.082923
0.3391813 -0.2988463 0.9379122
0.5380117 -0.2598749 0.7588115
0.5087719 -0.2126904 0.7309089
0.5672515 0.02310172 0.3779397
0.380117 -0.2009533 0.8524908
0.4152047 -0.2901402 0.8787216
0.4210526 -0.1848806 0.7799179
0.2631579 -0.1620125 1.026189
0.5672515 -0.161528 0.62776
0.2573099 0.04186335 0.7112075
0.3508772 -0.06406038 0.7390696
0.3099415 -0.3031882 0.9891809
0.374269 -0.3316938 0.9669122
0.245614 -0.1742488 1.016486
0.2807018 -0.05846637 0.7536344
0.3918129 -0.01571018 0.450929
0.4502924 -0.2982002 0.8763123
0.5789474 -0.1063663 0.5613808
0.3099415 -0.2612576 1.095322
0.2923977 -0.3669556 1.14831
0.380117 -0.2549447 0.9331302
0.2280702 -0.2710243 1.272497
