0.3918129 -0.09346154 0.6711746
0.3391813 -0.1383745 0.7481777
0.3976608 -0.2255173 0.8180188
0.619883 -0.04931113 0.4776706
0.3450292 -0.2193784 0.9216792
0.3040936 -0.2927184 1.055815
0.3274854 -0.1339987 0.7595073
0.5321637 -0.2128262 0.7000025
0.4444444 -0.08794292 0.6512862
0.2222222 -0.1400284 0.8237318
0.4678363 -0.1486598 0.704086
0.5087719 -0.1753841 0.7514263
0.2163743 -0.4577131 1.587076
0.5263158 -0.2097569 0.770089
0.380117 -0.164318 0.8104617
0.4269006 -0.2357897 0.8440472
0.1461988 -0.1127926 1.088604
0.1812865 -0.327399 1.409653
0.5263158 -0.2689861 0.7421948
0.2631579 -0.2329684 1.085666
0.4444444 -0.2807618 0.7691167
0.2807018 -0.150585 0.7103695
0.5146199 0.006452013 0.47098
0.251462 -0.2783413 1.194549
0.4561404 -0.2158789 0.8303838
0.3684211 -0.1505929 0.7912334
0.2397661 -0.2001641 1.085161
0.3099415 -0.07307491 0.7571641
0.2397661 -0.2510401 1.17564
0.251462 -0.2896768 1.246453
0.380117 -0.2811417 0.866929
0.4561404 -0.2757063 0.8074254
0.2573099 -0.2317432 1.118869
0.502924 -0.06007543 0.5791995
0.2807018 -0.07071256 0.8633333
0.4561404 -0.2432907 0.8168084
0.3216374 -0.07522775 0.7832915
0.2280702 -0.508075 1.452755
0.2163743 -0.2369219 1.170071
0.2865497 -0.1152298 0.6719442
0.1812865 -0.6043372 0.8764808
0.1988304 -0.2598587 1.344562
0.4035088 -0.1347192 0.7002491
0.4736842 -0.1988039 0.7471266
0.3040936 -0.2561417 1.057826
0.3391813 -0.1944878 0.8809093
0.3216374 -0.2908036 1.041759
0.4502924 -0.2140428 0.7910827
0.2397661 -0.1501299 1.022873
0.3274854 -0.3830536 1.029797
0.4269006 -0.183181 0.7978071
0.3333333 -0.3745279 1.013278
0.2690058 -0.366745 1.213032
0.3918129 -0.2033201 0.7851462
0.251462 -0.255984 1.041307
0.4385965 -0.2167182 0.7606704
0.4561404 -0.06181906 0.5334319
0.4093567 -0.2442915 0.8819419
0.3157895 -0.08606781 0.5418417
0.2339181 -0.2760712 1.074353
0.3274854 -0.1914097 0.4462547
0.1695906 -0.08445941 0.3321745
0.2573099 -0.1038633 0.5611021
0.3040936 -0.02342506 0.7140453
0.2748538 -0.08830972 0.7532259
0.3450292 -0.08079098 0.7328687
0.2982456 -0.2801871 1.029156
0.1578947 -0.3714753 0.752871
0.1871345 -0.2856352 0.8673298
0.2280702 -0.1265353 0.9982416
0.2105263 -0.04872254 0.2990473
0.2690058 -0.2004769 1.017633
0.2397661 -0.2529389 1.119157
0.2280702 -0.1564333 0.9653945
0.1637427 0.08136449 0.4262784
0.2690058 -0.1949721 0.9852929
0.245614 -0.332236 1.319602
0.3391813 -0.2241361 0.8803232
0.2339181 -0.2759449 1.160538
0.4619883 -0.03894192 0.5914725
0.3684211 -0.1654569 0.7848563
0.380117 -0.1279392 0.7113269
0.2631579 -0.25615 0.7242752
0.3859649 -0.1716076 0.7851876
0.2748538 0.08688808 0.3085271
0.2573099 -0.002578285 0.6257761
0.3216374 -0.3354587 1.079948
0.1695906 -0.3173003 1.134149
0.3918129 -0.1756079 0.7922433
0.3508772 -0.2473144 0.947284
0.5321637 -0.1944333 0.7243924
0.2280702 -0.250538 1.001146
0.2573099 -0.135139 0.9429297
0.4502924 -0.1576484 0.7011316
0.5672515 -0.4006459 0.8488615
0.1754386 -0.042019 0.3406171
0.3333333 -0.1122887 0.6061803
0.3391813 -0.004848257 0.5160352
0.2807018 -0.3030276 1.233944
0.3274854 -0.1476765 0.8072747
0.374269 -0.157873 0.7464989
0.3684211 -0.02881722 0.6173938
0.380117 -0.2325988 0.880194
0.1988304 -1.016223 1.500768
0.2982456 -0.1605997 0.8262099
0.2982456 -0.08549528 0.7274652
0.4795322 -0.2581165 0.8033297
0.1871345 -0.2047137 0.8959808
0.380117 -0.2150384 0.8102337
0.3274854 -0.315127 1.011004
0.2923977 -0.1973577 0.9567002
0.2923977 -0.1150004 0.6690211
0.3684211 -0.3133754 0.9769929
0.4444444 -0.02713548 0.5238257
0.2807018 -0.237237 1.097145
0.4619883 -0.1292177 0.6861065
0.2573099 -0.2379416 0.9046681
0.4678363 -0.1121658 0.6669717
0.1988304 -0.2893858 1.413546
0.2339181 -0.2480774 1.258891
0.3508772 -0.1923342 0.8085127
0.3567251 -0.1052982 0.7566821
0.3391813 -0.2106283 0.9087202
0.2222222 -0.06030861 0.7832382
0.2163743 -0.139758 1.076634
0.3040936 -0.1526453 0.7295628
0.4269006 -0.1533904 0.7654805
0.245614 -0.06949541 0.6708991
0.251462 -0.08319498 0.8234083
0.4035088 -0.272196 0.9477849
0.3333333 -0.151827 0.8422003
0.5672515 -0.2945951 0.7819655
0.2046784 -0.4694373 1.349166
0.2807018 -0.3495479 1.180321
0.4269006 -0.160688 0.7496054
0.2631579 -0.4755199 0.9359225
0.3625731 -0.1958799 0.853301
0.2690058 -0.06346026 0.8200684
0.2573099 -0.1711891 1.008226
0.3391813 0.003511506 0.5381779
0.4912281 -0.167275 0.6920896
0.3274854 -0.1285097 0.8422365
0.2923977 -0.1775318 0.9593816
0.2631579 -0.103316 0.843354
0.2982456 -0.2502535 1.044452
0.4210526 -0.2157944 0.8192183
0.2982456 -0.09686489 0.8112733
0.3684211 -0.3392216 1.036981
0.4327485 -0.1138654 0.6778694
0.2748538 -0.1926895 0.9010496
0.4093567 -0.1989399 0.8166821
0.2573099 -0.2351588 1.137122
0.3391813 -0.1490712 0.7679251
0.2982456 -0.2520359 0.9729579
0.3099415 -0.2244125 0.8033285
0.1812865 -0.3063955 0.8443147
0.2690058 -0.2527097 1.120877
0.2339181 -0.2799357 1.216602
0.3274854 -0.2874032 1.041456
0.1578947 -0.4664932 1.726354
0.4502924 -0.2154232 0.8158961
0.2280702 -0.2703159 1.326727
0.380117 -0.05296588 0.6860952
0.3684211 -0.2546816 0.9110957
0.374269 -0.2032063 0.881215
0.3625731 -0.2080051 0.8688699
0.4152047 -0.1278362 0.7068007
0.7192982 -0.2491018 0.6617737
0.3040936 -0.2214792 0.9983762
0.3567251 -0.107477 0.7946556
0.2573099 -0.3045741 1.194709
0.2982456 -0.2228197 1.047178
0.3040936 -0.1714196 0.9477249
0.2105263 -0.3345006 1.31462
0.4619883 -0.1984016 0.6939509
0.2748538 -0.1124549 0.8493816
0.2573099 -0.1188175 0.9978519
0.5672515 -0.0541515 0.528915
0.2397661 -0.290656 1.238892
0.4678363 0.1582628 0.3547094
0.4210526 -0.2337094 0.8404065
0.2690058 -0.1492998 0.9966623
0.3508772 -0.1739478 0.8508237
0.4269006 -0.1089233 0.6576666
0.2865497 -0.3214469 1.145186
0.3684211 -0.2754783 0.6763268
0.3508772 -0.1628803 0.8105529
0.3567251 -0.2732395 0.8593547
0.2807018 -0.2872872 1.133827
0.3684211 -0.217551 0.9484098
0.3391813 -0.08568009 0.724345
0.5555556 -0.07284139 0.5748783
0.4210526 -0.2769024 0.9035052
0.2982456 -0.1112117 0.7137277
0.2865497 -0.116108 0.799112
0.374269 -0.2400673 0.7891531
0.4736842 -0.2271035 0.7788991
