0.3859649 -0.08246435 0.6705341
0.3976608 -0.2496926 0.8360762
0.4795322 -0.2283162 0.7763811
0.4093567 -0.1560259 0.7782204
0.4795322 -0.266529 0.8014793
0.5555556 -0.05967773 0.542097
0.2222222 -0.1947411 1.030823
0.2865497 -0.2009018 0.8638129
0.2397661 -0.2475327 1.207882
0.2807018 -0.2219609 0.967732
0.2923977 -0.4002171 0.9402472
0.374269 -0.2743831 0.9481212
0.1988304 -0.09327984 1.115789
0.5789474 -0.2123725 0.7175239
0.2690058 -0.190298 1.073828
0.5146199 -0.1314547 0.6696117
0.3567251 -0.3008443 1.006878
0.3625731 -0.2322959 0.9374909
0.2748538 -0.2071815 1.062752
0.1754386 -0.3392244 1.341299
0.2573099 -0.08715116 0.5780188
0.497076 -0.242877 0.715687
0.3450292 -0.2859998 1.053825
0.6023392 -0.2488416 0.7511496
0.2631579 -0.1535163 0.9586962
0.2807018 -0.1359509 0.7654731
0.2573099 -0.1379579 0.9368094
0.3099415 -0.2746845 0.9681686
0.2339181 -0.05554056 0.9580783
0.3157895 -0.2157469 0.9707341
0.5263158 -0.210411 0.6677709
0.4093567 -0.2679394 0.8802416
0.3391813 -0.2830794 1.023411
0.3684211 -0.2497031 0.920722
0.4327485 -0.2667772 0.8562077
0.3508772 -0.2431308 0.9434216
0.4561404 -0.1916933 0.7007209
0.4152047 -0.112661 0.6996813
0.4444444 -0.1268533 0.6196333
0.2865497 -0.2017136 0.5854019
0.2923977 -0.1136926 0.7091753
0.3333333 -0.046835 0.7315895
0.3450292 -0.09658803 0.7221024
0.3333333 -0.3419515 0.9810937
0.2690058 0.005624459 0.5394201
0.4678363 -0.3165483 0.8201698
0.3099415 -0.1832372 0.8322874
0.2573099 -0.8880479 1.297511
0.3391813 -0.2354499 0.86992
0.3040936 -0.06473219 0.7278782
0.3859649 -0.2361299 0.9221413
0.2339181 -0.2410373 1.21969
0.2807018 -0.2312667 1.034597
0.2748538 -0.1864789 0.9554714
0.5087719 -0.3138163 0.8139712
0.7894737 0.4547211 -0.1359563
0.5789474 -0.2291943 0.7016967
0.5614035 -0.2203549 0.7149139
0.6023392 0.0154165 0.432422
0.4327485 -0.2428618 0.8446345
0.2222222 -0.3191301 1.403928
0.3450292 -0.3484982 1.074036
0.4912281 -0.1230251 0.6586728
0.3450292 -0.2119707 0.9442294
0.2397661 -0.1214541 0.9351709
0.3918129 -0.2355897 0.8252549
0.2982456 -0.2520113 1.062908
0.2923977 -0.2205912 1.002047
0.4502924 -0.2674236 0.840336
0.4093567 -0.2253178 0.8070619
0.3859649 -0.1999905 0.7838451
0.2865497 -0.2069019 1.036788
0.4385965 -0.294891 0.8855719
0.3918129 -0.1924874 0.8612336
0.380117 -0.2189031 0.8911207
0.3040936 -0.3574183 1.170442
0.6725146 -0.2185778 0.6225226
0.4269006 -0.232734 0.8416771
0.6432749 -0.2911417 0.7317092
0.3274854 -0.3076997 1.003047
0.2631579 -0.4936202 1.403055
0.3216374 -0.2458003 0.9301909
0.3391813 -0.4016159 1.104668
0.3450292 -0.2407148 0.9749456
0.3333333 -0.2181054 0.8672885
0.2690058 -0.04467174 0.8152101
0.3450292 -0.09602134 0.7795683
0.2923977 -0.1670019 0.9912636
0.4035088 -0.1733349 0.7821713
0.2923977 -0.1427255 0.9152998
0.4678363 -0.2819119 0.8522544
0.4853801 -0.1670157 0.6967052
0.4035088 -0.1600551 0.7495139
0.3157895 -0.2022643 0.9081857
0.3859649 -0.1603465 0.8295253
0.5321637 -0.1345065 0.6683801
0.4678363 -0.2786637 0.8166698
0.2397661 -0.3695741 1.410803
0.2631579 -0.2901667 1.140331
0.3625731 -0.1907447 0.7944827
0.5146199 -0.2563272 0.7816721
0.2807018 -0.388922 1.280298
0.3918129 -0.3298267 0.9415777
0.2982456 -0.2075791 0.9962367
0.4093567 -0.3334189 0.9431212
0.1578947 -0.3283382 0.9971724
0.3508772 -0.2551961 1.000178
0.2865497 -0.2751071 1.142245
0.3976608 -0.1828455 0.7956609
0.4678363 -0.1512445 0.5962019
0.2222222 -0.3181568 1.301616
0.4502924 -0.2360849 0.8354309
0.5730994 -0.1768961 0.6528503
0.3684211 -0.3117571 0.9702504
0.2397661 -0.289765 1.1539
0.3859649 -0.2164862 0.842147
0.3099415 -0.3213723 1.107991
0.2982456 -0.357739 1.202086
0.3157895 -0.08626252 0.6479785
0.3040936 -0.2902577 1.104946
0.2631579 -0.2051354 1.089241
0.3099415 -0.2289693 0.9625223
0.3040936 -0.1978056 0.9567921
0.2748538 -0.2765239 1.144582
0.3508772 -0.07327082 0.7114704
0.3684211 -0.2572168 0.9784321
0.3216374 -0.3003444 1.093106
0.3684211 -0.3363164 0.8860503
0.1929825 -0.1387251 1.198347
0.1754386 -0.1328394 0.7021605
0.374269 -0.2419352 0.8345228
0.2982456 -0.181712 0.9274102
0.2923977 -0.2869505 1.124689
0.2631579 -0.288371 1.210572
0.2748538 -0.2278138 0.98725
0.4035088 -0.2637957 0.8454064
0.374269 -0.2997007 0.990304
0.2807018 -0.209245 1.036413
0.4912281 -0.2043241 0.7107804
0.3976608 -0.02561462 0.4101845
0.2982456 -0.1258931 0.8911231
0.2222222 -0.1027036 1.034417
0.3216374 -0.4281758 1.053413
0.3157895 -0.3004439 1.089622
0.3976608 -0.2849596 0.912931
0.3508772 -0.1657986 0.8281421
0.2573099 -0.08791636 0.8374727
0.2923977 -0.04887169 0.7067988
0.3625731 -0.2035577 0.846313
0.2865497 -0.3036299 1.144268
0.2748538 -0.2294331 0.9881837
0.2865497 -0.3151637 1.165838
0.3333333 -0.1344539 0.8007351
0.3976608 -0.2259725 0.8396544
0.4210526 -0.2520161 0.8649644
0.4912281 -0.2667125 0.7854644
0.4210526 -0.1924796 0.791237
0.6959064 0.3067101 0.1569743
0.3625731 -0.1718157 0.8342883
