0.245614 -0.5133232 1.129169
0.2222222 -0.2845335 0.9108831
0.3216374 -0.2370701 1.013362
0.4853801 -0.3097593 0.7914543
0.5204678 -0.1824143 0.6472764
0.4444444 -0.1818148 0.7344395
0.6023392 -0.294522 0.7710271
0.1637427 -0.8364562 1.719759
0.3333333 -0.2473857 0.8763305
0.245614 -0.05712069 0.8475808
0.2339181 -0.261965 1.209813
0.2690058 -0.1616344 0.8496312
0.3216374 -0.2661136 0.9864512
0.2748538 -0.2882662 1.116618
0.3157895 -0.3340759 1.058965
0.4327485 -0.294403 0.8918949
0.3918129 -0.2738284 0.8500239
0.2631579 -0.3175286 1.216043
0.3333333 -0.4317617 1.043421
0.3391813 -0.1264346 0.7818159
0.245614 0.1279123 0.03786042
0.2748538 -0.3151398 1.176042
0.2631579 -0.09050642 0.8193843
0.245614 -0.2128297 1.080764
0.2631579 -0.1513894 0.9374988
0.3976608 -0.2444952 0.8804171
0.3157895 -0.3438905 1.115306
0.3859649 -0.2955955 0.9204434
0.2573099 -0.2285219 1.123743
0.2807018 -0.1013825 0.8496303
0.3333333 -0.2356482 0.933312
0.3099415 -0.1924867 0.9522696
0.380117 -0.2260852 0.890814
0.2748538 -0.356908 1.089754
0.2865497 -0.3438125 1.116401
0.3216374 -0.3265551 1.117863
0.251462 -0.2701424 1.065605
0.4736842 -0.2996332 0.853292
0.2163743 -0.2802705 1.432755
0.5380117 -0.3478727 0.8335039
0.2397661 -0.4130463 1.264347
0.251462 -0.3538213 1.212402
0.2923977 -0.2377972 1.016033
0.251462 -0.3842279 1.173046
0.2105263 -0.508232 1.62102
0.3216374 -0.2117746 0.9347771
0.2163743 -0.2408297 1.30372
0.2807018 -0.2199874 1.038055
0.2923977 -0.2558934 1.027034
0.380117 -0.06100641 0.6762553
0.2046784 -0.8756212 1.184186
0.2631579 -0.2276758 1.143801
0.2807018 -0.429437 0.9344433
0.3157895 -0.179885 0.7636484
0.4327485 -0.1694691 0.7662589
0.4678363 -0.1950067 0.7129831
0.3274854 -0.256201 1.011246
0.4210526 -0.1834618 0.5711231
0.3216374 -0.2034367 0.9439557
0.3508772 -0.3406774 1.013258
0.3216374 -0.235291 0.9639659
0.3157895 -0.2561568 1.053024
0.1929825 -0.2920752 1.483159
0.2573099 -0.300855 1.13869
0.3157895 -0.1798701 0.9326291
0.3040936 -0.05242956 0.4281801
0.4152047 -0.1821188 0.7613596
0.3567251 -0.08527094 0.7737232
0.2865497 -0.3076958 1.143573
0.3391813 -0.1807922 0.843632
0.2807018 -0.3126345 1.106691
0.245614 -0.5055091 1.529209
0.5146199 0.01107012 0.4206609
0.3391813 -0.3315004 1.063531
0.3391813 -0.1734543 0.7532373
0.3099415 -0.192854 0.8617603
0.2105263 -0.4609148 1.601488
0.2163743 -0.08766825 0.9023274
0.1754386 -0.3588953 1.225307
0.3508772 -0.1893191 0.8635359
0.3976608 -0.2055142 0.840365
0.2807018 -0.2308927 1.092506
0.3333333 -0.2476459 0.8486638
0.3333333 -0.3571992 1.101808
0.3684211 -0.08655291 0.7104694
0.2163743 -0.4308737 1.191794
0.3040936 -0.211359 0.9909108
0.502924 -0.3073206 0.8081635
0.380117 -0.15441 0.8072933
0.2280702 -0.2566971 1.297288
0.3274854 -0.2751451 0.9309339
0.2163743 -0.4751113 1.607895
0.3625731 -0.1569788 0.8393259
0.3274854 -0.3099804 1.067055
0.2339181 -0.3492616 1.296677
0.3567251 -0.2207777 0.8980749
0.3040936 -0.2390792 0.9401238
0.2748538 -0.06282081 0.7146083
0.2748538 -0.2325635 0.8896748
0.5204678 -0.2115716 0.7194689
0.3625731 -0.2506999 0.9633626
0.4561404 -0.2617734 0.8391496
0.4795322 -0.186257 0.7146209
0.2690058 -0.4845217 1.286683
0.2163743 -0.3905971 1.43427
0.4619883 -0.2559611 0.8008891
0.2280702 -0.1849176 1.074472
0.2865497 -0.3191326 1.198983
0.2807018 -0.252782 1.057751
0.1871345 -0.5982375 1.827425
0.3274854 -0.09844454 0.7376771
0.1929825 -0.06916267 0.8732486
0.3274854 -0.3463656 1.080083
0.3157895 -0.3506074 1.114348
0.3859649 -0.2033245 0.8147149
0.3274854 -0.2803539 1.036919
0.3391813 -0.3615496 1.01594
0.3157895 -0.03720202 0.6641982
0.2280702 -0.2319104 1.137121
0.374269 -0.2133789 0.8442801
0.3157895 -0.204679 0.9538985
0.2807018 -0.2524678 1.055603
0.1520468 -0.09172872 1.064197
0.2046784 -0.04808685 0.8282715
0.2865497 -0.4439244 1.242733
0.3157895 -0.3242344 1.096135
0.4561404 -0.165636 0.7102456
0.2865497 -0.2619451 0.6693177
0.2280702 -0.2421379 1.236697
0.4093567 -0.3564774 0.8567073
0.2748538 -0.223341 0.9319934
0.2982456 -0.2418199 1.040352
0.2690058 -0.458465 1.210829
0.2222222 -0.296948 1.306546
0.3157895 0.03240165 0.5281171
0.3157895 -0.1529114 0.9548792
0.2280702 -0.3130507 1.09416
0.4678363 -0.1672047 0.7146405
0.2397661 -0.1967998 1.106131
0.2923977 -0.370227 1.17721
0.3450292 -0.2977778 0.9351127
0.2807018 -0.2289478 0.9967557
0.3099415 -0.2530783 0.8971245
0.3391813 -0.3019052 1.056261
0.2163743 -0.04328553 0.8301891
0.3157895 -0.2873689 1.017933
0.3099415 -0.1996205 0.8484627
0.3508772 -0.1552251 0.817313
0.2690058 -0.1666121 1.016619
0.2631579 -0.5175171 1.202586
0.245614 -0.2611771 1.130273
0.3333333 -0.299532 1.071049
0.3391813 -0.325388 1.094023
0.2163743 -0.5066207 1.520868
0.251462 -0.2741145 1.164074
0.2339181 -0.07245689 0.5214112
0.4619883 -0.2565417 0.7896195
0.2807018 -0.09057903 0.8196502
0.4736842 -0.148056 0.7206474
0.2748538 -0.2626557 1.102357
0.3391813 -0.09032287 0.7992339
0.2397661 -0.2278062 1.199024
0.2631579 -0.02860962 0.618496
0.251462 -0.469921 1.284167
0.2748538 -0.373781 1.191109
0.3567251 -0.1902548 0.751029
0.3216374 -0.3001569 1.040131
0.4327485 -0.2648938 0.8826985
0.3567251 -0.3069794 0.9916696
0.2982456 -0.2600524 1.038984
0.4210526 -0.2629342 0.7931124
0.2982456 -0.1542452 0.9348262
0.3157895 -0.1894039 0.9088028
0.4210526 -0.2475213 0.8525636
0.1929825 -0.1708099 0.9503007
0.1929825 -0.08992628 0.9200687
0.2046784 -0.5192754 1.702299
0.2923977 -0.1346061 0.8829546
0.3333333 -0.1960198 0.9058678
0.245614 -0.2922206 1.253995
0.1812865 -0.3987429 1.579877
0.2163743 -0.2070078 1.030038
0.3450292 -0.3280813 1.065443
0.2807018 -0.2973989 1.135559
0.374269 -0.1837802 0.839146
0.3333333 -0.2203928 0.9005251
0.2573099 -0.2627505 1.172787
0.3099415 -0.1877768 0.9442044
0.3567251 -0.1379166 0.8243889
0.245614 -0.2676585 1.009339
0.3391813 -0.2139863 0.9441897
0.3099415 -0.3215398 1.163975
0.2807018 -0.1346319 0.8037312
0.4152047 -0.1812651 0.7860769
0.2631579 -0.2193442 1.093324
0.2631579 -0.1576912 0.8406465
0.251462 -0.2716222 1.196523
0.251462 -0.1508369 1.041771
0.2046784 -0.1879813 1.229164
0.3333333 -0.2684371 0.9853812
0.251462 -0.2709048 1.173077
0.3859649 -0.1045249 0.6443489
0.3918129 -0.2506591 0.847669
0.3099415 -0.2859698 1.09952
0.3157895 -0.2915308 1.038247
0.3450292 -0.1460645 0.8589089
0.3099415 -0.2483437 0.9762685
0.3040936 -0.1382423 0.87335
0.4619883 -0.1996847 0.7523609
0.3684211 -0.04951956 0.6902718
0.4444444 -0.1756301 0.7712095
