0.1812865 -0.4361481 1.739765
0.502924 -0.1905658 0.7834643
0.3508772 -0.1032744 0.7635148
0.2923977 -0.04073715 0.1582378
0.4853801 -0.16503 0.6934146
0.1988304 -0.1549728 1.122544
0.2163743 -0.1344947 1.109964
0.3567251 -0.2431699 0.9552509
0.2339181 -0.1610787 1.062287
0.5906433 -0.1068613 0.5969011
0.1754386 -0.03004778 1.126258
0.3976608 -0.007833363 0.6376146
0.3274854 -0.01720723 0.6320315
0.2631579 -0.1232928 0.957529
0.3216374 -0.2339913 0.9863827
0.502924 -0.08905501 0.6224392
0.4093567 -0.02391171 0.5957326
0.245614 -0.388727 1.444389
0.2923977 -0.1689838 0.9692107
0.245614 -0.120218 1.024591
0.3684211 -0.2685587 0.9692114
0.380117 -0.1057358 0.7627135
0.2807018 -0.1250257 0.9481179
0.4502924 -0.09115564 0.6666659
0.3450292 -0.1883645 0.91511
0.4502924 0.04055465 0.4842558
0.2982456 -0.1862664 0.9966347
0.4385965 -0.2194035 0.8199998
0.3684211 -0.1702786 0.8410903
0.5555556 -0.2313116 0.7702289
0.4327485 -0.07443886 0.7306029
0.4795322 -0.1327402 0.7469703
0.5964912 -0.819448 -1.542978
0.2748538 -0.1249674 0.9285903
0.245614 -0.2541212 1.272147
0.1812865 -0.3161755 1.553192
0.3450292 -0.1765986 0.9123018
0.3157895 -0.1456202 0.8915903
0.5380117 -0.06283354 0.5898897
0.7134503 -0.01022535 0.3844434
0.2631579 -0.216549 1.157324
0.4853801 -0.1001851 0.5796626
0.4678363 -0.2652555 0.8221397
0.3976608 0.03586654 0.5037408
0.2690058 -0.3093873 1.216573
0.3391813 -0.2945856 1.051119
0.4853801 -0.05553342 0.62857
0.4093567 -0.1819938 0.752979
0.3274854 -0.02922 0.6477316
0.5204678 -0.2043944 0.7161705
0.4385965 0.0734734 0.514834
0.3508772 0.01883437 0.6402352
0.3976608 -0.1826322 0.8206843
0.3567251 -0.06409375 0.6980141
0.3567251 -0.2608279 0.9797064
0.1461988 -0.3689122 1.853742
0.3450292 -0.1094169 0.8203095
0.4385965 0.05186748 0.4691125
0.1754386 -0.08969203 1.146457
0.3567251 -0.271734 0.9900084
0.6315789 -0.2341618 0.7392216
0.2807018 -0.2548965 1.082726
0.2631579 -0.2423675 1.168294
0.3859649 -0.03437966 0.6626481
0.3099415 -0.1597938 0.9402102
0.5555556 -0.09454787 0.5702421
0.5263158 -0.05817509 0.6362167
0.4502924 -0.1605759 0.7369806
0.2280702 -0.2624335 1.309831
0.1871345 -0.6340776 1.903093
0.3567251 -0.1823185 0.9062506
0.4035088 -0.08872492 0.6865215
0.4619883 -0.04285275 0.6244807
0.2339181 -0.2551884 1.149563
0.251462 -0.3322941 1.322202
0.2573099 -0.1987419 1.108403
0.3099415 -0.0207055 0.7425301
0.1578947 -0.3609696 1.818229
0.4269006 0.03937339 0.5411729
0.5730994 0.03665157 0.4424233
0.3333333 -0.1742352 0.9093947
0.2397661 -0.3590004 1.454588
0.4444444 -0.1844084 0.795475
0.4619883 -0.2516736 0.8611496
0.3625731 -0.1250822 0.8216838
0.4678363 -0.242022 0.8499261
0.3508772 -0.2262184 0.9810445
0.2163743 -0.1919128 1.199008
0.1812865 -0.3114901 1.4936
0.245614 -0.06759281 0.8171498
0.380117 -0.143017 0.7827485
0.122807 -0.1409762 1.627304
0.1929825 -0.1592509 1.290007
0.4678363 -0.1302977 0.6739548
0.251462 -0.2039981 1.02638
0.4561404 -0.1577267 0.690978
0.4269006 -0.1467986 0.7370779
0.3216374 -0.2040265 0.9077697
0.4269006 -0.2049237 0.8068506
0.4619883 0.04958736 0.430751
0.4035088 -0.1958126 0.8233212
0.2573099 -0.4634893 1.533888
0.2339181 -0.3155314 1.314875
0.2222222 -0.1238626 1.132832
0.4152047 0.02751912 0.5720453
0.2280702 -0.1892364 1.177464
0.2807018 -0.1644438 0.9869761
0.1520468 -0.2463247 1.69848
0.1695906 -0.4196654 1.835441
0.2163743 -0.4143217 1.597867
0.245614 -0.5456858 1.657287
0.4152047 -0.08167631 0.6846674
0.3625731 -0.1894274 0.8692817
0.4327485 -0.1449816 0.7191677
0.5204678 -0.007580556 0.5417968
0.5438596 -0.193651 0.7729611
0.2690058 -0.02713875 0.8416076
0.1988304 -0.3646629 1.617011
0.1578947 0.0023107 0.9761815
0.3567251 -0.1507582 0.868597
0.1637427 -0.357334 1.645349
0.2222222 -0.1832737 1.222538
0.6140351 -1.629201 5.055275
0.3157895 -0.126017 0.843623
0.1812865 -0.4340221 1.894121
0.2923977 -0.09222379 0.9163221
0.3976608 -0.1227694 0.7475969
0.4269006 -0.1780511 0.7634794
0.2982456 0.01439419 0.686227
0.2748538 -0.2142293 1.127797
0.4093567 -0.1061672 0.756385
0.2982456 -0.2149392 1.04908
0.3976608 -0.1681944 0.7974018
0.2222222 -0.4919219 1.757069
0.3625731 -0.2444394 0.9608765
0.2105263 -0.07389462 1.028896
0.3918129 -0.07367769 0.6726571
0.3157895 -0.2332981 0.962426
0.3216374 -0.2134424 0.9962975
0.1929825 -0.3255895 1.612879
0.6081871 -0.1443226 0.6666844
0.3567251 -0.2550094 0.9898897
0.4736842 -0.02190961 0.6064763
0.2573099 -0.1093871 1.009524
0.2748538 -0.1114866 0.9285683
0.2807018 -0.2219235 1.006952
0.4678363 -0.1834703 0.7857794
0.3976608 -0.1670881 0.8136737
0.4152047 -0.1705476 0.8587397
0.1812865 -0.3471327 1.585624
0.1988304 -0.1156153 1.00094
0.1520468 -0.497569 2.022154
0.4795322 -0.0899948 0.6302481
0.1871345 -0.1734032 1.261544
0.3918129 -0.2235751 0.9031082
0.2982456 -0.183769 0.9208427
0.07602339 -1.11619 3.912507
0.3859649 -0.1764161 0.8486575
0.1871345 -0.1199471 1.509681
0.245614 -0.07746774 0.9330743
0.1403509 -0.3314234 1.743863
0.128655 -0.4457496 2.300918
0.3274854 -0.2578827 1.0654
0.4327485 -0.2089565 0.8409725
0.2748538 -0.3233889 1.244419
0.4269006 -0.2064057 0.8224092
0.4327485 -0.221784 0.8312784
0.2865497 -0.250258 1.125155
0.2339181 -0.3259543 1.404055
0.4385965 -0.04766421 0.6744181
0.4093567 0.1193025 0.4321196
0.3684211 -0.1990599 0.8743814
0.4385965 -0.07552527 0.6222789
0.3918129 -0.06202237 0.6634022
0.3157895 -0.2444226 1.036951
0.5497076 -0.1495858 0.6802542
0.1637427 -0.4115276 0.9431446
0.2397661 -0.2690917 1.191372
0.1929825 0.03801858 0.7449224
0.2923977 -0.2528206 1.122085
0.3099415 -0.2074762 1.035038
0.1988304 -0.330843 1.537891
0.2105263 -0.2260655 1.324466
0.4035088 -0.08289263 0.6787155
0.128655 -0.7051084 2.427691
0.2397661 -0.1805683 1.147288
0.4619883 -0.1891656 0.7760558
0.2690058 -0.1646336 1.050394
0.3918129 -0.138049 0.741931
0.4853801 -0.2454134 0.8593294
0.4093567 -0.2840121 0.9078073
0.5438596 -0.1541984 0.6663075
0.3333333 -0.2315325 0.9325376
0.1871345 -0.1919663 1.299439
0.2280702 -0.4807796 1.589138
0.2222222 -0.126755 0.9282488
0.4619883 -0.01002746 0.5870454
0.2865497 -0.1444808 0.9360394
0.2105263 -0.5444711 1.853898
0.4736842 -0.2037474 0.7558192
0.3976608 -0.2164435 0.889997
0.4561404 -0.06148995 0.6353902
0.245614 -0.2587989 1.233128
0.4035088 -0.227207 0.786825
0.1812865 -0.3248637 1.601427
0.1929825 -0.2535766 1.304454
0.3976608 -0.2379872 0.9035622
0.2046784 -0.3204784 1.467529
0.2397661 -0.4111294 1.503578
0.4444444 -0.249094 0.8479296
0.2807018 -0.2419996 1.084827
0.3625731 -0.134173 0.8103302
0.1988304 -0.01959974 0.9776641
0.3625731 -0.06087377 0.6974798
0.251462 -0.1121248 0.9957125
0.380117 -0.1513577 0.8175438
0.3216374 -0.2576055 1.025051
0.2748538 -0.1169147 0.9444325
0.2982456 -0.1848584 0.9437609
0.3099415 -0.4742726 1.255445
0.4912281 -0.102771 0.6405372
0.3040936 -0.2489374 1.076609
0.4385965 -0.04790611 0.587148
0.3333333 -0.1284696 0.8584707
0.3567251 0.1457502 0.4919329
0.1988304 -0.3630023 1.567424
0.3625731 -0.1932337 0.8632494
0.2690058 -0.3602616 1.326989
0.2046784 -0.3215236 1.439893
