0.4561404 -0.3343397 0.9157565
0.5672515 -0.03320577 0.482872
0.2105263 -0.1622587 1.10749
0.2046784 -0.5481303 1.411661
0.4795322 -0.2074543 0.7444194
0.3918129 -0.2012807 0.8182263
0.497076 -0.08803762 0.5165477
0.2631579 -0.218705 1.073306
0.6432749 -0.1024658 0.4828946
0.3450292 -0.1337159 0.8173266
0.2573099 -0.1416407 1.024077
0.3274854 -0.182561 0.9090268
0.502924 -0.2405897 0.7373489
0.5672515 -0.1615065 0.600891
0.3391813 -0.305481 1.057807
0.2631579 -0.1871616 0.8662503
0.2807018 0.008172286 0.5582045
0.3391813 -0.1803143 0.8388159
0.374269 -0.2327812 0.9078869
0.2631579 -0.2896265 1.220195
0.2280702 -0.2452759 1.250602
0.1929825 -0.2409849 1.161053
0.2222222 -0.2278206 1.124074
0.2865497 -0.2814027 1.07883
0.4795322 -0.2281811 0.7348388
0.2982456 0.001355972 0.5973965
0.2573099 -0.3071795 1.284761
0.1461988 -0.1549626 1.387141
0.2163743 -0.185575 1.103767
0.245614 -0.189959 1.028665
0.2631579 -0.2838476 1.143128
0.3333333 -0.2199236 0.9195887
0.3567251 -0.1386577 0.8054796
0.2690058 -0.2259805 1.050667
0.3859649 -0.2576407 0.8845275
0.4678363 -0.05859564 0.5959067
0.4502924 -0.08127421 0.6165498
0.3333333 -0.1350174 0.7815105
0.4853801 -0.2012447 0.7218296
0.5847953 -0.1590166 0.583891
0.5672515 -0.2254201 0.7261087
0.8070175 -0.3256974 0.7281797
0.3040936 -0.1118821 0.6914182
0.2865497 -0.236052 0.9815041
0.245614 -0.3146569 0.954927
0.3099415 -0.1749734 0.8930031
0.3333333 -0.188387 0.9195301
0.3450292 -0.1859278 0.821481
0.2807018 -0.276949 1.085008
0.2222222 -0.2482953 0.9456788
0.2982456 0.03332167 0.5890963
0.3684211 0.01134341 0.4535765
0.2397661 -0.4302458 1.405701
0.3684211 -0.2801408 0.7116922
0.2807018 -0.1980988 0.9853902
0.4093567 -0.08643107 0.6303301
0.2397661 -0.04270441 0.5513861
0.2865497 -0.2660836 1.164961
0.3684211 -0.1440193 0.7699034
0.3216374 -0.1191982 0.8067345
0.251462 -0.06964624 0.7937852
0.2690058 -0.2152677 0.5697408
0.2690058 0.03241705 0.4817087
0.4210526 -0.205004 0.7030834
0.2631579 -0.1142706 0.7786838
0.2631579 -0.2354057 0.822564
0.1871345 -0.08607129 0.8663882
0.2573099 -0.1638207 0.9258746
0.2982456 -0.1865563 0.9182022
0.2748538 -0.2127383 0.8871599
0.3099415 -0.3016713 0.9860097
0.3040936 -0.2297419 0.9256505
0.2339181 -0.1665478 0.925704
0.3918129 -0.1584121 0.7722509
0.4152047 -0.1638477 0.7557052
0.3859649 -0.2748236 0.8939589
0.2339181 -0.4725817 1.350019
0.3157895 -0.2497213 0.9364089
0.2807018 -0.2181064 0.9736707
0.3099415 -0.3082532 1.028725
0.374269 -0.2253655 0.8673668
0.2865497 -0.1958058 0.9493531
0.2807018 -0.2776904 1.015955
0.2631579 -0.2842967 1.114917
0.2865497 -0.2619424 0.9012943
0.3976608 -0.2131817 0.8299946
0.2923977 -0.4365893 1.23224
0.251462 -0.1334515 0.7800683
0.5789474 -0.2661479 0.7527409
0.4502924 -0.237368 0.7769209
0.251462 -0.6150093 1.212023
0.2982456 -0.268045 0.9762309
0.4035088 -0.2519632 0.8079079
0.3450292 -0.2438209 0.9504742
0.5380117 -0.3122162 0.8088242
0.3216374 -0.1736735 0.8979206
0.2690058 -0.1782359 1.051925
0.3625731 -0.2408878 0.9109127
0.2982456 -0.1628781 0.9283543
0.3684211 -0.2414226 0.863319
0.3450292 0.0009217012 0.3589496
0.4502924 -0.1090444 0.6357844
0.4093567 -0.1463995 0.6730379
0.3099415 -0.1206373 0.7650975
0.245614 -0.3280803 1.306494
0.5964912 -0.07417672 0.5161878
0.4678363 -0.2454773 0.809918
0.5847953 0.1245099 0.3285169
0.2690058 -0.05794924 0.7531961
0.374269 -0.2681693 0.9483111
0.1871345 -0.2053931 0.9031783
0.2807018 -0.3165177 1.173829
0.3157895 -0.2732086 0.9796905
0.3508772 -0.3164403 1.030666
0.5204678 -0.1597439 0.6686619
0.6783626 -0.2752633 0.6700021
0.5380117 -0.2633416 0.7396655
0.3157895 -0.227171 1.002288
0.5321637 -0.02038154 0.4897177
0.2163743 -0.2254543 0.8358921
0.2748538 -0.2799081 0.8734255
0.2046784 -0.008638902 0.8033073
0.497076 -0.2055976 0.7302244
0.2690058 -0.1579136 0.9799814
0.2865497 -0.3243352 1.11377
0.4035088 -0.1593024 0.7364029
0.502924 -0.1411062 0.6476999
0.4502924 -0.1048007 0.6379241
0.3625731 -0.2828235 0.9635298
0.2807018 -0.4712829 0.8977071
0.3274854 -0.3161723 1.01335
0.3508772 -0.2431359 0.9671609
0.3157895 -0.3584319 1.131846
0.3274854 -0.1833991 0.9264289
0.3508772 -0.2224139 0.8704138
0.3274854 -0.3012418 1.062013
0.2105263 -0.267403 1.247202
0.2865497 -0.1923435 0.9820445
0.2339181 -0.09683234 0.6930239
0.1578947 -0.1524967 1.089629
0.251462 -0.1235902 0.8901514
0.3508772 -0.1502695 0.7994415
0.3508772 -0.1235329 0.8150281
0.2573099 -0.1442388 0.9774693
0.3274854 -0.3004709 1.03021
0.1871345 -0.2078535 1.361542
0.3040936 -0.06024646 0.6569911
0.2222222 -0.234301 0.8444819
0.2923977 -0.2333567 0.8286744
0.245614 -0.3012144 1.194115
0.8304094 1.183453 -0.5794581
0.3157895 -0.2123527 0.8994308
0.3274854 -0.1724395 0.8008224
0.2748538 -0.1469679 0.9064713
0.2923977 -0.1526311 0.8048693
0.2631579 -0.409465 1.207602
0.3391813 0.0260105 0.4914801
0.2339181 -0.05680781 0.9140245
0.5087719 -0.1074499 0.6375836
0.2865497 -0.1745945 0.7874342
0.3567251 -0.2449978 0.9233572
0.6432749 -0.06954828 0.5169812
0.6959064 -0.1855726 0.6151031
0.5204678 -0.1397783 0.5843974
0.7426901 -0.1817852 0.6201735
0.3216374 -0.4073876 1.022766
0.3684211 -0.1458484 0.7956199
0.251462 -0.1549025 1.010864
0.6315789 -0.001842118 0.4384497
0.4210526 -0.2644869 0.8343936
0.2339181 -0.3400912 1.307857
0.4152047 -0.2470465 0.8569516
0.3859649 -0.08116133 0.6732838
0.2222222 -0.1140737 0.9561253
0.380117 -0.1955626 0.8184074
0.5730994 -0.2426326 0.7318258
0.3508772 -0.197825 0.8580125
0.3216374 -0.2279242 0.9899766
0.3976608 -0.2935151 0.9276812
0.245614 -0.1127805 0.627478
0.2807018 -0.2562742 1.118835
0.245614 -0.3236543 1.202354
0.2748538 -0.02149096 0.5039704
0.2105263 -0.2252483 1.293427
0.3333333 -0.2088515 0.9344463
0.2339181 -0.2399845 1.124959
0.2748538 -0.3768509 1.167798
0.3216374 -0.2229954 0.9578496
0.3508772 -0.3732664 1.052414
0.4795322 -0.2912843 0.8135479
0.2807018 -0.2867371 1.096842
0.380117 -0.3226721 0.976858
0.251462 -0.2513498 0.9568393
0.2923977 -0.2376296 1.039871
0.245614 -0.08115766 0.8897592
0.5730994 0.1402826 0.3299814
0.4210526 -0.08323541 0.5460414
0.3567251 -0.27598 0.8760892
0.2748538 -0.1361211 0.9040485
0.3567251 -0.05729257 0.6526043
0.4035088 -0.138038 0.7563644
0.2807018 -0.248014 0.4773692
0.3684211 -0.3399388 0.9923815
0.3099415 -0.232159 1.014776
0.619883 -0.08318079 0.5371014
0.4736842 -0.1859121 0.7409181
0.2865497 -0.07629398 0.75288
0.2748538 -0.1802162 1.018003
0.5380117 -0.2435722 0.7331325
0.2748538 -0.3306252 1.231336
0.5380117 -0.1965957 0.7289072
0.4912281 -0.179828 0.7293689
0.4152047 -0.1115238 0.6516416
0.2573099 -0.3090699 1.286639
0.245614 -0.09570042 0.9004718
0.4327485 0.05177134 0.3781627
0.3216374 -0.3275745 1.059654
0.3274854 -0.292751 0.9415253
0.3684211 -0.1729624 0.8008937
0.7251462 -0.426159 0.8372824
0.3508772 -0.1958602 0.8286151
0.3450292 -0.3203248 1.044915
0.6140351 -0.1368532 0.5674916
0.3567251 -0.1716991 0.7511726
0.2807018 0.02629938 0.3971269
0.2982456 -0.2990504 1.087283
0.3274854 -0.3736757 1.076018
0.2923977 -0.1361931 0.8762555
0.3508772 -0.3044174 1.043205
0.3333333 -0.1195525 0.664617
0.2339181 -0.3036959 1.272382
0.374269 -0.2367064 0.8552616
0.4853801 -0.004751697 0.4446674
