0.2105263 -0.06142692 0.6879108
0.3099415 -0.149183 0.864396
0.2046784 -0.2477878 1.245264
0.4678363 -0.141235 0.6685625
0.3333333 -0.1788506 0.826541
0.2397661 -0.08133689 0.683662
0.2397661 -0.05389457 0.3183285
0.2690058 -0.0764816 0.6722239
0.2163743 -0.02231827 0.01581949
0.2163743 -0.2387596 0.9496952
0.2573099 0.04231913 0.4341187
0.2339181 -0.1137482 0.6038279
0.3157895 -0.1037978 0.7460601
0.3216374 -0.06784185 0.7300097
0.2807018 -0.3468271 1.164919
0.3216374 -0.1385606 0.7122142
0.4795322 -0.1074635 0.6504114
0.2105263 -0.372217 1.44153
0.3040936 -0.1720523 0.822214
0.2222222 -0.05921071 0.5167632
0.5087719 -0.04238927 0.3462955
0.1695906 -0.3508203 1.461491
0.3157895 -0.2529329 1.007764
0.3684211 -0.2152509 0.8741453
0.3684211 -0.01926871 0.3493504
0.2865497 -0.2080061 0.8947607
0.2397661 -0.1487422 0.9273827
0.245614 -0.175285 1.018395
0.2397661 -0.310888 1.220083
0.1988304 0.08140691 0.6085406
0.1988304 -0.1328725 0.9954964
0.2222222 -0.01050481 0.5380281
0.3859649 -0.159365 0.698581
0.2865497 -0.1323197 0.8684291
0.4502924 -0.2113384 0.775385
0.3274854 -0.09188187 0.7871357
0.3274854 -0.3597942 1.139215
0.2807018 -0.1039912 0.5857517
0.2748538 -0.1861176 0.9588571
0.2280702 -0.2677848 1.303984
0.3508772 0.001201647 0.4785569
0.2573099 -0.2843663 0.9225306
0.3567251 -0.06864302 0.5980997
0.3157895 -0.1372668 0.8498591
0.2807018 -0.131874 0.9103288
0.3684211 -0.1679279 0.7415397
0.2631579 -0.2162636 0.9200286
0.3976608 -0.206256 0.8133066
0.2222222 -0.1817879 0.5528999
0.4035088 -0.1644896 0.7587804
0.2397661 -0.2382459 1.099237
0.3333333 -0.09101429 0.6466398
0.251462 -0.1347477 0.9419546
0.2163743 -0.2807178 1.360749
0.3918129 -0.2497875 0.9074736
0.4385965 -0.1901295 0.752378
0.2690058 -0.2532402 1.103954
0.3508772 -0.1495987 0.7975369
0.3040936 -0.06811597 0.7641563
0.4269006 -0.1335517 0.7452991
0.2105263 -0.2388382 1.107806
0.3157895 -0.1232367 0.7215971
0.2339181 -0.02200765 0.7497032
0.1988304 -0.09235365 1.13671
0.2923977 -0.192117 0.8632469
0.2865497 -0.1798071 0.8830112
0.4736842 -0.2093671 0.7338818
0.2690058 -0.1809823 1.003908
0.2631579 -0.1794254 1.065696
0.3450292 -0.2488298 0.9263369
0.4152047 -0.1226602 0.6854491
0.2573099 -0.2208193 0.8755505
0.1754386 -0.139218 1.072624
0.3216374 -0.1169804 0.6171865
0.2690058 -0.1055463 0.7774361
0.3040936 -0.3300812 1.031758
0.2573099 -0.4359827 0.8586952
0.2748538 -0.3293089 1.168947
0.6140351 -0.03036766 0.4388592
0.2163743 -0.1931807 0.8725305
0.2865497 -0.2365518 1.084127
0.2631579 0.05482317 0.3537552
0.251462 -0.2279613 1.155865
0.3333333 -0.2210439 0.9779838
0.2222222 -0.3820189 1.496758
0.2690058 -0.0892003 0.1463952
0.4093567 -0.1837412 0.8026038
0.3508772 -0.2373898 0.9497405
0.3918129 -0.1132553 0.7652446
0.3274854 -0.1080915 0.8402273
0.374269 -0.18227 0.9019098
0.2397661 0.01056562 0.8257872
0.3625731 -0.2093194 0.8723573
0.4152047 -0.2216921 0.8048399
0.245614 -0.2125365 1.163697
0.2163743 -0.181706 1.117392
0.5321637 -0.05970798 0.4901575
0.1988304 -0.4838051 1.7532
0.3040936 -0.08603314 0.8276047
0.3625731 -0.05147886 0.4689419
0.3859649 -0.1442212 0.7029211
0.2807018 -0.003240056 0.4649937
0.1929825 -0.3720446 1.580956
0.4853801 -0.02993795 0.5281493
0.251462 -0.1800161 1.047462
0.3684211 -0.2781295 0.9657663
0.2105263 -0.1931109 1.16887
0.2923977 -0.0491549 0.6446084
0.4736842 -0.2518578 0.8122965
0.3567251 -0.2792831 0.9579327
0.3684211 -0.09248988 0.6295273
0.4152047 -0.197359 0.8050213
0.3216374 -0.1481828 0.8631721
0.1988304 -0.3139281 1.432225
0.2865497 -0.2436971 1.083469
0.4444444 -0.2443278 0.8310261
0.3099415 -0.269335 0.9760726
0.2280702 -0.3183016 1.30673
0.2046784 -0.1823676 1.231333
0.3567251 -0.1756194 0.8385285
0.3333333 -0.1688192 0.8977774
0.2105263 -0.2323442 1.184944
0.2339181 -0.1702233 1.124509
0.251462 -0.2647068 1.177646
0.2982456 -0.08616839 0.6798775
0.1988304 -0.01488985 0.5220071
0.2923977 -0.3128687 0.9722953
0.251462 -0.1502145 0.9030898
0.2748538 -0.3299794 1.205586
0.1695906 0.06946603 0.3559314
0.2865497 -0.09000227 0.7088901
0.1812865 -0.1536978 1.014914
0.245614 -0.1502508 1.061316
0.3216374 -0.1793906 0.7518918
0.251462 -0.2392132 1.144462
0.2573099 0.01307135 0.5918332
0.251462 -0.1008312 0.6285701
0.2573099 -0.2043224 0.5241382
0.1929825 -0.07510038 0.9337857
0.3684211 -0.2122021 0.8609625
0.3391813 -0.3203791 1.043938
0.4152047 -0.1252191 0.6453291
0.1520468 -0.2183445 0.3442105
0.2222222 -0.1315201 1.01297
0.1871345 -0.1016704 0.8090717
0.2748538 -0.2806466 1.114457
0.3450292 -0.2165362 0.800478
0.380117 -0.2376687 0.9194649
0.2222222 0.05522456 0.5769831
0.2748538 -0.02661402 0.3291174
0.3157895 -0.1123029 0.8270606
0.3040936 -0.09779667 0.707288
0.3274854 -0.1305963 0.8500983
0.1812865 -0.3397698 1.604482
0.1812865 -0.3568218 1.455483
0.3508772 -0.1587148 0.8573983
0.2923977 -0.3425276 1.223494
0.3625731 0.01585776 0.512782
0.3391813 -0.2521662 0.9995557
0.3274854 -0.06108635 0.6818475
0.2690058 -0.1853235 0.9343853
0.3099415 -0.2411816 0.8830478
0.2046784 -0.2988518 1.44213
0.4736842 -0.2134931 0.6057704
0.4853801 -0.2835634 0.8108975
0.4561404 -0.1642608 0.6981734
0.245614 -0.2279838 1.164378
0.3099415 0.01124695 0.5934231
0.3216374 -0.2638917 0.9294738
0.2280702 -0.5797387 1.158659
0.3391813 -0.2488535 0.9720719
0.3918129 -0.05958914 0.4589865
0.3216374 -0.1819208 0.8661512
0.3567251 -0.2466544 0.8354392
0.5438596 -0.00789167 0.3746095
0.2397661 -0.2046713 1.058457
0.3040936 -0.1585683 0.663701
0.3099415 -0.1385664 0.8786236
0.1988304 0.08223222 0.6095443
0.3333333 -0.2769366 0.8697262
0.251462 -0.2924129 0.900752
0.4853801 -0.3007288 0.7995767
0.2690058 -0.07101821 0.3335681
0.3099415 -0.0202475 0.5981303
0.2690058 -0.2089132 0.9939103
0.1988304 -0.3739426 1.157304
0.3040936 -0.3620345 1.099274
0.1988304 -0.1506792 0.8110699
0.4444444 -0.2212069 0.8483361
0.2573099 -0.1525221 0.9190919
0.3040936 -0.2667365 1.017037
0.2280702 -0.02564449 0.5535509
0.2280702 -0.1389428 0.9287478
0.2631579 -0.05790166 0.6830804
0.2339181 -0.1109911 0.2216185
0.3450292 -0.01013285 0.5577264
0.2807018 -0.0022544 0.5637565
0.2982456 -0.1245363 0.8679764
0.4269006 -0.2539805 0.8540443
0.2631579 -0.0359944 0.6752622
0.2631579 -0.05111719 0.7380993
0.2807018 -0.04476484 0.6927916
0.251462 -0.347306 1.252755
0.4912281 -0.3042844 0.8518365
0.4093567 -0.04907871 0.5978068
0.2631579 -0.1757835 0.9821107
0.2105263 -0.1607924 0.8978028
0.3450292 -0.1885199 0.8966993
0.3918129 -0.08156457 0.6928041
0.4385965 -0.1771721 0.731045
0.3274854 -0.06939028 0.7212193
0.3976608 -0.06243528 0.6566576
0.625731 -0.08136193 0.5465373
0.2280702 -0.3919614 1.529595
0.5906433 -0.3904794 0.825836
0.4210526 -0.1975268 0.8286925
0.2690058 -0.2416402 1.110671
0.3508772 -0.146354 0.6996802
0.2923977 -0.09692385 0.7841836
0.2690058 -0.1332933 0.893804
0.4152047 -0.203571 0.8220131
0.2280702 -0.04775886 0.7863234
0.3040936 -0.1689519 0.8437954
0.3508772 0.07563847 0.4119224
0.4093567 -0.1409902 0.7448522
0.3567251 0.0227296 0.544742
0.3567251 -0.2350087 0.9654745
0.4210526 -0.16968 0.7793835
0.245614 -0.1005005 0.7384618
0.251462 -0.08281959 0.5410683
0.3099415 0.1383063 0.2760546
0.3216374 -0.2216582 0.961754
0.3274854 -0.06906462 0.7008964
0.245614 -0.3222082 1.197723
0.380117 -0.3473525 0.9175099
