0.2573099 -0.1518025 0.9971727
0.3508772 -0.4012463 1.063369
0.3391813 -0.326705 1.062687
0.245614 -0.3163922 1.217227
0.2982456 -0.2752216 1.089049
0.5847953 -0.08006851 0.5503581
0.3274854 -0.1202103 0.6303843
0.3859649 -0.09299462 0.6823523
0.2748538 -0.2077856 0.995157
0.2982456 -0.2065344 0.9525363
0.4853801 -0.203227 0.7583746
0.3567251 -0.2791256 0.9697498
0.5263158 -0.1381085 0.6002099
0.2339181 -0.2955295 1.295873
0.6081871 -0.1526996 0.583245
0.5321637 -0.0809364 0.5635886
0.4035088 -0.1570561 0.7907518
0.3567251 -0.2215362 0.8900121
0.3040936 -0.2555053 0.9797499
0.3274854 -0.1543965 0.913483
0.251462 -0.1446195 0.9850177
0.4736842 -0.1534366 0.6577065
0.1988304 -0.09898639 0.9675093
0.5789474 0.328654 0.1657637
0.4327485 -0.01540336 0.6031414
0.5789474 -0.03868564 0.4938261
0.5146199 -0.1208297 0.6390647
0.3391813 -0.2997067 1.075124
0.6081871 -0.1274926 0.6143618
0.619883 -0.02263804 0.5201578
0.7426901 0.2817867 0.103952
0.2631579 -0.2307754 1.15745
0.4912281 -0.1120624 0.6140028
0.4912281 -0.2573662 0.7796374
0.4444444 -0.0941328 0.6303102
0.1871345 -0.3614214 1.542657
0.3157895 -0.2049313 0.9738778
0.5204678 -0.01678719 0.5189469
0.4912281 -0.1788531 0.7469227
0.3567251 -0.1986912 0.8657928
0.3274854 -0.2407816 1.010615
0.4385965 -0.1680567 0.7226311
0.3918129 -0.2094503 0.8494395
0.3859649 -0.255868 0.8574847
0.4385965 -0.1435806 0.7075467
0.4912281 -0.1924623 0.6983296
0.4035088 -0.0463748 0.5984401
0.3859649 -0.05076667 0.6853652
0.4210526 -0.1450901 0.7480114
0.3859649 -0.2120473 0.8451384
0.5321637 -0.1874919 0.6566291
0.4502924 -0.2637854 0.8498257
0.4502924 -0.05476802 0.5922577
0.4561404 -0.2237122 0.8312868
0.4035088 -0.08910451 0.7019101
0.5672515 -0.2336443 0.694863
0.5672515 -0.2464279 0.7500266
0.2222222 -0.303759 1.35363
0.2807018 -0.279757 1.087746
0.4502924 -0.2187181 0.7804163
0.4385965 -0.09663026 0.6635032
0.4795322 -0.131717 0.7093346
0.6725146 -0.06633109 0.4953182
0.3157895 -0.3150575 1.126601
0.5789474 -0.05131227 0.4406661
0.2748538 -0.2758889 1.063432
0.5730994 -0.3159777 0.7788977
0.5146199 -0.1848544 0.6835711
0.5380117 -0.1941842 0.6766868
0.5847953 0.0162435 0.4061742
0.7894737 -0.606674 0.9390399
0.5672515 -0.1779181 0.691501
0.2923977 -0.1578299 0.7537005
0.5497076 -0.2521026 0.6620826
0.5497076 -0.1670543 0.6808437
0.625731 -0.2051382 0.6356033
0.3625731 -0.213514 0.9142803
0.6549708 -0.1874906 0.6738537
0.4795322 -0.1282954 0.6518406
0.5438596 -0.04021716 0.4786318
0.4853801 -0.105631 0.6235717
0.5087719 -0.1655554 0.6682977
0.4152047 -0.08439826 0.5965922
0.4385965 -0.2331232 0.7918931
0.4035088 -0.1559685 0.7408143
0.380117 -0.14184 0.7951486
0.3567251 -0.2226401 0.9204884
0.4444444 -0.05821285 0.6789407
0.5614035 -0.2825141 0.7540166
0.3274854 -0.2678776 0.995138
0.2573099 -0.2290258 0.5603079
0.380117 -0.1688182 0.8190728
0.4385965 -0.2215359 0.8030213
0.3567251 -0.1390824 0.8230433
0.380117 -0.1927229 0.837461
0.5087719 -0.01968637 0.5619795
0.4152047 -0.1293528 0.7316707
0.2982456 -0.04861032 0.6576189
0.3508772 -0.2495956 0.9542937
0.2807018 -0.07046081 0.7074346
0.3040936 -0.3302332 1.065016
0.5204678 -0.0622023 0.533528
0.2923977 -0.08606171 0.7035597
0.3625731 0.02948731 0.4256393
0.4736842 -0.4046482 0.8518144
0.5087719 -0.1453421 0.6758587
0.502924 -0.07731968 0.4854468
0.3040936 -0.2107817 0.9975233
0.5497076 -0.1645937 0.6430896
0.4269006 -0.2054249 0.8156779
0.6374269 -0.1798115 0.6496553
0.5321637 -0.177173 0.6820198
0.2923977 -0.1848298 0.9774605
0.1695906 -0.6078915 1.755504
0.4152047 -0.1192971 0.7064909
0.5380117 -0.1813975 0.6266604
0.5847953 -0.08578788 0.5336972
0.3508772 0.04419069 0.4947658
0.4502924 -0.2171423 0.7619597
0.1754386 -0.5819223 1.810483
0.4035088 -0.1526383 0.7623192
0.2748538 -0.1303846 0.9105811
0.2280702 -0.0188352 0.7226217
0.3450292 -0.1178137 0.7923728
0.497076 -0.0928945 0.6065105
0.4912281 -0.1736474 0.6808652
0.8187135 -0.4236997 0.8358751
0.2339181 -0.2776275 1.295662
0.2163743 -0.1518056 1.004419
