0.3508772 -0.2649338 0.9106255
0.6959064 -0.1487324 0.5229101
0.4385965 -0.1700844 0.5907199
0.2690058 -0.1132014 0.9701847
0.4678363 -0.1918039 0.713433
0.7134503 -0.1705681 0.5786196
0.6549708 0.01910077 0.354828
0.3625731 -0.2480808 0.9047951
0.5497076 -0.2172671 0.7097157
0.7017544 -0.03307317 0.4175437
0.3391813 0.04730185 0.5103459
0.5438596 -0.2569284 0.7397603
0.5087719 -0.03112717 0.4999077
0.3391813 -0.3295721 1.0414
0.374269 -0.1581942 0.8131185
0.5321637 -0.2264879 0.7329862
0.4502924 -0.2356717 0.7863144
0.2748538 -0.2412607 0.9362015
0.3216374 -0.2713866 0.9845463
0.3391813 -0.184587 0.8581387
0.6725146 -0.01475196 0.447841
0.374269 -0.249653 0.9330583
0.6374269 0.04990503 0.2682451
0.6666667 -0.2652573 0.6882452
0.2573099 -0.2652423 1.126961
0.1695906 -0.4539817 1.461644
0.3333333 -0.1161545 0.695866
0.4269006 -0.2253843 0.7568123
0.2280702 -0.1361461 0.9235155
0.5438596 -0.3443408 0.8393848
0.2982456 0.004162493 0.5508628
0.3567251 -0.3139259 0.9636885
0.4561404 -0.04351202 0.572905
0.5146199 0.02292204 0.4368324
0.3918129 -0.04326387 0.5772814
0.4561404 -0.1228265 0.6637242
0.4795322 -0.2619163 0.7263605
0.2923977 -0.2499891 1.106568
0.5263158 -0.2390469 0.7403924
0.380117 -0.109557 0.7181999
0.2982456 -0.2585228 0.9627729
0.5614035 -0.339441 0.7861675
0.5497076 -0.1831056 0.7006709
0.4152047 -0.03253503 0.6044119
0.3274854 -0.05713809 0.7811396
0.4502924 -0.04082052 0.4845538
0.5672515 -0.1476541 0.6158219
0.4327485 -0.2224716 0.7118038
0.3976608 -0.01104795 0.4696828
0.3918129 0.04985312 0.4439267
0.6900585 -0.5232636 0.9231072
0.6959064 -0.1419243 0.5448428
0.6725146 0.1072441 0.2877483
0.4327485 -0.1275372 0.5185715
0.2280702 -0.01303045 0.6818279
0.3859649 -0.05778425 0.6347771
0.380117 -0.1627054 0.8237601
0.4035088 -0.1066609 0.7058254
0.3450292 -0.2100345 0.8153193
0.374269 -0.2448256 0.9079764
0.3684211 -0.1525067 0.6412898
0.3040936 -0.1792446 0.9407355
0.2982456 -0.262243 1.063511
0.374269 -0.03350047 0.6163925
0.4444444 -0.097304 0.720841
0.3216374 -0.1648638 0.8822887
0.4327485 -0.09009118 0.5948532
0.3099415 -0.03609044 0.6801663
0.2807018 -0.08144013 0.7999119
0.1988304 -0.05487226 0.8193951
0.1812865 0.01171306 0.2863699
0.5204678 -0.1263243 0.6489
0.8070175 -0.2235086 0.5800205
0.5438596 -0.2258235 0.6961669
0.3684211 -0.1849716 0.8551989
0.2690058 -0.1626265 0.9679031
0.3333333 -0.2315246 0.9749615
0.4444444 -0.225405 0.7981122
0.245614 -0.173191 1.025989
0.1988304 -0.3301967 1.403573
0.7192982 -0.3917018 0.7964528
0.3333333 -0.2265395 0.8825964
0.2807018 -0.2457949 1.019612
0.3508772 -0.1976316 0.9025243
0.6315789 -0.2788597 0.673582
0.3508772 -0.1772985 0.8951006
0.3157895 -0.161985 0.8637043
0.5087719 -0.2518528 0.7759549
0.4269006 -0.2955796 0.7429942
0.2339181 -0.1830525 0.9589276
0.3391813 -0.1108514 0.7855024
0.3333333 -0.251055 0.975847
0.3274854 -0.07685328 0.6073305
0.3040936 -0.191088 0.8016865
0.4269006 -0.1860457 0.8039764
0.2105263 -0.3425925 1.481699
0.3976608 -0.08182831 0.5963448
0.2807018 -0.2532 1.122425
0.2865497 -0.02643522 0.7019988
0.2573099 0.06104141 0.524114
0.251462 -0.2206938 1.147259
0.3625731 -0.2693247 0.9849933
0.7134503 0.08291573 0.402985
0.8596491 -0.09264834 0.4640537
0.4093567 -0.241146 0.8219182
0.2982456 -0.1379972 0.7496538
0.2807018 -0.3169137 1.187112
0.1929825 -0.4403816 1.574606
0.4912281 -0.2143236 0.7399538
0.6140351 -0.1668821 0.5258582
0.2690058 -0.02748441 0.5408532
0.5263158 -0.2019999 0.707058
0.5321637 0.02181253 0.2206022
0.6315789 -0.1623159 0.6137553
0.3567251 -0.308324 1.006459
0.5146199 -0.08352453 0.5580678
0.6081871 -0.02603124 0.4123024
0.4093567 -0.1133141 0.6821097
0.4385965 -0.1406324 0.6725572
0.5555556 -0.2517279 0.6601176
0.5730994 -0.05700149 0.4205747
0.2690058 -0.2262919 0.9861502
0.3157895 -0.2812712 1.07316
0.5906433 -0.3550448 0.768689
0.4736842 -0.3024214 0.8129215
0.4093567 -0.1754292 0.7872078
0.2982456 -0.2791575 1.02604
0.5204678 -0.02414995 0.4684852
0.4561404 -0.1266967 0.7082369
0.5380117 -0.09252487 0.5746058
0.3216374 0.02420393 0.348415
0.4269006 -0.2284153 0.8318863
0.3274854 -0.0558675 0.7247505
0.3450292 -0.1446798 0.8198799
0.4561404 0.01960279 0.3169745
0.3976608 -0.1904442 0.7842047
0.3859649 -0.1424952 0.7142504
0.5555556 -0.005810599 0.4601594
0.3976608 -0.1264603 0.683602
0.2865497 -0.1958286 0.8955325
0.2105263 0.02616533 0.5379721
0.251462 -0.3309546 1.291265
0.2748538 -0.2920733 1.180702
