0.3216374 -0.08302019 0.6933308
0.2280702 -0.1727945 0.9675987
0.3508772 -0.2492416 0.8264175
0.3450292 -0.1270276 0.7307611
0.502924 -0.2129995 0.7481613
0.4853801 -0.2291446 0.7711779
0.3625731 -0.1647666 0.8167109
0.4444444 -0.2482169 0.8287529
0.3391813 -0.1233449 0.672911
0.2748538 -0.3871444 1.259467
0.2046784 -0.05570196 0.8792943
0.2748538 -0.1976526 1.00638
0.3274854 -0.08549808 0.6762586
0.2222222 -0.0888771 0.7657182
0.3508772 0.02178596 0.4003478
0.4035088 -0.2369149 0.8457774
0.3508772 -0.2893691 0.7103505
0.4853801 -0.1920202 0.7039822
0.2573099 -0.4073628 1.239801
0.2982456 -0.1491028 0.8040951
0.1871345 0.04475877 0.7523466
0.2923977 -0.2303602 1.016182
0.2222222 -0.09243325 0.9846139
0.2923977 -0.2796379 1.141323
0.2748538 -0.1433466 0.9683066
0.3391813 -0.06598678 0.6291363
0.2690058 -0.1647336 0.9977241
0.1929825 -0.1410057 1.170599
0.251462 0.04734213 0.3471439
0.2163743 -0.289194 1.330484
0.2105263 -0.4587703 1.320609
0.2222222 -0.277218 0.8012149
0.2923977 -0.1806516 0.6627164
0.4327485 -0.04331541 0.5616249
0.4210526 -0.2090325 0.812343
0.3625731 -0.2913103 0.9152226
0.2631579 -0.2903732 1.137363
0.3040936 -0.1755992 0.8759229
0.2163743 -0.2338157 1.198708
0.2748538 -0.2820763 1.052241
0.2690058 -0.1188908 0.7048357
0.251462 -0.2448084 1.080074
0.2397661 -0.2366901 1.096744
0.2280702 -0.5400401 1.478577
0.2105263 -0.2515285 1.310866
0.2748538 -0.1342777 0.9756028
0.4736842 -0.1860702 0.7702637
0.2222222 -0.2930272 1.013044
0.2339181 -0.1678367 0.83153
0.245614 -0.1109051 1.006509
0.2631579 -0.244113 1.089604
0.3450292 -0.2708556 0.9804579
0.5087719 -0.05585464 0.5334662
0.497076 -0.1368702 0.715707
0.2046784 -0.09674687 1.040334
0.3625731 -0.07442393 0.7240464
0.4736842 -0.1163798 0.6887781
0.3216374 -0.2736257 1.008036
0.4269006 -0.1311059 0.7147878
0.2163743 -0.5047371 1.518962
0.2339181 -0.2337656 1.157985
0.3216374 -0.1176049 0.8233995
0.1988304 -0.2546941 1.343048
0.2105263 -0.2623639 1.365009
0.1988304 -0.1914844 1.159129
0.2748538 -0.29986 1.158674
0.3216374 -0.2422652 1.020608
0.4385965 -0.3187411 0.8603068
0.3567251 -0.1290469 0.7327177
0.3099415 -0.2965504 1.096361
0.380117 -0.1097809 0.7076317
0.3567251 -0.155293 0.7999842
0.2807018 -0.2724663 1.031591
0.3450292 -0.1910838 0.8141434
0.2748538 -0.2401469 1.006091
0.3508772 -0.2785376 0.9892585
0.5964912 -0.2584074 0.7650501
0.3157895 -0.1395618 0.861314
0.3040936 -0.1385448 0.8967211
0.1988304 -0.1355625 1.080863
0.4152047 -0.1209528 0.7134444
0.3274854 -0.1849526 0.9325189
0.245614 -0.1314925 0.7182924
0.3450292 -0.04605921 0.6693923
0.2690058 -0.2900601 1.043693
0.4444444 -0.1677849 0.8181524
0.374269 -0.1729033 0.8312921
0.2573099 -0.1236764 0.9174023
0.3391813 -0.09483945 0.6504032
0.3567251 -0.02506622 0.6660983
0.4327485 -0.1341135 0.6933167
0.2339181 -0.5079645 1.322682
0.4269006 -0.1723176 0.7499319
0.3099415 -0.1866021 0.82397
0.3040936 -0.2197036 0.9078675
0.3976608 -0.2293611 0.7772034
0.4210526 -0.3192336 0.862666
0.4385965 -0.2732161 0.8981609
0.2280702 -0.1987902 1.099863
0.3508772 -0.2075207 0.8952532
0.3508772 -0.2115312 0.813592
0.5263158 -0.2861053 0.7990424
0.3099415 -0.1555558 0.8170543
0.4795322 -0.1890549 0.7239163
0.3859649 -0.1536273 0.7343218
0.2690058 -0.1046512 0.8742935
0.245614 -0.1062759 0.8604802
0.2397661 -0.2217822 1.094826
0.2982456 -0.1861646 0.9205777
0.2748538 -0.266458 1.130479
0.2631579 -0.2424645 1.126375
0.3157895 -0.1574928 0.6781061
0.1637427 -0.1882292 1.176771
0.6549708 0.0626894 0.3145908
0.3976608 -0.2908129 0.8995149
0.2046784 0.121922 0.5489488
0.3450292 -0.2426805 0.8562227
0.2631579 -0.07449176 0.7184631
0.2105263 -0.2151282 0.8216254
0.2923977 -0.3331086 1.075071
0.2339181 -0.2652045 1.001697
0.2807018 -0.2093615 0.9448742
0.3333333 -0.1237798 0.6442861
0.3684211 -0.2173213 0.7404726
0.3976608 -0.2210039 0.8484191
0.4152047 -0.2439494 0.8834052
0.3274854 -0.1631549 0.7709382
0.3450292 -0.1662737 0.798722
0.3216374 -0.1850266 0.8107286
0.3040936 -0.3833623 1.005854
0.1929825 -0.4741601 1.696918
0.2222222 -0.3212565 1.243343
0.251462 -0.4519443 1.230319
0.2631579 0.01149412 0.6821649
0.2923977 -0.1816779 0.9125328
0.3450292 -0.2311327 0.9478496
0.1754386 -0.2204022 1.017672
0.2807018 -0.1745939 0.8622314
0.2573099 -0.389101 1.221705
0.2280702 -0.3628216 1.454576
0.1812865 -0.0668838 0.8981149
0.2280702 -0.1548993 0.9261186
0.2163743 -0.08725491 0.5850438
0.2631579 -0.1423508 0.7065643
0.245614 -0.1497421 0.8406768
0.3040936 -0.2361918 0.994185
0.4035088 -0.07173977 0.6421358
0.380117 -0.2359443 0.8471771
0.4619883 -0.1911691 0.7176801
0.3157895 -0.3146871 1.114226
0.2397661 -0.3906258 1.240987
0.2807018 -0.0755623 0.8132412
0.2339181 -0.2836724 1.131888
0.2280702 -0.3178383 1.299802
0.3859649 -0.06378341 0.5652055
0.3157895 -0.3709312 1.083561
0.2280702 -0.302047 1.139821
0.2807018 -0.2730397 1.109212
0.3157895 -0.3526947 1.014172
0.2573099 -0.2446234 0.9971396
0.2807018 -0.2326558 0.9197056
0.374269 -0.05705402 0.6798306
0.3859649 -0.2667079 0.8796294
0.251462 -0.05660988 0.7700017
0.3216374 -0.12606 0.8472831
0.2865497 -0.2228457 1.069109
0.2748538 -0.1749483 0.750176
0.2865497 -0.3470599 1.174789
0.2631579 -0.1739353 0.9909387
0.4444444 -0.1529125 0.7060118
0.5146199 -0.07615865 0.5672347
0.2631579 -0.1786892 1.023381
0.3684211 -0.1867214 0.8575761
0.3976608 -0.173046 0.8299493
0.1988304 -0.446226 1.23096
0.251462 -0.09670389 0.8882671
0.3976608 -0.1949987 0.7946929
0.3216374 -0.2920619 0.7936281
0.4093567 -0.2711993 0.8832384
0.2923977 -0.152835 0.8856134
0.2865497 -0.3364215 1.140613
0.2748538 -0.113577 0.7465312
0.3625731 -0.1644445 0.7935314
0.1754386 -0.1868975 1.236556
0.1812865 -0.2741431 1.32257
0.2222222 -0.196203 0.6848921
0.251462 -0.3492346 1.271908
0.3391813 -0.1619033 0.8089026
0.2807018 -0.1636421 0.9233401
0.2865497 -0.3560612 1.056737
0.3450292 -0.1482981 0.8265435
0.2865497 -0.09779277 0.8216426
0.2631579 -0.1836018 1.040767
0.4269006 -0.2473112 0.8207614
0.5730994 -0.1790305 0.7149209
0.3391813 -0.08209421 0.6274326
0.4736842 -0.1459304 0.6806548
0.2690058 -0.2916145 0.9712598
0.4035088 -0.1695002 0.8154299
0.2807018 -0.09709612 0.7600491
0.2982456 -0.4152245 0.8589335
0.2280702 -0.1228851 0.8959316
0.4561404 -0.090877 0.620781
0.251462 -0.0704935 0.8252532
0.3099415 -0.2742508 1.055651
0.2397661 -0.02999274 0.8255165
0.3274854 -0.2524639 0.8646066
0.3157895 -0.3082288 1.056321
0.1871345 -0.2357428 0.6130311
0.374269 -0.2800756 0.9375759
0.3274854 -0.369683 1.151536
0.2631579 -0.20611 0.8639577
0.2865497 -0.2159513 0.9288701
0.3216374 -0.1394643 0.7136805
0.3157895 -0.254015 1.019321
0.5087719 -0.3144182 1.122919
0.3274854 -0.3355672 1.079061
0.4035088 -0.3072462 0.9165076
0.3918129 -0.147707 0.8181414
0.2982456 -0.3575941 1.111559
0.4444444 -0.07683869 0.6168562
0.251462 -0.2042133 1.009433
0.251462 0.08155889 0.3347528
0.2807018 -0.3376033 0.9972849
0.3684211 -0.1845941 0.7926894
0.2748538 -0.3176486 0.9215445
0.3567251 -0.160749 0.8491123
0.4385965 -0.3067857 0.7640507
0.251462 -0.2135936 1.060463
0.2573099 -0.2336068 0.9414487
0.4327485 -0.2751717 0.8805328
0.2631579 -0.2339115 0.8178694
0.3157895 -0.2786554 1.025228
0.3859649 -0.1572471 0.7912472
0.3274854 -0.3499241 1.056287
0.3157895 -0.294095 1.101401
0.3859649 -0.3157376 0.9569973
0.3099415 -0.0220612 0.6612268
0.2690058 -0.4951925 1.263111
0.3274854 -0.09669511 0.7061142
0.1461988 -0.2815468 0.9538649
0.3157895 -0.3558566 0.9669466
0.251462 -0.3565146 1.243395
0.3274854 -0.4688848 1.210457
0.245614 -0.1202708 0.8693925
0.2163743 -0.2535759 1.050484
0.380117 -0.2565809 0.9269006
0.2222222 -0.4076104 0.9478418
0.3274854 -0.1184672 0.6461358
0.380117 -0.2051551 0.8250896
0.2573099 -0.2143058 0.6184762
0.4912281 -0.1535055 0.6608536
0.2923977 -0.2310188 1.053488
0.3333333 -0.206895 0.9087415
0.7602339 -0.2173942 0.6289336
0.3450292 -0.0137715 0.616479
0.2573099 -0.2332662 1.135077
