0.4561404 -0.1335223 0.7311496
0.2748538 -0.2751698 1.156687
0.625731 0.06087833 0.4591397
0.4327485 -0.2596471 0.8342738
0.5204678 -0.1001476 0.6486333
0.3333333 -0.1624322 0.9154363
0.3391813 -0.1311953 0.823479
0.2573099 -0.2767758 1.240888
0.4210526 -0.03124678 0.5710163
0.4912281 -0.3085336 0.8454038
0.502924 -0.1741248 0.7348507
0.5321637 -0.1868695 0.704729
0.2690058 -0.1445689 0.9612686
0.4619883 -0.1341578 0.6899442
0.5146199 -0.2263477 0.7871497
0.4678363 -0.1143924 0.6804906
0.5380117 -0.06925466 0.5857195
0.6608187 -0.1209568 0.6266712
0.3976608 -0.2761738 0.9270575
0.3508772 -0.338607 1.054546
0.4327485 -0.07743528 0.6486697
0.5847953 0.05390799 0.6883732
0.6842105 -0.09383816 0.5733992
0.5964912 -0.3868901 1.227216
0.5730994 -0.2232895 0.8097466
0.4912281 -0.1964646 0.7473704
0.2865497 -0.3227579 1.218308
0.3508772 -0.3969468 1.106502
0.4444444 -0.2233715 0.8135106
0.5964912 -0.2591182 0.6729049
0.4385965 -0.1168561 0.6649322
0.380117 -0.1166981 0.7809355
0.4093567 -0.2260142 0.864503
0.4093567 -0.2943643 0.9030948
0.4444444 -0.0341019 0.5309359
0.6666667 0.3466829 0.1891977
0.4210526 -0.1751955 0.7761115
0.5847953 -0.224404 0.7211095
0.3391813 -0.06766696 0.6261805
0.3157895 -0.08470347 0.8540385
0.380117 -0.1547156 0.7751946
0.1754386 -0.2710381 1.232622
0.3508772 -0.396328 1.029074
0.3625731 -0.3576705 1.052713
0.3859649 -0.2980627 0.9642045
0.4736842 -0.1602385 0.7354665
0.4093567 -0.3025426 0.9035482
0.4269006 -0.1199396 0.7365249
0.5438596 -0.1267122 0.6031528
0.2807018 -0.4054361 1.238483
0.3391813 -0.1493192 0.8224801
0.4853801 -0.1235188 0.6263699
0.502924 -0.1072772 0.6394796
0.380117 -0.2446379 0.8729472
0.4385965 -0.1918398 0.7985038
0.380117 -0.3730138 1.014096
0.3274854 -0.1842525 0.9038923
0.4912281 -0.1721111 0.6949616
0.4444444 -0.2249027 0.8446363
0.2748538 -0.2542892 1.161404
0.4561404 -0.2374747 0.7951124
0.5146199 -0.2849208 0.7947425
0.4035088 -0.2975098 0.984359
0.6549708 -0.004466848 0.440256
0.5263158 -0.2082973 0.7134697
0.7251462 -0.2086088 0.7071636
0.3040936 -0.08243362 0.7305912
0.5263158 -0.1339379 0.6437009
0.5614035 -0.05031188 0.5272682
0.380117 -0.2814246 0.9447774
0.374269 -0.2503727 0.9509995
0.3216374 -0.1976675 0.8994227
0.4561404 -0.3208959 0.8776469
0.2982456 -0.3696403 1.231851
0.3216374 -0.07722265 0.7049412
0.4619883 -0.2177727 0.7902202
0.4853801 -0.07499692 0.6175575
0.754386 -0.2749621 0.6675755
0.5146199 -0.165209 0.6923348
0.2865497 -0.3040858 1.227315
0.3567251 -0.2038978 1.013903
0.5146199 -0.1576284 0.6742753
0.2865497 -0.3440543 1.117407
0.7660819 -0.2438611 0.7041933
0.2865497 -0.1806857 1.021486
0.5204678 0.02752955 0.4588471
0.5321637 -0.1196404 0.6815323
0.3625731 -0.1712077 0.839871
0.3391813 -0.2066354 0.9268555
0.3274854 0.03054418 0.571048
0.6023392 -0.1347997 0.6308217
0.3859649 -0.2441435 0.9434104
0.4502924 -0.2775772 0.8649392
0.2397661 -0.3025497 1.287768
0.5087719 -0.04263748 0.6126785
0.3099415 -0.2296065 1.032291
0.2573099 -0.2644545 1.19807
0.3216374 -0.2035759 0.9232426
0.3976608 -0.201029 0.8583048
0.2923977 -0.1859735 0.9355503
0.3216374 -0.05421223 0.7717047
0.5614035 -0.2280216 0.7311306
0.2046784 -0.1905379 1.187834
0.2280702 -0.07157562 0.9443426
0.6374269 -0.1151001 0.6910233
0.4444444 -0.05705744 0.6522819
0.4619883 -0.2957577 0.8920266
0.3508772 -0.1253689 0.8293815
0.6081871 -0.2004738 0.7345547
0.3976608 -0.146479 0.7682127
0.6315789 -0.09738514 0.5525394
0.5555556 -0.1839277 0.6853458
0.497076 -0.06455727 0.5771862
0.6900585 -0.189867 0.6456948
0.5497076 -0.175011 0.6402158
0.7017544 0.08908544 0.3473976
0.4678363 -0.2324071 0.7692223
0.2807018 0.006097177 0.3568206
0.374269 -0.1690488 0.8102175
0.2339181 -0.3440317 1.398798
0.3099415 -0.2231018 1.02631
0.245614 -0.3150645 1.327286
0.3684211 -0.1272041 0.7975958
0.4327485 -0.1681202 0.7768391
0.4444444 -0.2564934 0.8488498
0.5438596 -0.04002134 0.59344
0.6491228 -0.2167692 0.6799731
0.5906433 -0.197086 0.6991245
0.3859649 -0.1965554 0.8192677
0.5906433 -0.1091752 0.6385891
0.3567251 -0.1433315 0.8173233
0.4502924 -0.2621542 0.8668716
0.619883 0.1253304 0.3684222
0.6374269 -0.2461308 0.7353718
0.4736842 -0.2778906 0.8077049
0.3684211 -0.3604562 1.078401
0.4853801 -0.07754026 0.6276628
0.6608187 -0.1488391 0.5538996
0.3333333 -0.2576884 0.9529161
0.4035088 -0.1347528 0.7481387
0.4795322 -0.2737293 0.8357511
0.5380117 -0.30541 1.078144
0.5847953 -0.1084379 0.6138775
0.5906433 -0.1783156 0.6680647
0.5906433 -0.05359998 0.5308074
0.4269006 -0.1729827 0.7703865
0.6725146 -0.2613187 0.7355332
0.4678363 -0.1816181 0.7694844
0.5555556 -0.1403579 0.6875123
0.2807018 -0.05803494 0.8596718
0.5614035 -0.1432815 0.6729497
0.5321637 -0.1973028 0.7471284
0.4152047 -0.2838081 0.8952053
0.4327485 -0.2145456 0.8427564
0.2807018 -0.1637014 0.9859373
0.2573099 -0.2499814 1.135983
0.502924 -0.09142291 0.6201255
0.4444444 -0.23485 0.8445387
0.3450292 -0.1559666 0.885333
0.7309942 -0.05651952 0.4853346
0.6140351 -0.2303694 0.8672241
0.4327485 -0.2713774 0.8704318
0.2748538 -0.3030321 1.116059
0.4619883 -0.2400878 0.7865552
0.374269 -0.03126222 0.3742074
0.4619883 -0.334064 1.164227
0.4269006 -0.2272617 0.8204625
0.4385965 -0.2794784 0.8819837
0.2982456 -0.1273929 0.9184823
0.4561404 -0.1556105 0.7865896
0.4736842 -0.09670184 0.6761395
0.7719298 -0.2030135 0.6256341
0.5380117 -0.2081632 0.8003392
0.251462 -0.2738052 1.240112
0.4327485 -0.1815147 0.8585572
0.2865497 -0.1549307 0.9740624
0.380117 -0.2233691 0.8650828
0.5906433 -0.3082733 0.7915397
0.5497076 -0.1392235 0.6700535
0.374269 -0.108259 0.7157932
0.5789474 -0.270461 0.7681005
0.5614035 -0.1164762 0.6061739
0.5730994 -0.4001042 1.209644
0.6666667 -0.208053 0.7099628
0.6023392 -0.1252378 0.61917
0.4678363 -0.224529 0.76894
0.5087719 -0.2076338 0.7478061
0.2807018 -0.3727865 1.248761
0.4619883 -0.2993017 0.868589
0.502924 -0.2375306 0.7831515
0.2982456 -0.4000329 1.2463
0.4210526 -0.2660731 0.9009968
