0.380117 -0.2528073 0.8933446
0.4619883 -0.2820197 0.7992689
0.2339181 -0.2474886 1.181431
0.374269 -0.2417523 0.917079
0.374269 -0.2014733 0.8640709
0.3333333 -0.0477208 0.6877615
0.3508772 -0.1504998 0.8674263
0.3157895 -0.2379859 0.9117229
0.3625731 -0.1880584 0.8811971
0.3157895 -0.1202503 0.8301567
0.2923977 -0.1285709 0.8491272
0.4152047 -0.1051615 0.5438827
0.3216374 -0.236202 0.9576128
0.2397661 -0.1346167 0.9913693
0.2748538 -0.3868069 1.250264
0.2631579 -0.266617 1.160202
0.3625731 0.03241118 0.5067525
0.3450292 -0.2672759 1.016882
0.251462 -0.1489322 0.8465951
0.380117 -0.0392006 0.5770105
0.2046784 -0.3573457 1.542622
0.2105263 -0.2386336 1.105965
0.2573099 -0.105914 0.9755484
0.2631579 -0.352868 0.910215
0.4269006 -0.04529021 0.6278067
0.2865497 -0.2594015 1.114925
0.4619883 -0.3027257 0.8616514
0.1637427 -0.1067197 1.246279
0.251462 -0.1418712 1.037085
0.2748538 -0.5245461 1.133267
0.3040936 -0.2326102 0.9566703
0.2222222 -0.08371723 0.8933247
0.2105263 -0.2931123 1.246938
0.3450292 -0.3272816 1.087384
0.2222222 -0.1754158 1.027015
0.245614 0.005442506 0.4220848
0.374269 -0.2640964 0.9036584
0.2339181 -0.2396985 1.190654
0.5146199 -0.151724 0.6342542
0.3625731 -0.1743254 0.8529427
0.2923977 -0.324168 1.161818
0.2163743 -0.1679962 1.114944
0.5380117 -0.1561472 0.6699134
0.245614 -0.3346407 1.184967
0.3684211 -0.1880629 0.8416133
0.3216374 -0.1150489 0.7868608
0.2397661 -0.2623244 1.207771
0.1812865 -0.1743754 1.324081
0.2631579 -0.1086949 0.9123646
0.1754386 -0.2715801 1.232664
0.2631579 -0.2562967 1.113042
0.2865497 -0.02823585 0.6592475
0.3508772 -0.2791623 0.8088698
0.4502924 -0.3169555 0.858073
0.6549708 -0.1139288 0.5368155
0.4795322 -0.2831812 0.7981181
0.2865497 -0.1336067 0.9280951
0.2865497 -0.2911086 1.064588
0.2280702 -0.3142115 1.092437
0.2748538 -0.1228017 0.9147092
0.2046784 -0.1780821 0.8623738
0.4619883 -0.09422375 0.6637244
0.3157895 -0.171336 0.8610458
0.245614 -0.1135139 0.9795181
0.2807018 -0.2237047 1.010594
0.2222222 -0.09787823 0.8961257
0.3216374 -0.136264 0.7564834
0.2865497 -0.1763075 0.9817315
0.2923977 -0.1818216 0.9845471
0.3099415 -0.2089868 0.8602069
0.2982456 -0.1457299 0.8744083
0.3157895 -0.159927 0.8393211
0.2865497 -0.181349 0.9338152
0.2573099 -0.1844288 1.061549
0.4269006 -0.1562614 0.7737239
0.3976608 -0.1424523 0.7386137
0.3508772 -0.4154379 1.010082
0.4795322 -0.2112595 0.709216
0.5321637 -0.1741345 0.7026885
0.2631579 -0.1202451 0.983595
0.2748538 -0.1135492 0.8186149
0.245614 -0.2308507 1.101925
0.3450292 -0.3119361 0.9915822
0.3040936 -0.0826273 0.8062614
0.2923977 -0.009283748 0.5446951
0.4385965 -0.2931626 0.8672711
0.5087719 -0.1422498 0.6784207
0.3099415 -0.1072344 0.7992095
0.497076 -0.1348728 0.6225963
0.3859649 -0.349745 0.9853263
0.3333333 -0.1699156 0.7598795
0.374269 -0.1989957 0.8177634
0.2748538 -0.3752391 1.296263
0.4444444 0.004901596 0.5236556
0.4210526 -0.1338552 0.6077493
0.374269 0.056032 0.1564475
0.2280702 -0.270906 1.271511
0.2397661 -0.1454395 1.029903
0.3391813 -0.1551913 0.8680525
0.3625731 -0.2676165 0.9176103
0.3976608 -0.2521698 0.9405543
0.2222222 -0.1970406 1.191538
0.2690058 -0.08346876 0.7941951
0.2690058 -0.1652542 0.998404
0.2748538 -0.2800546 1.156575
0.2163743 -0.2075811 1.029323
0.2807018 -0.206261 1.051284
0.2397661 -0.316439 1.277397
0.3333333 -0.08053855 0.7709882
0.245614 -0.180222 1.071238
0.2690058 -0.2465424 1.123804
0.2397661 -0.1560165 1.091113
0.3976608 -0.2749626 0.9144987
0.5555556 -0.2308367 0.7194161
0.5087719 -0.04734998 0.5235292
0.4385965 0.1146084 0.3206475
0.5263158 -0.2943137 0.7462597
0.4327485 -0.2395857 0.8480275
0.3976608 -0.2731356 0.8977043
0.3099415 -0.1796552 0.7704959
0.251462 -0.2636647 1.14995
0.2865497 -0.1440236 0.9224555
0.3333333 -0.1308533 0.71212
0.380117 -0.1790486 0.6940807
0.497076 -0.1878792 0.7115666
0.2046784 -0.2378539 1.122604
0.3274854 -0.161795 0.9198682
0.2807018 -0.1551695 0.969707
0.4502924 -0.2789605 0.8562823
0.3040936 -0.2769136 1.067207
0.3625731 -0.2939163 1.010359
0.2573099 -0.3080335 1.005082
0.2280702 -0.3059753 1.012634
0.2573099 -0.2252495 1.102091
0.4269006 -0.1381463 0.7088281
0.3450292 -0.2303241 0.9653623
0.4385965 -0.2648313 0.8709759
0.245614 -0.3374812 1.286954
0.5614035 -0.155954 0.6523389
0.2339181 -0.06761137 0.9893574
0.2631579 -0.07735646 0.5747412
0.3157895 -0.2841697 1.007038
0.251462 -0.2889782 1.241544
0.5789474 -0.1125604 0.5941843
0.3859649 -0.2918784 0.9158898
0.5847953 -0.05833236 0.5242601
0.2105263 -0.2031238 1.202173
0.2573099 -0.2673904 1.171189
0.1929825 -0.338782 1.31906
0.3625731 -0.1182413 0.6597642
0.3099415 -0.2753457 0.9306214
0.3099415 -0.2867411 1.091942
0.3684211 -0.1380885 0.7934577
0.4853801 -0.1634837 0.7063253
0.3099415 -0.2418205 1.035136
0.4269006 -0.324831 0.9011084
0.251462 -0.2503234 1.193602
0.2690058 -0.2385804 1.107341
0.380117 -0.1195222 0.5783745
0.3391813 -0.06862592 0.619951
0.3333333 -0.1491786 0.8565106
0.4619883 -0.1745663 0.7021041
0.4736842 -0.009169596 0.5102727
0.3216374 -0.1736269 0.8693809
0.380117 -0.2136849 0.8380021
0.497076 -0.1077677 0.652742
0.3099415 -0.08325639 0.7010783
0.245614 -0.3620548 1.009488
0.2923977 -0.3431766 1.085709
0.2573099 -0.08276367 0.8851729
0.2807018 -0.4440594 1.339796
0.2690058 -0.2684327 1.148987
0.2690058 -0.2992078 1.21265
0.1520468 -0.3508128 1.80143
0.3918129 -0.1926409 0.8527498
0.2222222 -0.5401422 1.65841
0.2748538 0.0006081033 0.6593795
0.3157895 -0.2327412 0.9483844
0.245614 -0.14854 0.9780478
0.3333333 -0.1998086 0.8231991
0.3508772 -0.2304091 0.9129592
0.3391813 -0.2749835 1.017541
0.2807018 -0.242367 0.9627036
0.3333333 -0.2972952 1.045032
0.2923977 -0.2090175 1.028559
