0.1812865 -0.4458037 1.350981
0.1637427 -0.3756169 1.350586
0.251462 -0.2647236 1.087528
0.5380117 -0.07458001 0.5131437
0.1520468 -0.415252 1.985474
0.2222222 -0.03410176 0.7579553
0.2573099 -0.1222233 0.7304204
0.2923977 -0.2698678 1.0764
0.2339181 -0.3104045 1.340255
0.2105263 -0.3071286 1.367424
0.3567251 -0.2430955 0.9273021
0.3040936 -0.2457047 1.049315
0.4093567 -0.2447604 0.8611259
0.2222222 -0.3291773 1.351592
0.3625731 -0.3084396 0.9695049
0.4327485 -0.2399986 0.8312658
0.2748538 -0.3232669 1.172654
0.3684211 -0.1155639 0.7416532
0.2982456 -0.1333177 0.8600173
0.2339181 -0.1762378 1.126696
0.2046784 -0.3141445 1.443372
0.3274854 -0.1940193 0.894612
0.1812865 -0.1774539 1.139065
0.3625731 -0.2131818 0.8820834
0.1754386 0.1107178 0.001625287
0.4444444 -0.1958915 0.7203
0.3157895 -0.1935084 0.8521214
0.3508772 -0.246074 0.9440738
0.502924 -0.1818475 0.6874217
0.5380117 -0.2473313 0.7031026
0.4678363 -0.2368996 0.7893621
0.3099415 -0.1983157 0.9795597
0.2339181 -0.3985956 1.28104
0.3508772 -0.1360607 0.7650085
0.3625731 -0.2429158 0.9660016
0.251462 -0.4593239 1.345055
0.2105263 -0.1397139 0.6943297
0.3040936 -0.07507782 0.7525728
0.2397661 -0.3198191 1.1975
0.1812865 -0.3015514 1.366284
0.1812865 -0.5003191 1.240565
0.380117 0.06484797 0.3859244
0.2339181 -0.2635635 1.002545
0.2163743 -0.2886319 1.255812
0.245614 -0.2781413 0.9710312
0.2573099 0.04147036 0.3368011
0.3099415 -0.03084565 0.635935
0.245614 -0.1803127 0.900751
0.245614 -0.2305009 1.097502
0.2807018 -0.1227986 0.8106669
0.2046784 -0.2114273 1.173782
0.2573099 -0.2867951 1.158717
0.2046784 -0.3542551 1.443774
0.2339181 -0.2195164 0.6054901
0.2046784 -0.2254792 0.9466097
0.2397661 -0.3678444 1.170902
0.4327485 -0.1874104 0.7924567
0.1871345 -0.0247444 0.7855679
0.1871345 -0.08019718 0.8484457
0.2222222 -0.08832427 0.925533
0.245614 -0.07638819 0.5502779
0.2163743 0.03859259 0.4357119
0.3391813 0.0326551 0.5047747
0.3157895 -0.2678236 0.8881861
0.2573099 -0.1540953 0.8611434
0.3040936 -0.1353719 0.5150914
0.2573099 -0.1946552 0.9667552
0.245614 -0.3115976 1.118951
0.2280702 -0.2831004 0.9794358
0.1754386 -0.4456807 1.326924
0.4736842 -0.1052039 0.6159427
0.1929825 -0.3704532 1.362108
0.3450292 -0.2577456 0.9771952
0.251462 -0.328076 1.203628
0.1403509 -0.3174642 0.7963485
0.2923977 -0.2666583 0.9632644
0.3625731 -0.2398197 1.159477
0.251462 -0.2521175 0.956568
0.2748538 0.003466001 0.3113846
0.2280702 -0.1001515 0.9717358
0.2280702 -0.3725447 1.456098
0.245614 -0.3241705 1.201886
0.3099415 -0.03173635 0.5171509
0.1812865 -0.1840814 0.833916
0.1637427 -0.06488723 0.9964494
0.251462 -0.3037735 1.270571
0.3216374 -0.160699 0.8676799
0.1578947 0.0159092 0.7018461
0.2222222 -0.2061624 1.139137
0.2690058 -0.1410024 0.9353056
0.2339181 -0.3273623 1.091252
0.2748538 -0.2112355 1.048266
0.251462 -0.385291 1.210922
0.1812865 -0.1611027 1.208399
0.1929825 -0.09500516 0.9805808
0.251462 -0.2688664 0.9844624
0.1812865 -0.5774722 1.095821
0.2280702 -0.1641535 0.6248056
0.2280702 -0.1555016 0.7690158
0.2397661 -0.3931589 1.438945
0.245614 -0.2513421 0.9798787
0.2923977 -0.1128261 0.6872543
0.3918129 -0.1993752 0.8484081
0.1637427 -0.3850737 1.683837
0.3918129 -0.1725399 0.763803
0.4736842 -0.1648592 0.6854885
0.1871345 -0.2821695 1.373509
0.3450292 -0.1826575 0.8462973
0.2163743 -0.06300487 0.4452627
0.2222222 -0.04631278 0.7542038
0.2339181 -0.5777074 1.224191
0.1988304 -0.1710734 1.117543
0.2397661 0.05044043 0.6978109
0.245614 -0.3008037 1.314098
0.2573099 -0.1635251 0.9463795
0.2105263 -0.4311275 1.473316
0.2163743 -0.2108343 0.9760303
0.3508772 -0.2531844 0.8457746
0.2631579 0.0735782 0.4522894
0.2339181 -0.31965 1.185278
0.2865497 0.03046711 0.4693967
0.2631579 -0.1563005 0.9383828
0.2865497 -0.2288201 0.9510376
0.3333333 -0.2200181 0.9205477
0.2280702 -0.1537371 0.959184
0.3976608 -0.2250586 0.8706983
0.2923977 -0.2052183 0.8870388
0.2982456 -0.008552508 0.4203389
0.251462 -0.1493926 0.9399978
0.2748538 -0.4112528 1.287601
0.1988304 -0.08780175 1.004842
0.2163743 -0.2859749 1.159952
0.2690058 -0.1351399 0.7396644
0.2339181 -0.2137756 1.051572
0.2865497 -0.07957477 0.7614546
0.2748538 0.05927686 0.4509956
0.2865497 -0.3689108 1.176213
0.251462 -0.2519589 1.129522
0.3567251 -0.0410288 0.6677201
0.2105263 -0.238908 1.109896
0.1695906 -0.03198993 0.6031099
0.2631579 -0.2575043 1.114393
0.1812865 -0.3972605 1.576904
0.2397661 -0.28962 1.070157
0.3684211 -0.2555899 0.9523427
0.4502924 -0.2078858 0.7359069
0.2397661 -0.07789573 0.6276172
0.2339181 -0.2971006 0.9795783
0.1871345 -0.2035106 0.890945
0.3274854 -0.3149494 0.9977672
0.3450292 -0.2230611 0.9321302
0.2573099 -0.3317255 1.081346
0.1812865 -0.4193138 1.69434
0.2046784 -0.157728 0.7247534
0.2222222 -0.1432156 0.6851268
0.2397661 -0.1699546 0.7593402
0.1929825 -0.2986406 0.7529752
0.2631579 -0.3032152 1.18181
0.2222222 -0.3327425 0.8708838
0.2339181 -0.4232857 1.252467
0.2807018 -0.4164809 0.7931007
0.2865497 -0.2207832 0.9709373
0.4035088 -0.04454285 0.5898299
0.3274854 -0.1219539 0.7779215
0.2397661 -0.1335288 0.619823
0.1871345 -0.237046 1.292019
0.2280702 0.04672221 0.4751633
0.245614 -0.1912467 1.029083
0.2631579 -0.09544783 0.4637799
0.3099415 -0.07454204 0.7627833
0.2046784 -0.2869598 1.383311
0.2222222 -0.4797315 1.114043
0.2222222 -0.1066165 0.8492242
0.2397661 -0.1961646 0.9557606
0.2339181 -0.1817633 0.9579105
0.2631579 -0.1577096 0.3557478
0.2748538 -0.1799045 1.002957
0.2631579 -0.3158394 1.21464
0.3274854 -0.4336293 1.06206
0.1403509 -0.2834192 1.118015
0.2631579 -0.317834 1.239879
0.2339181 -0.3910027 1.392919
0.2573099 -0.1807738 0.9367694
0.2631579 -0.1167726 0.883981
0.3099415 -0.3543032 1.122246
0.1812865 -0.02178803 0.5043613
0.2163743 0.06007675 0.1743242
0.2280702 -0.09993921 0.9723171
0.2923977 -0.1668451 0.9317972
0.2397661 -0.09413499 0.9325208
0.2046784 -0.8022204 0.8035465
0.245614 -0.1861467 1.089582
0.3157895 -0.127002 0.8331115
0.4152047 -0.1010187 0.7323458
0.2163743 -0.2652848 1.1314
0.2690058 -0.03522983 0.6270831
0.2690058 -0.2714905 1.130434
0.2163743 0.188236 -0.4203299
0.1929825 -0.171334 1.094033
0.2280702 -0.3606866 1.153773
0.2982456 -0.3079844 1.173701
0.2631579 -0.2335081 0.4545308
0.245614 -0.2319226 1.102366
0.2046784 -0.1097398 0.7271397
0.1988304 -0.1974813 0.8989502
0.2631579 -0.1588156 0.8112275
0.3333333 -0.2555945 0.9900606
0.3099415 -0.1227799 0.7333606
0.2397661 -0.1986874 1.099453
0.2690058 -0.0970927 0.7961143
0.4736842 -0.2327646 0.807365
0.3333333 -0.4367531 1.149287
0.251462 -0.1147427 0.9657971
0.251462 -0.2461865 1.204799
0.2865497 -0.05801617 0.7743631
0.2865497 -0.1554174 0.8375953
0.2690058 -0.2736053 1.18494
0.245614 -0.2377383 0.775862
0.2982456 -0.385561 1.073242
0.2105263 -0.2085327 1.278971
0.2339181 -0.1229288 0.9766171
0.1695906 -0.4709147 1.869414
0.1988304 -0.4482991 1.233549
0.1929825 -0.6304817 1.367296
0.1929825 -0.0229811 -0.04593671
0.1520468 -0.1535396 1.291459
0.380117 -0.1459059 0.7263313
0.2631579 -0.1346987 0.9437232
0.3625731 0.1036053 0.1480209
0.5672515 -0.2052992 0.7157887
0.2982456 -0.1409094 0.8437551
