0.497076 -0.2522801 0.7909504
0.4678363 -0.08371531 0.6021533
0.3099415 -0.10795 0.7506834
0.3391813 -0.2043016 0.8173246
0.3625731 -0.197142 0.8353308
0.4093567 -0.1647886 0.7285088
0.3859649 0.02539381 0.4535935
0.2339181 -0.3505785 1.121934
0.2397661 -0.2975573 1.260194
0.2397661 -0.1513396 1.070486
0.4269006 -0.2770881 0.8720986
0.2163743 -0.3241703 1.364873
0.2573099 -0.1096151 0.7688087
0.5730994 -0.179442 0.6098825
0.4035088 -0.04598453 0.5230685
0.3157895 -0.2174287 0.9487949
0.2748538 -0.08745508 0.7363896
0.4736842 -0.07628331 0.5929859
0.3859649 -0.2286848 0.8736542
0.1929825 -0.3489532 1.400046
0.4093567 -0.3408356 0.8963218
0.2280702 -0.4364058 1.477242
0.4912281 -0.2256412 0.7774773
0.5204678 -0.3246055 0.8219256
0.5146199 -0.218331 0.745638
0.5964912 -0.2061258 0.6695086
0.4327485 -0.1093771 0.7434377
0.4327485 -0.1990602 0.7851535
0.497076 -0.1991275 0.7084917
0.5497076 -0.2398123 0.7275581
0.2280702 -0.2216942 1.055406
0.2982456 -0.2134712 1.001602
0.4444444 -0.2748655 0.8701711
0.2982456 -0.233444 0.9970749
0.4152047 -0.2328757 0.8362762
0.3508772 -0.2999779 0.9441616
0.5555556 -0.2848048 0.797151
0.3976608 -0.1237242 0.6724515
0.4736842 -0.1625805 0.689063
0.3684211 -0.173772 0.7805701
0.5555556 -0.2498134 0.7113791
0.3099415 -0.4975412 1.036791
0.497076 -0.2934697 0.8269514
0.2280702 -0.3592909 1.394612
0.2690058 -0.2663182 1.11673
0.3216374 -0.1765063 0.9175614
0.5380117 -0.1605293 0.6718124
0.4385965 -0.1320362 0.7192706
0.4210526 -0.4636022 1.245621
0.3918129 -0.2590363 0.8580058
0.251462 -0.2044364 1.034143
0.2865497 -0.5523288 1.145967
0.245614 -0.3338292 1.321394
0.2573099 -0.2530032 1.039426
0.1520468 -0.08039191 0.8983208
0.2690058 -0.2506307 1.030336
0.2046784 -0.1349032 1.177906
0.4561404 -0.3276118 0.8468637
0.4795322 -0.1563693 0.7380914
0.2573099 -0.2669409 1.186008
0.502924 -0.2132554 0.7474586
0.3567251 -0.2378428 0.9636611
0.5438596 -0.2851927 0.7657274
0.6374269 -0.19384 0.5965208
0.3976608 -0.2737567 0.9189449
0.3684211 -0.3010159 0.9786928
0.5263158 -0.2312557 0.7449151
0.3099415 -0.1807198 0.9417075
0.3567251 -0.2055818 0.8380412
0.2865497 -0.2051697 0.9652356
0.4853801 -0.1625976 0.674932
0.4912281 -0.1009826 0.6429556
0.3450292 -0.3350357 1.063167
0.5438596 -0.1714664 0.6437387
0.7017544 -0.2975074 0.7251744
0.3450292 -0.1322034 0.8103165
0.2807018 -0.1537941 0.9582171
0.4093567 -0.1848935 0.7415058
0.4327485 -0.1031777 0.6469225
0.4795322 -0.0160072 0.5119063
0.497076 -0.214191 0.7808314
0.4444444 -0.2158351 0.7210356
0.5497076 -0.1956659 0.7057799
0.4385965 -0.3163242 0.8783659
0.3918129 -0.1005417 0.7229929
0.5497076 -0.2025027 0.7563626
0.5555556 -0.268676 0.7867999
0.3040936 -0.2176685 1.025546
0.4269006 -0.2033225 0.8536803
0.2982456 -0.2061496 0.9507972
0.380117 -0.02496714 0.4708456
0.3567251 -0.3086865 1.017819
0.251462 -0.1527978 1.037008
0.4912281 -0.2256647 0.715702
0.3508772 -0.1199373 0.7473499
0.3684211 -0.2178808 0.8739563
0.3333333 -0.03469054 0.6716157
0.3040936 -0.007514481 0.6101218
0.3976608 -0.2451323 0.8428866
0.245614 -0.1781768 0.9333858
0.374269 -0.1432168 0.7523572
0.1812865 -0.1192528 1.124624
0.2748538 -0.1372757 0.889055
0.251462 -0.3119113 1.223543
0.2397661 -0.1080468 0.9092935
0.1403509 -0.1509322 1.287177
0.3859649 -0.279961 0.9154264
0.3099415 -0.221857 1.038022
0.3216374 -0.2674271 1.002232
0.3099415 -0.09183024 0.7503203
0.3918129 -0.2320684 0.7355431
0.4385965 -0.1988001 0.779446
0.2807018 -0.2350295 1.066897
0.245614 -0.3253051 1.356624
0.6725146 -0.221796 0.6422191
0.2046784 -0.2990095 1.418256
0.2923977 -0.2141205 1.007869
0.2573099 -0.192368 0.9820417
0.4327485 -0.2465238 0.7885859
0.4035088 -0.0603553 0.6214737
0.4619883 -0.2255642 0.7632012
0.2865497 -0.3936593 1.165736
0.374269 -0.2039588 0.7933158
0.4093567 -0.1378505 0.7249675
0.3274854 -0.1798878 0.885144
0.3859649 -0.2635208 0.9342471
0.4853801 -0.0199815 0.5182228
0.3918129 -0.2471875 0.8964316
0.3684211 -0.2840102 0.9625409
0.2690058 -0.4307231 1.221145
0.4619883 -0.1994369 0.7617732
0.4210526 -0.2217231 0.811969
0.2690058 -0.0429572 0.6970788
0.2222222 -0.1215827 0.7831003
0.2573099 -0.2087743 1.132626
0.4444444 -0.1346871 0.6159165
0.3684211 -0.2745483 0.9276438
0.6081871 -0.2141546 0.6979291
0.4561404 -0.1332609 0.6795719
0.4678363 -0.2557332 0.8189885
0.1988304 -0.3982388 1.583496
0.3274854 -0.2011522 0.9312029
0.3099415 -0.3252814 1.151789
0.3274854 -0.263884 1.012007
0.380117 -0.2130029 0.8782511
0.3216374 -0.292571 1.028968
0.3274854 -0.1395526 0.8228333
0.251462 -0.1520797 0.8845133
0.3684211 -0.2156723 0.8712876
0.2631579 -0.2127784 1.040365
0.4619883 -0.3626417 0.8075655
0.3918129 -0.1652708 0.7699456
0.1929825 -0.4022192 1.698665
0.2046784 -0.112142 0.8106804
0.3040936 -0.2991836 0.9456582
0.3040936 -0.2709785 0.9900871
0.4093567 -0.2876756 0.9374593
0.380117 -0.09121808 0.6556598
0.2105263 -0.1704371 1.197999
0.1871345 -0.08188651 0.849377
0.3216374 -0.06245183 0.5610732
0.3684211 -0.05491836 0.5611801
0.4736842 -0.1531341 0.6316292
0.2748538 -0.3931938 1.313785
0.2982456 0.07304738 0.2665129
0.2923977 -0.3772956 1.226152
0.4327485 -0.1798522 0.7739326
0.3684211 -0.04465652 0.6860164
0.2923977 -0.3502362 1.185345
0.5789474 -0.2273941 0.731028
0.3216374 -0.2491487 1.001018
0.2923977 -0.08929854 0.8251948
0.6491228 -0.1351836 0.7977797
0.6608187 -0.09544326 0.5906485
0.2865497 -0.2756125 1.025902
0.5263158 -0.2646808 0.7548481
0.3391813 -0.3069173 1.029901
0.5730994 -0.2312221 0.7395651
0.3391813 -0.1778161 0.826339
