0.6432749 -0.1706607 0.6165187
0.5380117 -0.2689408 0.7906248
0.4795322 -0.2604205 0.8010765
0.5146199 -0.215307 0.7631689
0.6666667 -0.1234238 0.5553835
0.4035088 -0.0918851 0.6702193
0.5263158 -0.1847968 0.6858825
0.497076 -0.2780699 0.7835646
0.4561404 -0.2882665 0.8830027
0.7192982 -0.645286 1.039239
0.8888889 -0.429393 1.312068
0.6666667 -0.04083132 0.4395252
0.502924 -0.1459207 0.6840483
0.5087719 -0.2220672 0.7561455
0.5438596 -0.2896056 0.8125262
0.6315789 -0.1629811 0.6253083
0.3216374 -0.3306347 1.143185
0.4210526 -0.2180708 0.7983839
0.5555556 -0.1184746 0.6295967
0.6315789 -0.1864094 0.6515858
0.5672515 -0.2294688 0.7649364
0.7309942 -0.1924543 0.6419712
0.3684211 -0.01813984 1.411852
0.5380117 -0.2709607 0.7544184
0.4678363 -0.09518613 0.669957
0.374269 -0.1345725 0.6964338
0.3625731 -0.2934738 0.9254677
0.6842105 -0.4177718 0.8337849
0.2865497 -0.3478931 1.215723
0.245614 -0.3064437 1.250588
0.3859649 -0.1752107 0.831131
0.5555556 -0.1856547 0.6555283
0.2982456 -0.2724169 1.148982
0.4736842 -0.2490178 0.8492199
0.3918129 -0.2870659 0.9571965
0.5087719 -0.3157378 0.8365853
0.4678363 -0.1512051 0.693877
0.4736842 -0.04097646 0.5913971
0.3859649 -0.07384133 0.6679223
0.6666667 -0.2757537 0.6865607
0.6725146 -0.4613945 1.254872
0.4912281 -0.2679367 1.129474
0.8654971 1.026393 -0.5398947
0.7426901 -0.4911732 0.9204779
0.4619883 -0.311939 0.9210507
0.6140351 -0.2616198 0.738083
0.6081871 -0.2781618 0.7688561
0.6608187 -0.3260661 0.7916075
0.6081871 -0.3512051 0.8317222
0.6374269 -0.2048425 0.6623407
0.8479532 -0.1446632 0.5363301
0.5204678 -0.2836901 0.8079923
0.4502924 -0.03419418 0.556417
0.4385965 -0.2665603 0.8785138
0.3976608 -0.3315093 0.98513
0.5146199 -0.1333508 0.6490136
0.3918129 -0.1532629 0.7386191
0.3508772 -0.2913522 1.023509
0.5263158 -0.2711244 0.7779791
0.4561404 -0.2820938 0.8797044
0.8245614 -0.4417889 0.8822402
0.9005848 -6.853459 7.599456
0.5672515 0.02222682 0.4332358
0.5555556 -0.06169809 0.6015096
0.3099415 -0.3508922 1.204387
0.5204678 -0.1440879 0.650087
0.4912281 -0.2206254 0.8076569
0.6023392 -0.1537645 0.6502308
0.5847953 -0.2117176 0.7096962
0.3040936 -0.3594643 1.207484
0.4619883 -0.2454685 0.8309913
0.4269006 -0.2256357 0.8454001
0.5087719 0.005354111 0.5188317
0.5146199 -0.2922871 0.806213
0.619883 -0.1830397 0.6687353
0.5204678 -0.2096771 0.7395026
0.9005848 -0.2743106 1.16046
0.5672515 -0.3570762 0.8444356
0.4385965 -0.266119 0.8217342
0.5964912 -0.1478315 1.163083
0.6140351 -0.2553892 0.7494992
0.625731 -0.1113644 0.6011538
0.8304094 -0.596932 1.023562
0.748538 -0.511705 0.9873025
0.7836257 -0.388697 0.8266262
0.5730994 -0.2475241 0.7566732
0.7134503 -0.4197894 0.8438101
0.5087719 -0.1447533 0.7003706
0.8479532 -7.26595 7.716035
0.7134503 -0.8802341 1.395596
0.5204678 -0.2568109 0.8126831
0.9766082 -5.472746 11.19112
0.8011696 -1.087537 1.511351
0.7192982 -0.3928516 0.8184475
