0.6315789 -0.1011914 0.5664096
0.8538012 -0.4488814 1.026741
0.625731 -0.1945751 0.6902176
0.4035088 -0.2338876 0.8245864
0.5614035 -0.1983944 0.7160459
0.7953216 -1.516056 4.739796
0.502924 -0.1686374 0.7223761
0.3976608 -0.2310619 0.8737119
0.2573099 -0.116985 0.9486826
0.4035088 -0.3452459 0.9169192
0.4619883 -0.1941793 0.7200308
0.2046784 0.00151983 0.7091816
0.2748538 -0.2094233 0.9851498
0.625731 -0.07167132 0.5491783
0.2923977 -0.370123 1.09123
0.2339181 -0.163311 1.058198
0.3625731 -0.01767479 0.4707081
0.3333333 -0.2507488 0.9861014
0.1754386 -0.3615953 1.22884
0.2923977 -0.123118 0.8606581
0.5555556 -0.2344212 0.6901615
0.7894737 -0.2827151 0.6834562
0.3508772 -0.1432841 0.8615383
0.4736842 -0.0186538 0.5299371
0.5087719 -0.09805992 0.5794589
0.8947368 0.3844117 0.01753127
0.7953216 -0.4236957 0.8417061
0.7953216 -0.1861811 0.6306662
0.8538012 -1.018344 1.494928
0.4619883 -0.1518974 0.7373276
0.6959064 -0.145837 0.6001593
0.8654971 -1.110762 1.541154
0.8830409 -1.605544 1.963952
0.7660819 0.07583426 0.3215212
0.6549708 -0.2539484 0.9537519
0.5146199 -0.3337086 0.8086351
0.3508772 -0.1612779 0.8632174
0.6491228 -0.220117 0.7134071
0.4093567 -0.220876 0.6970921
0.251462 -0.3106639 1.246797
0.4327485 -0.1389272 0.727395
0.497076 -0.243849 0.7572635
0.6432749 -0.3096983 0.7283201
0.4678363 0.08524799 0.3954618
0.2807018 -0.3402749 1.237687
0.4269006 -0.2030548 0.7377442
0.374269 0.08074668 0.3657667
0.2982456 -0.3582424 1.074465
0.4736842 -0.1744257 0.7316335
0.4035088 -0.1489739 0.715351
0.374269 -0.05550512 0.4469994
0.877193 0.4283291 -0.04731116
0.2865497 -0.09112375 0.8345835
0.4210526 -0.2689386 0.8612978
0.374269 -0.323993 1.000527
0.2631579 -0.1175732 0.8976238
0.3157895 -0.2320476 0.9669907
0.5204678 -0.04499659 0.4833837
0.245614 -0.3332145 0.8993251
0.374269 -0.2202015 0.8737213
0.3157895 -0.1512423 0.8158443
0.3333333 -0.2513582 0.9779513
0.7953216 -0.07057199 0.5729415
0.2397661 -0.09259468 0.5407667
0.2865497 -0.1025744 0.645385
0.3040936 -0.1671798 0.9073947
0.3274854 -0.1334572 0.8319157
0.2807018 0.06789252 0.5322082
0.2807018 -0.2620158 1.098009
0.3333333 -0.2309451 0.9172351
0.2807018 -0.2108393 1.049012
0.3216374 -0.3644403 1.103725
0.3859649 -0.1051213 0.6958907
0.6666667 -0.320728 0.6396815
0.3040936 -0.1946723 0.9201027
0.2397661 -0.2863725 1.246032
0.3508772 -0.1941516 0.7708172
0.2982456 -0.1137279 0.823351
0.2105263 -0.02215949 0.5969148
0.1754386 0.04290964 0.6407526
0.1871345 -0.04047042 1.025227
0.4152047 -0.2278298 0.8357709
0.2807018 -0.1811595 0.9617585
0.3216374 -0.1508268 0.605897
0.7660819 -0.1195121 0.5251863
0.2046784 -0.3464827 1.400997
0.251462 -0.2641007 1.148393
0.3391813 -0.04282295 0.57054
0.3274854 -0.1577156 0.8869737
0.2631579 -0.3113306 1.197778
0.3040936 -0.2572812 0.9839573
0.2865497 -0.132876 0.6462046
0.2339181 -0.04271295 0.8148326
0.2339181 -0.3551835 1.233758
0.4269006 -0.2403368 0.7960936
0.5380117 -0.1718618 0.657423
0.2690058 -0.1564461 0.9365074
0.3625731 -0.133669 0.7653389
0.4210526 -0.1115991 0.6991674
0.4444444 -0.1598481 0.7211485
0.3859649 -0.1719757 0.6857111
0.251462 -0.1633536 1.041516
0.3274854 -0.1163846 0.811479
0.2748538 -0.2163483 1.020145
0.3157895 -0.2230866 1.008971
0.3567251 -0.1761303 0.8518428
0.6900585 -0.1896372 0.652561
0.6315789 -0.2594331 0.7221543
0.619883 -0.1480277 0.5874887
0.6842105 -0.28756 0.7345367
0.5906433 -0.07519037 0.5378103
0.5321637 -0.01475538 0.5545169
0.5087719 -0.2466026 0.7734436
0.4795322 -0.2249701 0.7755624
0.8479532 -1.688425 2.153268
0.5321637 -0.2659819 0.726898
0.4327485 -0.2464339 0.8568766
