0.251462 -0.487094 1.208178
0.5380117 0.03156893 0.4354535
0.245614 -0.146596 0.8310098
0.1812865 -0.222344 1.330207
0.3216374 -0.1308751 0.7651273
0.3274854 -0.3095401 1.095792
0.245614 -0.1796122 0.9340292
0.3625731 -0.07431386 0.6353303
0.2807018 -0.2332032 0.8169055
0.2222222 -0.2937767 1.238135
0.3391813 -0.133523 0.5944012
0.2397661 -0.2169817 1.101096
0.3216374 -0.1564481 0.8749452
0.3567251 -0.1266529 0.7805871
0.245614 -0.04460828 0.8283727
0.3508772 -0.03904389 0.6382879
0.3859649 -0.2092461 0.8174554
0.2982456 -0.09487342 0.7728949
0.245614 -0.1482883 0.7460728
0.2807018 -0.2044562 1.015935
0.1695906 -0.454636 1.085725
0.3391813 -0.185853 0.8386764
0.3333333 -0.2480571 0.9761934
0.1169591 -0.1328117 1.154603
0.3274854 -0.2263989 0.9885357
0.3976608 -0.158885 0.7106508
0.2046784 -0.1140627 0.8807888
0.2923977 -0.2463224 1.0841
0.2690058 -0.157333 1.023873
0.2573099 -0.2287732 1.09907
0.2573099 -0.3517454 1.316214
0.2865497 -0.08544749 0.5500701
0.2280702 -0.07462942 0.4624755
0.2690058 -0.2401341 1.131082
0.2982456 -0.09812031 0.8669315
0.3333333 -0.1763025 0.8284853
0.1812865 -0.01114681 0.8231754
0.2280702 -0.4198456 0.9470064
0.2865497 -0.4375991 1.325133
0.3157895 -0.22552 0.9771791
0.2280702 -0.3891831 1.434376
0.2105263 -0.3351802 1.429446
0.2807018 -0.0317437 0.7196625
0.3450292 -0.200031 0.8886614
0.245614 -0.1501864 0.7559754
0.4093567 -0.2009318 0.7790605
0.2982456 -0.1938517 0.8153008
0.374269 -0.1903487 0.8535928
0.2982456 -0.1575433 0.8945558
0.3684211 -0.1384574 0.774721
0.3040936 -0.1526008 0.9066741
0.4327485 -0.1999314 0.785488
0.245614 -0.09027661 0.7799477
0.3918129 0.09255379 0.3546434
0.2573099 -0.3882701 1.099249
0.4035088 -0.1201763 0.6697024
0.251462 -0.1751669 1.006592
0.3859649 -0.1919092 0.8249658
0.3859649 -0.0761102 0.6918627
0.2163743 -0.1683267 1.094312
0.251462 -0.2991889 1.244863
0.3157895 -0.3730871 1.066311
0.1988304 -0.06203955 0.7149613
0.2865497 -0.1610914 0.899398
0.3333333 -0.09041781 0.7091278
0.1754386 -0.3411078 0.8191314
0.2222222 -0.2704853 1.231954
0.2222222 -0.2610313 1.297082
0.3333333 -0.05648296 0.6480811
0.3918129 -0.2313403 0.8718183
0.2982456 -0.2064813 0.9090105
0.2807018 -0.2670657 1.042816
0.3450292 -0.3040281 0.976301
0.2690058 -0.1920662 0.5360214
0.3216374 -0.1390834 0.7262841
0.2748538 -0.09927717 0.7381355
0.4093567 -0.2421729 0.8173577
0.3099415 -0.2865885 1.022048
0.3099415 -0.1961474 0.9407878
0.3625731 -0.3378643 1.014019
0.3859649 -0.251999 0.8590884
0.4444444 -0.1074954 0.500923
0.251462 -0.3545509 1.212433
0.3684211 -0.2180342 0.9235661
0.3859649 -0.2217111 0.8641435
0.3040936 -0.2006617 1.00666
0.2982456 -0.1407179 0.8528805
0.2982456 -0.05513733 0.8053693
0.3918129 -0.2113368 0.8151264
0.3508772 -0.1861734 0.872996
0.2748538 -0.1945802 0.9943835
0.4152047 -0.003357906 0.4071643
0.3567251 -0.2013726 0.8510316
0.2631579 -0.1008674 0.7730111
0.3508772 -0.0893183 0.7090493
0.3157895 -0.2755868 1.030727
0.3099415 -0.593431 1.238811
0.3391813 -0.1903737 0.9544263
0.2690058 -0.2219079 1.078419
0.2865497 -0.2879541 1.002703
0.4035088 -0.2866142 0.8881541
0.4210526 -0.2207196 0.7924462
0.3099415 -0.4781938 1.108161
0.4093567 -0.1692071 0.7390563
0.3040936 -0.2780169 1.058666
0.3976608 -0.220949 0.8932725
0.2807018 -0.2540517 1.060663
0.2339181 -0.2023614 0.9497859
0.3040936 -0.08617558 0.6853277
0.3216374 -0.1270089 0.8093619
0.251462 -0.2746281 1.16589
0.3567251 -0.2748864 0.9666289
0.2105263 -0.06606369 0.756969
0.3976608 -0.3153732 0.9256109
0.1520468 -0.3116913 1.128353
0.251462 -0.2675277 1.196463
0.251462 -0.2914359 0.8970467
0.2631579 -0.1796026 1.008496
0.374269 -0.08454635 0.6155276
0.2631579 -0.1390357 0.946285
0.4795322 -0.1291861 0.6498145
0.3508772 -0.297926 1.010313
0.3918129 -0.2610143 0.9540942
0.4444444 -0.1920178 0.7277169
0.4385965 -0.2587238 0.8076465
0.4210526 -0.1460678 0.7473549
0.6140351 -0.2794485 0.7219291
0.4912281 -0.03418695 0.4760534
0.4912281 -0.2422047 0.8331212
0.4736842 -0.2525017 0.8092032
0.4210526 -0.2648195 0.8674537
0.4152047 -0.2438296 0.8871123
0.2690058 -0.6696258 0.9160155
0.2865497 -0.1350988 0.8765289
0.3567251 -0.2074144 0.8844018
