0.2982456 -0.1945156 0.789679
0.2631579 -0.5166355 1.461505
0.2631579 -0.1659748 0.9553704
0.2865497 0.08585309 0.4256148
0.1988304 -0.2411625 1.07181
0.245614 -0.364 1.129537
0.3976608 -0.1833805 0.7749638
0.3216374 -0.055061 0.657948
0.1929825 -0.2317359 1.257607
0.251462 -0.3193392 1.289593
0.2982456 -0.487069 1.109032
0.2631579 -0.1605423 1.023963
0.3508772 -0.3236161 1.038417
0.374269 -0.292957 0.9700136
0.3333333 -0.2886588 0.9966677
0.2339181 -0.174314 1.087686
0.2923977 -0.3200839 1.185384
0.4269006 -0.134157 0.6855454
0.3508772 -0.2846759 0.973876
0.5614035 -0.4293613 0.8300124
0.2865497 -0.299165 1.103463
0.5321637 0.04734776 0.4626641
0.2105263 -0.02877043 0.7923043
0.3040936 -0.329747 1.147761
0.4152047 -0.1668855 0.7246783
0.2982456 -0.1828251 1.271911
0.2865497 -0.3607085 1.202599
0.2280702 -0.13982 1.035601
0.2807018 -0.3819261 1.255091
0.245614 -0.1648237 0.8711078
0.2573099 -0.1829389 1.020403
0.1988304 -0.2187122 1.303699
0.1871345 -0.5013845 1.766925
0.2573099 -0.2733637 1.10251
0.3040936 -0.3373394 0.9923138
0.2397661 -0.2352113 1.255406
0.3567251 -0.3302105 1.057955
0.3274854 -0.07566618 0.7343565
0.2748538 -0.4602366 1.276583
0.2690058 -0.1964314 1.0462
0.3333333 -0.1098248 0.7178755
0.4385965 -0.1396429 0.6957123
0.3333333 -0.1276232 0.8200078
0.4035088 -0.3064913 0.9507009
0.3157895 -0.2431501 0.8516263
0.3625731 0.08688998 0.2669677
0.2690058 -0.2155301 1.126673
0.3216374 -0.1565756 0.8037668
0.2397661 -0.4190818 1.090369
0.2982456 -0.1624251 0.9654167
0.2222222 -0.2852453 1.251897
0.2397661 -0.09203024 0.9622508
0.3625731 -0.1964531 0.8815726
0.380117 -0.2324138 0.8912121
0.380117 -0.09961241 0.7467169
0.4385965 -0.146742 0.6675099
0.3274854 -0.2348092 0.8705108
0.2339181 -0.2854746 1.202231
0.4152047 -0.2703739 0.8847428
0.1988304 -0.4862191 1.702533
0.2105263 -0.2136011 1.182827
0.3684211 -0.3711737 1.031583
0.3567251 -0.2702742 0.9658273
0.2748538 -0.20437 1.033214
0.2105263 -0.2946578 1.250693
0.3976608 -0.1196296 0.6400076
0.2807018 -0.1005801 0.8459877
0.3567251 -0.2543639 0.9202705
0.2573099 -0.2701158 1.147607
0.2046784 -0.4382481 1.516179
0.2631579 -0.2722093 1.202491
0.3157895 -0.1775861 0.8448866
0.2865497 -0.1531309 0.8727751
0.2163743 -0.18303 1.172564
0.2982456 -0.2175644 0.962732
0.2807018 -0.289455 1.146595
0.2748538 -0.03837707 0.7166684
0.2046784 0.104344 0.4556614
0.2748538 -0.2572753 1.085055
0.3274854 -0.2517686 0.9321001
0.2690058 -0.1414451 0.9350469
0.2163743 -0.2780436 1.292114
0.2397661 -0.1955581 1.112504
0.2748538 -0.2320982 0.9738059
0.2748538 -0.2597055 1.053039
0.245614 -0.07497618 0.9207401
0.2222222 -0.07913571 0.4751579
0.245614 -0.2857964 1.174477
0.3099415 -0.4022515 1.102887
0.2923977 -0.1746648 0.9432664
0.2573099 -0.4540781 1.462895
0.3684211 -0.1436404 0.7468615
0.3157895 -0.2910036 1.066424
0.4035088 -0.2053779 0.843019
0.2865497 -0.3004789 1.144631
0.4502924 -0.192859 0.7452479
0.3918129 -0.2918943 0.912504
0.3508772 -0.1479871 0.848167
0.3040936 -0.173214 0.9488742
0.3859649 -0.1791025 0.8213687
0.3040936 -0.09249872 0.854918
0.3157895 -0.2350389 0.9410945
0.4152047 -0.1199305 0.6591554
0.2397661 -0.5034503 1.380137
0.502924 -0.09691465 0.6195045
0.3625731 -0.2775731 1.005594
0.2397661 -0.3299186 1.326622
0.3274854 -0.3474344 1.085212
0.2690058 -0.2800945 1.187928
0.2690058 -0.2594027 0.9199609
0.2748538 -0.2879664 1.036486
0.2690058 -0.07057603 0.7413134
0.2280702 -0.08620764 0.7823893
0.2748538 -0.3295115 1.231548
0.2280702 -0.1373951 0.9267352
0.1988304 -0.3768304 1.466922
0.251462 -0.04242583 0.7378463
0.2631579 -0.072387 0.7132664
0.3040936 -0.1856574 0.8484874
0.2807018 -0.221086 0.9669915
0.3450292 -0.2932722 1.054077
0.497076 -0.05419717 0.524342
0.4385965 -0.1759318 0.7858558
0.2631579 -0.2994957 1.225077
0.2280702 -0.2290664 1.152394
0.374269 -0.2121931 0.8412405
0.3450292 -0.1700001 0.8635927
0.2982456 -0.3032265 1.042886
0.3040936 -0.1580971 0.6617241
0.2339181 -0.3695674 1.34059
0.3157895 -0.3494789 1.16957
0.3684211 -0.1488742 0.8237527
0.2105263 -0.3991303 1.263787
0.2690058 -0.1111899 0.9432106
0.2163743 -0.5300011 1.355966
0.2046784 -0.09491239 1.0972
0.380117 -0.3112495 0.979612
0.2105263 -0.3858007 1.423454
0.251462 -0.1907885 1.006965
0.245614 -0.3736629 1.292882
0.3157895 -0.324569 1.035039
0.1461988 0.033615 1.192153
0.2573099 -0.1417339 0.9883025
0.3450292 -0.3425311 1.075682
0.3040936 -0.3791383 1.14351
0.2105263 -0.2696884 1.250495
0.2280702 -0.01502751 0.5792726
