0.5146199 -0.2826634 0.8138426
0.6374269 -0.04024233 0.5159377
0.3333333 -0.2184771 0.9493548
0.6374269 -0.3030349 0.7504083
0.4795322 -0.3185845 0.8562663
0.3157895 -0.2862547 1.092752
0.6081871 0.0007781717 0.1741895
0.4561404 -0.1193537 0.6862331
0.4327485 -0.1211827 0.7212523
0.625731 -0.1300462 0.6172687
0.4444444 -0.1763059 1.043004
0.6140351 -0.09474527 0.5420016
0.374269 -0.216981 0.9116593
0.4502924 -0.1988215 0.7730444
0.4210526 -0.1889187 0.8109529
0.2923977 -0.2993174 1.141692
0.4853801 -0.3041917 0.8498837
0.2865497 -0.1578866 0.9125735
0.5555556 -0.2267066 0.7312557
0.5438596 -0.1991456 0.706935
0.6491228 -0.2726479 0.80771
0.6374269 -0.1219786 0.6468402
0.7602339 -0.169449 0.5905648
0.3508772 -0.08686563 0.6768428
0.4853801 -0.2974414 0.8616167
0.3391813 -0.2127999 0.9507429
0.6608187 -0.1914523 0.7043755
0.4210526 0.02345638 0.6462746
0.4678363 -0.2722405 0.8461397
0.5087719 -0.2689361 0.7970326
0.4795322 -0.2036226 0.7374168
0.4619883 -0.1853418 0.7544725
0.4093567 -0.3448227 0.9824764
0.7017544 -0.3190468 0.7447552
0.3976608 -0.2427678 0.8937303
0.4093567 -0.2238063 0.8552016
0.5263158 -0.2232324 0.7390106
0.3918129 -0.3877571 0.988795
0.5263158 -0.3873723 0.8622676
0.6549708 -0.3069454 0.7842594
0.5672515 -0.3208288 0.8562972
0.5614035 -0.01626499 0.5365028
0.4619883 -0.1628661 0.7384379
0.6432749 -0.1081475 0.5517986
0.7017544 -0.1859276 0.6127033
0.497076 -0.2013105 0.7791322
0.4619883 -0.2552632 0.8359807
0.5789474 -0.08560881 0.5681965
0.2397661 -0.3772759 1.377882
0.4444444 -0.1658209 0.8108828
0.754386 -0.2225517 0.6327224
0.6315789 -0.3064444 0.7454485
0.748538 -0.1447305 0.5331005
0.8888889 -0.8412506 1.276124
0.7134503 -0.2932573 0.7411839
0.502924 -0.1536178 0.6875317
0.7426901 -0.2372319 0.7298306
0.4093567 -0.1774325 0.83762
0.7134503 0.2405531 0.2457364
0.5380117 -0.1547171 0.6456255
0.6081871 -0.2896369 0.9520036
0.380117 -0.03767733 0.6211624
0.2690058 -0.2388351 1.109358
0.3040936 -0.1751072 0.9360776
0.6842105 -0.1820045 0.623309
0.502924 -0.2392939 0.8113129
0.6023392 -0.2979989 0.7593451
0.4502924 -0.1791706 0.7684127
0.502924 -0.2549901 0.7986858
0.5380117 -0.2002553 0.681078
0.3859649 -0.2650853 0.9069622
0.2807018 -0.3124011 1.221355
0.4152047 -0.2572436 0.8856448
0.625731 -0.1664244 0.6126153
0.7134503 -0.270061 0.7112828
0.7134503 -0.34429 0.7615199
0.7017544 -0.1390611 0.5808413
0.4502924 -0.2931343 0.8306337
0.4152047 -0.3215476 0.9252106
0.7076023 -0.2312921 0.6609857
0.3099415 -0.3711197 1.140383
0.3157895 -0.2763976 1.060224
0.6315789 -0.1774488 0.6552648
0.4093567 -0.2444438 0.883751
0.6081871 0.0002134266 0.4125496
0.502924 -0.1472579 0.6330468
0.9473684 -6.420541 7.091719
0.6549708 -0.2370567 0.6577186
0.7251462 -0.1959553 0.669654
0.5087719 -0.2474907 0.7985844
0.5847953 -0.2600956 0.7318001
0.6081871 -0.1945338 0.7240587
0.4619883 -0.1793269 0.7886124
0.2748538 -0.550036 1.450943
0.6140351 -0.02357419 0.4278088
0.4327485 -0.1965103 0.7904278
0.3684211 -0.2443591 0.920292
0.6666667 -0.2353483 0.727997
0.6842105 -0.01069566 0.4541543
0.5847953 -0.2962113 0.7778213
0.2690058 -0.4572065 1.375929
0.5789474 -0.3106267 0.7911464
0.3918129 -0.1723842 0.847309
0.4327485 -0.06712663 0.611788
0.5847953 -0.1915585 0.730585
0.6725146 0.004248452 0.4473204
0.4093567 -0.2937067 0.9410688
0.4853801 -0.168712 0.7340865
0.4736842 -0.226603 0.7651623
0.4736842 -0.2848418 0.8531705
0.5672515 -0.2747483 0.7599579
0.4561404 -0.1311283 0.6635184
0.3918129 -0.1966342 0.8538974
0.4795322 -0.1700904 0.7459911
0.2222222 -0.3515057 1.518886
0.5906433 -0.1469472 0.5897938
0.3099415 -0.2750831 1.089783
0.497076 -0.2151918 0.7694509
0.2631579 -0.4283532 1.412673
0.3216374 -0.2700838 1.075121
0.5146199 -0.227967 0.7476968
0.3625731 -0.2044963 0.8815454
0.4502924 -0.1497239 0.6906405
0.4619883 -0.2553341 0.8597123
0.4327485 -0.2435693 0.8286852
0.4444444 -0.1527382 0.7639623
0.5321637 -0.2725487 0.8133638
0.6023392 0.251051 0.270475
0.6081871 -0.2367437 0.7120045
0.4269006 -0.2648617 0.8704017
0.5847953 -0.1875005 0.7286802
0.4619883 -0.3676868 0.8801121
0.2631579 -0.95689 1.545811
0.4502924 -0.2724891 0.8449656
0.4444444 -0.3057468 0.9043865
0.619883 -0.2747027 0.7523131
0.6725146 -0.1515895 0.6106423
0.4385965 -0.3282596 0.900594
0.5497076 -0.1975182 0.6968009
0.2807018 -0.09425238 0.9073092
0.2280702 -0.2314898 1.207314
0.4210526 -0.3269917 0.8994758
0.3274854 -0.3267916 1.086628
0.5087719 -0.2633675 0.7775823
0.4678363 -0.2570244 0.834188
0.5672515 -0.2310838 0.7001608
0.4853801 -0.2136023 0.7308894
0.3216374 -0.2684091 1.051456
0.5380117 -0.1938044 0.752033
0.5847953 -0.3283711 0.829341
0.3157895 -0.1877435 0.9678309
0.4152047 -0.3054878 0.9452189
0.6081871 -0.210884 0.7028733
0.3040936 -0.3295239 1.166729
0.4912281 -0.2333487 0.7911842
0.5497076 -0.2418106 0.7614925
0.5730994 -0.291742 0.7599644
0.3157895 -0.2678468 1.065947
0.2280702 -0.2892591 1.254724
0.2631579 -0.1693406 1.040259
0.4619883 -0.05483172 0.6134963
0.3099415 -0.195936 0.9868421
0.3099415 -0.2111521 0.9903962
0.4795322 -0.2096973 0.7911596
0.6959064 0.09911264 0.260111
0.6725146 -0.2918024 0.7387324
0.3274854 -0.2779557 1.032254
0.6081871 0.1874244 0.2429365
0.6959064 -0.1257834 0.5942883
0.5263158 -0.1431994 0.6736356
0.3157895 -0.2168547 1.00651
0.5497076 -0.3048087 0.7950904
0.5614035 -0.2526883 0.721885
0.502924 -0.3429211 0.8321896
0.5087719 -0.2474714 0.7855865
0.3567251 -0.2838799 1.02513
0.7894737 -0.2018863 0.6100346
0.7251462 -0.3709926 0.8019639
0.7602339 0.00575236 0.3977343
0.5964912 0.0812869 0.4141949
0.625731 -0.2990284 0.7867949
0.5789474 -0.2481739 0.7194925
0.5087719 -0.2367693 0.8110848
0.7953216 -1.078951 1.457891
0.6783626 -0.0419515 0.5285989
0.4502924 -0.24317 0.8410679
0.6725146 -0.190435 0.6504992
0.3099415 -0.2227326 1.003866
0.497076 -0.3143377 1.014535
0.5438596 -0.1503518 0.6851031
0.5906433 -0.1464463 0.6368663
0.4327485 -0.2659339 0.8517605
0.3274854 -0.2801854 1.061585
0.3450292 -0.2085463 0.912847
0.4502924 -0.2630883 0.9173759
0.4795322 -0.2198718 0.8579203
0.4035088 -0.1830001 0.7997491
0.497076 -0.3033695 0.8316013
0.3918129 -0.2758084 0.9333031
0.3684211 -0.3441605 1.029402
0.5847953 -0.09908323 0.5597145
0.4736842 0.469484 -0.7980708
0.3099415 -0.3366965 1.175208
0.5380117 -0.1842189 0.6572748
0.4210526 -0.3042116 0.939098
0.6081871 0.0965751 0.3893212
0.4327485 -0.08782856 0.7071462
