0.3274854 -0.204459 0.8813579
0.3274854 -0.0880337 0.7186729
0.2339181 -0.08337727 0.749571
0.4912281 -0.2601383 0.7998628
0.3099415 -0.04046995 0.6687343
0.2163743 -0.5681543 1.565388
0.4152047 -0.107822 0.6765517
0.4327485 -0.3294758 0.9191535
0.3099415 -0.3476855 1.204069
0.4678363 -0.2364859 0.8018542
0.4502924 -0.0575092 0.6118263
0.3099415 -0.3536068 1.227118
0.2982456 -0.1860002 0.9148554
0.2397661 -0.3134028 1.216532
0.2397661 -0.1583126 1.083485
0.3040936 -0.204499 1.02505
0.251462 -0.4113864 1.437051
0.4502924 -0.2167313 0.7730586
0.2748538 -0.295361 1.268947
0.5204678 -0.20187 0.7264737
0.3391813 -0.2566658 0.9696741
0.2748538 -0.2180079 1.013193
0.3040936 -0.2298599 1.03573
0.2573099 -0.2335143 1.034042
0.2046784 -0.3252458 1.509846
0.2982456 -0.1980977 1.006745
0.3274854 -0.2405955 0.9868991
0.2631579 -0.0977399 0.8908997
0.2105263 -0.1283756 1.010064
0.3333333 -0.2673624 1.026725
0.2573099 -0.3293982 1.263902
0.2105263 -0.2404083 1.252695
0.4269006 -0.178138 0.7835286
0.3859649 -0.2641245 0.9264686
0.4152047 -0.1619864 0.7553394
0.2923977 -0.3580262 1.162046
0.2573099 -0.3478756 1.333455
0.2690058 -0.2878268 1.225908
0.3508772 -0.2070987 0.9165382
0.3918129 -0.3169786 0.9759852
0.2690058 -0.4203092 1.342044
0.2807018 -0.3986406 1.201686
0.4385965 -0.1611128 0.7616111
0.3099415 -0.2397754 1.011851
0.3157895 -0.235525 0.9787159
0.4035088 0.01196419 0.4907541
0.3333333 -0.1074355 0.7757294
0.3508772 -0.1831429 0.8804641
0.4502924 -0.335129 0.8696702
0.3567251 -0.09275721 0.6756965
0.1871345 -0.9421568 1.759289
0.3567251 -0.2393413 0.8647842
0.4736842 -0.2654163 0.7940252
0.4678363 -0.1031222 0.6368583
0.4502924 -0.2545515 0.837891
0.380117 -0.3040709 0.9919649
0.4736842 -0.0630481 0.5870963
0.1988304 -0.1500666 0.9731447
0.4385965 -0.1880144 0.742373
0.4912281 -0.2421828 0.6836248
0.4152047 -0.214078 0.8525215
0.4269006 -0.249328 0.8550205
0.3040936 -0.2605423 1.043206
0.4502924 -0.2762882 0.8098268
0.3567251 -0.226708 0.9517548
0.380117 -0.1039177 0.6851417
0.4561404 -0.128184 0.6316287
0.2280702 -0.7593987 1.468677
0.2573099 -0.1844789 1.024725
0.4327485 -0.1000947 0.6650428
0.5087719 -0.1216807 0.6228182
0.502924 -0.2409074 0.7617988
0.7602339 -0.2531495 0.653082
0.4210526 -0.1484515 0.6607033
0.4210526 -0.1619491 0.7428613
0.4210526 -0.2206614 0.8138798
0.380117 -0.1717811 0.805368
0.5614035 -0.2222223 0.6710112
0.4502924 -0.0881198 0.6171318
0.4502924 -0.158002 0.724002
0.5555556 -0.2376166 0.6723542
0.3099415 -0.08087066 0.7137415
0.5438596 -0.2508856 0.7586834
0.2923977 -0.1582968 0.9659661
0.2105263 -0.6929437 1.899082
0.5438596 -0.08726872 0.5517193
0.2807018 -0.17583 0.9924495
0.4035088 -0.2615126 0.8971584
0.4853801 -0.3019773 0.842126
0.3859649 -0.1124709 0.7176557
0.6374269 -0.2346449 0.6798344
0.2748538 -0.2498974 1.16371
0.3859649 -0.2691884 0.9012531
0.2631579 -0.4454051 1.398768
0.4444444 -0.2140178 0.780637
0.2748538 -0.2205125 1.12339
0.3508772 -0.227608 0.9494612
0.3040936 -0.2954817 1.070239
0.3157895 -0.3082797 1.122214
0.2690058 -0.27687 1.201851
0.3859649 -0.2041754 0.8603145
0.5497076 -0.2024883 0.6643986
0.3508772 -0.1496091 0.835298
0.3508772 -0.2771846 0.9726208
0.4853801 -0.1620697 0.6981756
0.3333333 -0.1733364 0.893924
0.3684211 -0.3193394 1.008831
0.4561404 -0.2121497 0.7851034
0.4327485 -0.290374 0.8871725
0.251462 -0.4502228 1.43043
0.3040936 -0.1768246 0.9249928
0.251462 -0.4199457 1.372381
0.3157895 -0.2798036 1.106333
0.4093567 -0.1325327 0.7097477
0.2982456 -0.2383397 0.9642799
0.2280702 0.01798912 0.6116758
0.3157895 -0.2309068 1.007512
0.4035088 -0.1936789 0.8043919
0.2807018 -0.2831643 1.172481
0.3918129 -0.1783945 0.819982
0.3918129 -0.00952044 0.5716532
0.3099415 -0.313281 1.060289
0.4678363 -0.1633416 0.6663209
0.3157895 -0.2600829 1.018373
0.2397661 -0.3689369 1.402786
0.2807018 -0.1147315 0.9417722
0.3567251 -0.2654999 0.9557114
0.4736842 -0.2959142 0.7845151
0.4152047 -0.08979616 0.6126933
0.2339181 -0.4218572 1.530853
0.497076 -0.005928458 0.5099782
0.4619883 -0.1715049 0.7513332
0.5614035 -0.1957024 0.7148362
0.2280702 -0.3482446 1.438867
0.3859649 -0.2965679 0.9183116
0.4444444 -0.1639755 0.6574431
0.380117 -0.1446828 0.8008444
0.2163743 -0.311184 1.054074
0.3508772 -0.3517895 1.023978
0.2397661 -0.3104935 1.302744
0.4152047 -0.193077 0.7772995
0.380117 -0.1299078 0.7272921
0.2923977 -0.2617211 1.09983
0.4619883 -0.09064041 0.6054924
0.4502924 -0.1179237 0.6478933
0.2222222 -0.431399 1.416254
0.3216374 -0.3097321 1.079885
0.3684211 -0.1280988 0.7707225
0.3274854 -0.1234263 0.8364925
0.374269 -0.2472363 0.8846655
0.2339181 -0.06951951 0.9289258
0.3333333 -0.2890163 1.037066
0.2105263 -0.4785003 1.678005
0.497076 -0.2404408 0.7668181
0.4327485 -0.3186301 0.8958705
0.380117 -0.2770914 0.9290059
0.3391813 -0.2412813 1.012958
0.3157895 -0.3173711 1.137733
0.4736842 -0.1438768 0.7352124
0.3040936 -0.09171049 0.8467526
0.3391813 -0.3344552 1.03717
0.3157895 -0.2147663 0.9509146
0.3274854 -0.3395869 1.12558
0.2631579 -0.3005614 1.251766
0.5204678 -0.03853898 0.5112418
0.1578947 -0.3644677 1.682041
0.2631579 -0.2989941 1.236899
0.2982456 -0.268505 1.104704
0.4619883 -0.2968681 0.8462961
0.3216374 -0.1263602 0.8763435
0.2748538 -0.1913476 1.03182
0.7192982 -0.1272899 0.5427688
0.2865497 -0.2417836 1.089328
0.3450292 -0.3124397 1.060822
0.7251462 0.01870714 0.3509717
0.4678363 -0.2444187 0.8170224
0.5146199 -0.2948224 0.7994239
0.5263158 -0.3122603 0.8309854
0.4561404 -0.1708272 0.7251388
0.2690058 -0.2978781 1.136312
0.6549708 -0.2894958 0.7488119
0.3216374 -0.208746 1.010927
0.374269 -0.3395288 1.049885
0.251462 -0.1787426 1.054634
0.2222222 -0.2563361 1.347603
0.1871345 -0.9100242 1.626202
0.3157895 -0.2367123 0.9589592
0.3450292 -0.2150123 0.9340514
0.4269006 -0.2213387 0.8126267
0.2631579 -0.3328564 1.253542
0.3508772 -0.178185 0.8891234
0.3508772 -0.1824299 0.8532413
0.4912281 -0.2963224 0.8136794
0.3976608 -0.2227634 0.884129
0.3976608 -0.2437663 0.8712558
0.4561404 -0.1212525 0.66652
0.5672515 -0.2424141 0.7148892
0.3567251 -0.30014 1.007132
0.374269 -0.1397259 0.7800706
0.3567251 -0.2419574 0.9316941
0.374269 -0.2769558 0.9477309
0.3508772 -0.1660763 0.7782612
0.5380117 -0.2314019 0.6949743
0.2865497 -0.3395893 1.16831
0.4093567 -0.1014102 0.700141
0.5321637 -0.1984124 0.7104572
0.3508772 -0.2749977 0.9663477
0.4912281 -0.3775244 0.8379385
0.3333333 -0.1881206 0.8792881
0.4152047 -0.3038454 0.8872209
0.3508772 -0.1018647 0.6969716
0.2748538 -0.1539477 1.020288
0.5614035 -0.164619 0.6620573
0.4093567 -0.2085774 0.8734817
0.2865497 -0.3697666 1.27576
0.3157895 -0.09422095 0.8417272
0.1754386 -0.2433085 1.188181
0.251462 -0.366089 1.307082
0.245614 -0.1546392 1.065584
0.2339181 -0.3644438 1.371969
0.3508772 -0.0866372 0.7080998
0.2923977 -0.05911037 0.5959512
0.3625731 -0.137716 0.83679
0.502924 -0.1897381 0.7344971
0.4736842 -0.09797213 0.6320294
