0.5964912 -0.09186925 0.6366416
0.5672515 -0.2172573 0.7500377
0.502924 -0.1402234 0.719675
0.2748538 -0.1483141 0.8871181
0.1345029 -0.3541861 1.88823
0.1345029 0.1808491 0.2063825
0.128655 -0.125663 0.8181506
0.4385965 -0.06057645 0.5875344
0.3508772 -0.1391202 0.7778721
0.1461988 -0.3617704 1.343537
0.4678363 -0.2381169 0.8340875
0.8947368 -1.509011 4.751274
0.251462 -0.1325316 0.9680452
0.8947368 -1.509011 4.751274
0.8947368 -1.509011 4.751274
0.9766082 -8.299 14.24396
0.8947368 -1.509011 4.751274
0.8011696 0.2396614 0.6833415
0.502924 -0.2564834 1.023897
0.4795322 0.009050393 0.5434946
0.2690058 -0.2600387 1.182752
0.3333333 -0.08802166 0.820839
0.1695906 -0.01257073 1.127593
0.4210526 -0.08778798 0.7064087
0.1871345 -0.1975487 1.362973
0.4093567 -0.2144159 0.8586551
0.4093567 0.09587833 0.4418342
0.4035088 -0.149108 0.7639118
0.3918129 -0.01494101 0.6487822
0.3040936 0.1064326 0.5534142
0.5730994 0.02433512 0.405627
0.2397661 0.02813116 0.6518161
0.6959064 0.03864167 0.3796005
0.6491228 -0.09276056 0.5318569
0.5847953 -0.1044166 0.6230327
0.4619883 -0.08135558 0.6458535
0.2982456 -0.1456975 0.93242
0.5087719 -0.2141397 0.7658756
0.497076 -0.0388186 0.6016679
0.4444444 -0.1618803 0.7610006
0.380117 -0.1329887 0.7947581
0.3216374 -0.1036431 0.800749
0.245614 0.04039164 0.6168127
0.245614 -0.1524933 1.075469
0.251462 -0.1584168 1.011935
0.1812865 -0.03584003 0.7486082
0.1520468 -0.4438211 1.697132
0.3040936 -0.148932 0.9437242
0.4619883 -0.2154481 0.8543123
0.754386 -0.4514621 0.8749835
0.3274854 -0.2530098 0.9978646
0.4093567 -0.09584226 0.6934737
0.5730994 -0.2317217 0.7042891
0.3567251 -0.2472436 0.963329
0.4385965 -0.2856437 0.8609476
0.3450292 0.01443087 0.6564141
0.4327485 0.01836769 0.4867567
0.2807018 -0.1926772 1.015661
0.4035088 -0.251041 0.9243959
0.502924 -0.1013179 0.6131894
0.2982456 0.009780911 0.6895349
0.374269 0.1165913 0.4558485
0.1871345 -0.07015861 1.048165
0.3391813 -0.009734756 0.6780132
0.3216374 -0.05966845 0.7620245
0.6081871 0.1133089 0.3166084
0.3040936 -0.06492655 0.72849
0.3274854 -0.1447978 0.8739095
0.3976608 -0.2632588 0.9250792
0.4385965 -0.230277 0.8619172
0.6900585 -0.05899856 0.5441304
0.5614035 -0.1596276 0.6535487
0.502924 -0.1462427 0.679585
0.8245614 0.2354616 0.2947305
0.7602339 -0.7889886 1.761301
0.5672515 -0.1530724 0.796694
0.3333333 -0.0348871 0.7382751
0.3157895 -0.1463927 0.8995451
0.2982456 -0.1356223 0.8576742
0.3859649 0.0818317 0.5042533
0.2865497 -0.1591542 0.9844978
0.3099415 -0.1102663 0.936351
0.1695906 0.00497962 1.116715
0.2690058 -0.2433313 1.144746
0.251462 -0.2557689 1.043023
0.3976608 0.1515513 0.3015894
0.2339181 -0.009208694 0.865242
0.3274854 0.1148502 0.5891867
0.2573099 -0.1998934 1.124986
0.625731 -0.0004402678 0.4159025
0.4561404 0.0684828 0.4542718
0.1988304 -0.1035942 1.012564
0.4561404 -0.1070488 0.7135747
0.2222222 -0.09655602 0.8973571
0.1637427 -0.1904869 1.380215
0.1345029 -0.1113991 0.9521983
0.1871345 -0.04547843 1.084301
0.1871345 -0.3131927 1.371691
0.1169591 0.08085545 1.153496
0.1812865 0.149413 0.5169864
0.2280702 -0.1507786 1.143615
0.3040936 -0.1573171 0.9500705
0.2280702 -0.2815707 1.110238
0.2807018 0.00467213 0.7498755
0.1637427 -0.3173912 1.624222
0.2748538 -0.07276008 0.8400848
0.3684211 -0.1045263 0.7038729
0.3918129 -0.1711961 0.8239157
0.245614 -0.3650278 1.407988
0.2631579 -0.2022238 1.145612
0.2923977 -0.1006548 0.7709874
0.2748538 -0.04529243 0.7780877
0.3684211 -0.002315015 0.6202324
0.2690058 -0.0992278 0.8843192
