0.1812865 -0.4353058 1.741389
0.502924 -0.190158 0.7826885
0.3508772 -0.09985933 0.7593734
0.2923977 -0.08120422 0.8454408
0.4853801 -0.163078 0.6906828
0.1988304 -0.1573933 1.126183
0.2163743 -0.1369746 1.121428
0.3567251 -0.2461502 0.9616322
0.2339181 -0.1595023 1.060973
0.5906433 -0.1052122 0.5954964
0.1754386 -0.02995183 1.128472
0.3976608 -0.004819292 0.6333348
0.3274854 -0.01457363 0.6260112
0.2631579 -0.1218002 0.9561028
0.3216374 -0.2320505 0.9791792
0.502924 -0.08970839 0.6236415
0.4093567 -0.02593514 0.5986546
0.245614 -0.3920462 1.449055
0.2923977 -0.1700263 0.9691049
0.245614 -0.1208534 1.023508
0.3684211 -0.2669401 0.9672748
0.380117 -0.1044407 0.760398
0.2807018 -0.1259363 0.950889
0.4502924 -0.0923675 0.669138
0.3450292 -0.1869758 0.9130016
0.4502924 0.03947184 0.4853671
0.2982456 -0.1822742 0.9936753
0.4385965 -0.2146646 0.8136558
0.3684211 -0.1703851 0.8426383
0.5555556 -0.2319512 0.7721816
0.4327485 -0.07339908 0.7270894
0.4795322 -0.132953 0.7468443
0.5964912 -0.5262209 -1.648415
0.2748538 -0.1284767 0.9334625
0.245614 -0.2797997 1.676476
0.1812865 -0.3138409 1.547628
0.3450292 -0.1769132 0.912047
0.3157895 -0.1452007 0.8864177
0.5380117 -0.05879592 0.5832811
0.7134503 -0.01034241 0.3847622
0.2631579 -0.2180991 1.158607
0.4853801 -0.1000355 0.5792075
0.4678363 -0.2673106 0.8243685
0.3976608 0.03780179 0.5005987
0.2690058 -0.3097002 1.216784
0.3391813 -0.2947368 1.046841
0.4853801 -0.05403706 0.6273728
0.4093567 -0.1824597 0.7543524
0.3274854 -0.02913797 0.6465476
0.5204678 -0.2040308 0.7180999
0.4385965 0.07038455 0.5186553
0.3508772 0.01849475 0.6409034
0.3976608 -0.183995 0.8273927
0.3567251 -0.06388025 0.6986911
0.3567251 -0.2586298 0.9708982
0.1461988 -0.3739408 1.858659
0.3450292 -0.107809 0.8193465
0.4385965 0.05064001 0.4694583
0.1754386 -0.08984505 1.145732
0.3567251 -0.272665 0.9950983
0.6315789 -0.2370263 0.7446977
0.2807018 -0.255492 1.080969
0.2631579 -0.2397434 1.159648
0.3859649 -0.03235761 0.657975
0.3099415 -0.1601386 0.9417014
0.5555556 -0.09332229 0.5678233
0.5263158 -0.0567253 0.6357796
0.4502924 -0.1597098 0.7359093
0.2280702 -0.2623522 1.314737
0.1871345 -0.6360084 1.905912
0.3567251 -0.1802568 0.8989095
0.4035088 -0.08773444 0.6852519
0.4619883 -0.04486104 0.6255863
0.2339181 -0.257154 1.154497
0.251462 -0.3317869 1.315694
0.2573099 -0.1991545 1.10855
0.3099415 -0.02172374 0.7429516
0.1578947 -0.3598088 1.808359
0.4269006 0.04136282 0.5400801
0.5730994 0.0346591 0.4442364
0.3333333 -0.1749795 0.9130887
0.2397661 -0.382309 1.467837
0.4444444 -0.1826418 0.7914383
0.4619883 -0.2491853 0.8589832
0.3625731 -0.124854 0.8238708
0.4678363 -0.2417928 0.8505416
0.3508772 -0.2266948 0.9823324
0.2163743 -0.1932804 1.197389
0.1812865 -0.311092 1.488208
0.245614 -0.06696926 0.8125728
0.380117 -0.1453476 0.7869119
0.122807 -0.1403879 1.629821
0.1929825 -0.1554201 1.286815
0.4678363 -0.1270809 0.6705732
0.251462 -0.2036425 1.026488
0.4561404 -0.157964 0.6911023
0.4269006 -0.1505831 0.7397953
0.3216374 -0.2042426 0.9087493
0.4269006 -0.2038579 0.8043856
0.4619883 0.04946532 0.4297664
0.4035088 -0.195979 0.8238222
0.2573099 -0.4601056 1.525985
0.2339181 -0.3151949 1.313072
0.2222222 -0.1239882 1.130137
0.4152047 0.02950065 0.5668998
0.2280702 -0.1896986 1.181857
0.2807018 -0.1645264 0.9870458
0.1520468 -0.2525264 1.713876
0.1695906 -0.4163232 1.825376
0.2163743 -0.4167391 1.608124
0.245614 -0.5453795 1.665251
0.4152047 -0.07956569 0.6815504
0.3625731 -0.1885823 0.8655611
0.4327485 -0.1460515 0.719532
0.5204678 -0.00947476 0.544204
0.5438596 -0.1922522 0.7726141
0.2690058 -0.03339494 0.8518905
0.1988304 -0.3692075 1.627249
0.1578947 0.002448289 0.9732191
0.3567251 -0.149111 0.8661326
0.1637427 -0.3556629 1.64363
0.2222222 -0.1873025 1.235147
0.6140351 -1.629201 5.055275
0.3157895 -0.1264954 0.845349
0.1812865 -0.4354808 1.89252
0.2923977 -0.09104724 0.9119005
0.3976608 -0.1221179 0.744913
0.4269006 -0.182405 0.7698712
0.2982456 0.01328303 0.6881103
0.2748538 -0.2121053 1.124373
0.4093567 -0.1038474 0.7514498
0.2982456 -0.2132108 1.046959
0.3976608 -0.1720211 0.8047461
0.2222222 -0.4937243 1.745562
0.3625731 0.2038148 -0.09830528
0.2105263 -0.07508295 1.033788
0.3918129 -0.07352213 0.6708989
0.3157895 -0.2337312 0.9640319
0.3216374 -0.2138304 0.9969701
0.1929825 -0.3236658 1.609041
0.6081871 -0.1436679 0.6664979
0.3567251 -0.2561344 0.9911024
0.4736842 -0.02257593 0.606947
0.2573099 -0.1092076 1.011523
0.2748538 -0.1123606 0.9286312
0.2807018 -0.2198458 1.00272
0.4678363 -0.18427 0.7886086
0.3976608 -0.1666008 0.8126495
0.4152047 -0.1693346 0.8591837
0.1812865 -0.345585 1.574358
0.1988304 -0.1160936 1.002684
0.1520468 -0.4936508 2.012019
0.4795322 -0.09091071 0.6317274
0.1871345 -0.1724892 1.257463
0.3918129 -0.2214481 0.8978106
0.2982456 -0.1853024 0.9263659
0.07602339 -1.110992 3.909935
0.3859649 -0.178762 0.857295
0.1871345 -0.1190265 1.285557
0.245614 -0.07712443 0.9305306
0.1403509 -0.3331769 1.757678
0.128655 -0.4506068 2.306382
0.3274854 -0.260142 1.072009
0.4327485 -0.2075388 0.8371225
0.2748538 -0.3260483 1.245533
0.4269006 -0.2045565 0.8203355
0.4327485 -0.2220774 0.8297558
0.2865497 -0.2539057 1.134926
0.2339181 -0.3263039 1.404996
0.4385965 -0.05030869 0.6770049
0.4093567 0.1201736 0.4322877
0.3684211 -0.1989726 0.8758291
0.4385965 -0.07603732 0.6241202
0.3918129 -0.06156841 0.6630585
0.3157895 -0.2436562 1.037517
0.5497076 -0.1563347 0.6874896
0.1637427 -0.4093746 0.9369691
0.2397661 -0.2700861 1.196148
0.1929825 0.03687124 0.7510208
0.2923977 -0.2530425 1.120868
0.3099415 -0.2051779 1.030772
0.1988304 -0.3276153 1.532968
0.2105263 -0.2260218 1.321568
0.4035088 -0.08301341 0.6785761
0.128655 -0.7052055 2.424127
0.2397661 -0.1837703 1.149706
0.4619883 -0.1894145 0.7785526
0.2690058 -0.1676172 1.054034
0.3918129 -0.1398376 0.7443538
0.4853801 -0.2459102 0.8640228
0.4093567 -0.2836481 0.9084343
0.5438596 -0.150966 0.6610064
0.3333333 -0.2308202 0.9298751
0.1871345 -0.1928612 1.307365
0.2280702 -0.4802898 1.588746
0.2222222 -0.1284383 0.9294214
0.4619883 -0.007849509 0.5851809
0.2865497 -0.1459703 0.9387609
0.2105263 -0.536625 1.835585
0.4736842 -0.2047676 0.7577454
0.3976608 -0.2157065 0.8885878
0.4561404 -0.06460568 0.6386619
0.245614 -0.2569548 1.231078
0.4035088 -0.2260739 0.7824744
0.1812865 -0.3273217 1.604852
0.1929825 -0.2515916 1.296154
0.3976608 -0.2385316 0.9049029
0.2046784 -0.3218642 1.467038
0.2397661 -0.2003989 0.8327016
0.4444444 -0.2473709 0.8455652
0.2807018 -0.2403067 1.08083
0.3625731 -0.1321034 0.8078236
0.1988304 -0.02125585 0.9815668
0.3625731 -0.06280274 0.7009179
0.251462 -0.108835 0.9870606
0.380117 -0.154775 0.8254989
0.3216374 -0.2561593 1.020089
0.2748538 -0.1146467 0.9406942
0.2982456 -0.1853441 0.9430976
0.3099415 -0.4726615 1.255175
0.4912281 -0.104201 0.6408658
0.3040936 -0.2517692 1.080492
0.4385965 -0.04837152 0.5866927
0.3333333 -0.1285948 0.8586039
0.3567251 0.1413172 0.499155
0.1988304 -0.3628361 1.563742
0.3625731 -0.1968178 0.8703739
0.2690058 -0.3618045 1.32688
0.2046784 -0.3179086 1.433941
