0.5906433 -0.35155 0.8557222
0.8421053 -1.075508 1.534999
0.8479532 0.3724037 0.02448994
0.994152 16.63322 -32.97746
0.9649123 -4.769679 7.824581
0.8947368 -0.6274671 1.063458
0.8479532 -0.3933581 1.004022
0.877193 -0.2865868 0.6808782
0.6666667 -1.640272 1.564918
0.8830409 -0.7710204 1.192829
0.8654971 -1.353076 2.46317
0.5146199 -0.3269222 1.069792
0.7309942 -0.6265097 1.022387
0.7017544 -0.5251445 0.9435444
0.8947368 -5.614339 6.03844
0.9883041 17.23176 -34.23053
0.9883041 -7.119416 18.33979
0.9181287 -5.964009 6.447893
0.9122807 -4.384572 4.882383
0.877193 -1.670363 2.118687
0.9473684 -3.554078 5.45166
0.9298246 -6.811671 7.327086
0.9064327 -5.311182 5.785332
0.6374269 -0.2071314 0.6839683
0.7309942 -0.4976059 0.909094
0.8479532 -0.6912294 1.121858
0.7192982 -0.5160399 0.9285224
0.9181287 -6.451782 6.938545
0.8187135 -0.06777843 0.5854356
0.8011696 -1.035764 1.441104
0.6491228 -0.469684 0.9066758
0.8421053 -0.571272 1.076715
0.9005848 -0.3378841 0.785646
0.754386 -0.6304613 1.049389
0.497076 -0.2541894 0.7978464
0.8070175 -6.404647 6.790479
0.8362573 -5.475681 5.917125
0.6842105 -0.2895878 0.8316559
0.7660819 -0.6756525 1.07735
0.8070175 -1.537121 1.925763
0.8888889 0.1897256 0.2034244
0.9590643 -8.711256 9.587066
0.7251462 0.0252914 0.3909217
0.8538012 -1.085092 1.507698
0.7368421 -0.2475097 0.671329
0.6725146 -0.3108314 0.7701829
0.8888889 -1.645995 2.095862
0.9181287 -5.690886 6.186904
0.8596491 -1.224679 2.878795
0.871345 -7.379385 7.823044
0.7894737 -2.88289 3.796539
0.619883 -0.5400476 0.953938
0.7836257 -0.3719602 0.7299863
0.5906433 -0.2128271 0.7218071
0.8830409 -6.725585 7.185008
0.9181287 -5.197921 5.692607
0.625731 -0.2249242 0.7096032
0.8304094 0.7188081 -0.08944039
0.7660819 -0.8873227 1.320397
0.7251462 -0.1361032 0.6070995
0.7192982 -0.4115385 0.8250855
0.6549708 -0.3043218 0.7687194
0.7017544 -0.3065985 0.7354273
0.7836257 0.3762442 0.02852744
0.9239766 -4.494183 4.349907
0.7602339 -0.4781157 0.8726392
0.8128655 -0.2606946 0.6797035
0.9824561 -8.56415 18.3396
0.8128655 0.1735479 0.1811473
0.8421053 -0.5158141 0.8760623
0.9005848 0.1842196 0.2006024
0.9766082 -5.748668 6.848822
0.625731 -0.3042254 0.8236992
0.4795322 -0.532756 4.218904
0.4093567 -0.3108026 1.005039
0.9649123 -4.152515 7.028923
0.6315789 -0.3565013 0.7947699
0.7251462 -6.042105 6.422144
0.7309942 -0.5430624 0.929557
0.8596491 -0.4521204 0.8624144
0.9122807 -6.904493 7.342092
0.9883041 -6.729297 17.44083
0.5438596 -0.2429766 0.7557342
0.8947368 -0.5731505 1.008907
0.8187135 -0.3686886 0.7923858
0.5672515 -0.3247151 0.8048505
0.4444444 -0.09360963 0.3345229
0.4912281 -0.2584775 0.8410397
0.6374269 -0.2843529 1.129063
0.5964912 -0.3718021 0.8502733
0.7953216 -1.76637 2.179082
0.6725146 -0.1957863 0.6655614
0.7017544 -0.395782 0.8238637
0.9064327 -7.157595 7.756665
0.8421053 0.3728243 -0.01667274
0.6842105 -0.2905946 1.686234
0.5263158 -0.3180638 0.901355
0.6315789 -0.283692 0.7749292
0.7426901 -0.361958 0.7871737
0.6491228 -0.4245192 0.8696642
0.9005848 -0.2149062 1.10263
0.9883041 -6.733981 17.43986
0.7017544 -0.2809067 0.74229
0.619883 -0.1664103 0.6964182
0.5672515 -0.432756 1.203661
0.7719298 -0.2567249 0.6896715
0.7836257 -8.406226 18.94095
0.7719298 -0.2902888 0.6772089
0.9005848 -4.74756 5.193206
0.8362573 -0.5556845 1.008171
0.6549708 -0.3717926 0.8225892
0.625731 -0.3322685 0.8042241
0.7076023 -0.260794 0.7251508
0.7309942 -4.750403 5.110713
0.7953216 -0.7254417 1.140827
0.9122807 -0.3030833 1.284864
0.9064327 -6.263391 6.698228
0.9122807 -5.403074 5.84835
0.7076023 -0.2414111 0.6675623
0.6842105 -0.5753966 1.011002
0.7719298 -6.200355 6.592431
0.5789474 -0.3390737 0.8517037
0.5380117 -0.331255 0.8942748
0.8128655 -0.3760032 0.7831732
0.9473684 -2.692079 4.456981
0.877193 -4.712216 5.152447
0.8947368 -7.635555 8.047194
0.754386 -1.050446 1.45782
0.8654971 -1.247616 1.730685
0.8070175 -0.08672204 0.5572469
0.7836257 0.0598473 0.3867165
0.7309942 -0.6724122 1.074718
0.754386 -5.623487 6.007302
0.8947368 -4.173213 4.596478
0.748538 -0.3284376 0.7681845
0.8187135 -0.4973369 0.9155194
0.9415205 -1.294848 2.8039
0.7192982 -0.7945641 1.218657
0.6842105 -0.686759 1.097856
0.8011696 -1.432168 2.48605
