0.2631579 -0.312571 1.200817
0.2339181 -0.4982878 1.176428
0.251462 -0.216581 0.8963777
0.2748538 -0.2197707 1.043022
0.502924 -0.2058374 0.7499234
0.2631579 -0.4075443 0.52236
0.2982456 -0.1237604 0.4425057
0.2339181 -0.1173193 0.8234111
0.2105263 0.03312534 0.3231935
0.3099415 -0.3578812 1.149511
0.1812865 -0.302392 1.368006
0.2339181 -0.1817457 1.019075
0.2222222 -0.1614012 0.9997273
0.2631579 -0.3056438 1.242837
0.2631579 -0.2695358 0.8718115
0.3099415 -0.1385135 0.695554
0.2748538 -0.1791823 0.8982936
0.1578947 -0.3917151 1.316034
0.2222222 0.02852004 0.5372477
0.1520468 -0.3650322 1.767037
0.1403509 -0.2147275 -0.6307249
0.251462 -0.2534548 1.177448
0.1578947 -0.3634286 1.675909
0.245614 -0.4868745 1.238264
0.1812865 -0.3593528 1.458911
0.2807018 -0.3539774 0.974733
0.2163743 -0.1321696 0.9267514
0.245614 0.0105047 0.7097329
0.3684211 -0.2809094 0.968631
0.3157895 -0.09676171 0.7172378
0.2222222 -0.4291629 1.414729
0.2923977 -0.1131148 0.7965648
0.2982456 -0.08419088 0.6588469
0.2923977 -0.02574529 0.6202669
0.2573099 0.03833758 0.4704212
0.2690058 -0.1206902 0.9448646
0.2280702 -0.1535777 0.9874166
0.1871345 -0.3992243 1.622211
0.2046784 -0.1542446 0.8177107
0.245614 -0.2124573 1.087751
0.2163743 -0.01243492 0.8673716
0.2280702 -0.2866715 1.257663
0.2105263 -0.1583979 1.158438
0.3216374 -0.4129341 1.139366
0.3157895 -0.2127041 0.8405685
0.4385965 -0.2016445 0.7901598
0.3157895 -0.3029933 1.11759
0.2690058 -0.3543189 1.195822
0.2748538 -0.2191397 1.015444
0.1988304 -0.1907091 1.216617
0.2923977 -0.05563019 0.7510411
0.2339181 -0.1787617 1.121958
0.3684211 -0.05754054 0.6438472
0.2631579 -0.1951804 1.029311
0.2982456 -0.205803 0.9508744
0.2748538 -0.2615577 1.150283
0.3157895 -0.1122844 0.6872615
0.2865497 -0.1718327 0.9700157
0.3040936 -0.01948 0.5320915
0.2982456 -0.04667206 0.6826525
0.4152047 -0.205709 0.8447626
0.3508772 -0.08948571 0.52487
0.2748538 -0.1703334 0.8081201
0.3040936 -0.06923038 0.5175172
0.2690058 -0.2591946 0.9195793
0.2222222 -0.1793213 1.001509
0.1812865 -0.2145677 1.466263
0.2280702 -0.6065724 1.066899
0.3508772 -0.1663446 0.778267
0.2222222 -0.1604324 0.9116053
0.2748538 -0.006967996 0.5792831
0.2573099 -0.323229 1.205977
0.3508772 -0.1886627 0.7380356
0.3567251 -0.1580066 0.7369994
0.2222222 -0.2987136 1.35368
0.3099415 -0.2591669 0.8276612
0.2573099 -0.1793847 0.9921479
0.3040936 -0.1506328 0.7475224
0.3099415 -0.1283168 0.8682187
0.251462 -0.1608967 0.9897552
0.1754386 -0.1390431 1.07382
0.2222222 -0.4040454 1.482173
0.3099415 -0.1453549 0.7888912
0.2865497 -0.2737615 1.119746
0.3508772 -0.2853249 0.9338323
0.2982456 -0.03362565 0.6021729
0.2631579 -0.2130859 1.041141
0.3333333 -0.189009 0.88741
0.245614 -0.03204821 0.5501008
0.1403509 -0.0737731 0.9584468
0.2397661 0.09188866 0.5512178
0.2222222 -0.1285028 0.9650486
0.1461988 -0.4705193 1.200598
0.3040936 -0.3193424 1.152836
0.2690058 -0.006421907 0.7026807
0.2339181 -0.1148872 0.7789949
0.3333333 -0.1890848 0.8068965
0.2982456 -0.276711 1.099378
0.3450292 -0.2422682 0.9174461
0.2339181 -0.2631794 0.9985263
0.1988304 -0.05401841 0.3931868
0.2923977 -0.1543772 0.8811477
0.2105263 0.0104906 0.3734694
0.2046784 -0.2666321 0.9012514
0.2339181 -0.2056566 0.9028464
0.2982456 -0.113416 0.8642263
0.2222222 -0.2203329 0.973613
0.245614 -0.2096142 0.9900589
0.3216374 -0.4397813 1.141828
0.2339181 -0.2195177 0.6022408
0.1754386 -0.4577255 0.6645575
0.2982456 -0.07316945 0.6932868
0.245614 -0.1854734 0.8192525
0.3157895 -0.09717998 0.7530077
0.3040936 0.00636881 0.495228
0.1754386 -0.1384349 0.5233765
0.3333333 -0.2550824 1.002963
0.3099415 -0.2102818 0.9499975
0.2280702 -0.2385897 0.9140992
0.3157895 -0.214071 0.8867503
0.1988304 -0.1400253 1.13578
0.2982456 -0.1054758 0.8245433
0.2280702 -0.246786 0.5291416
0.2163743 -0.2962475 1.229189
0.2573099 -0.1115422 0.914185
0.2631579 -0.07496578 0.8836945
0.2280702 -0.1912944 0.9013954
0.1929825 -0.245906 1.41079
0.2397661 -0.1381508 0.934851
0.2631579 -0.142744 0.8607062
0.4035088 -0.215022 0.7997735
0.2690058 -0.164862 1.040039
0.2807018 0.01517685 0.4887832
0.3040936 -0.4237368 1.129684
0.2222222 -0.0396246 0.7008953
0.2280702 -0.1956895 0.843661
0.1812865 -0.3689315 1.254787
0.3391813 -0.3607273 1.01241
0.2923977 -0.2483067 1.046222
0.3450292 -0.2489005 0.9362379
0.3274854 -0.1155191 0.7489193
0.2690058 -0.2199294 0.9258289
0.1871345 -0.07844218 1.00845
0.3157895 -0.1338332 0.8131787
0.1929825 -0.2886722 1.455703
0.2163743 -0.3376488 1.282553
0.3391813 -0.1534222 0.7581103
0.2982456 -0.3069968 1.050417
0.2280702 -0.3072831 1.192504
0.2163743 -0.2063286 1.026004
0.2690058 -0.35701 1.214925
0.2748538 -0.07640482 0.7887667
0.245614 -0.008696685 0.6693469
0.1403509 -0.009144288 0.7999652
0.3157895 -0.1126844 0.671779
0.3216374 -0.1473282 0.8348798
0.4093567 -0.1962914 0.848617
0.3157895 -0.3190026 1.083547
0.3859649 -0.252015 0.865771
0.3157895 0.1176096 0.3743276
0.3567251 -0.1924515 0.809873
0.2280702 -0.0488587 0.7920308
0.2163743 -0.06500496 0.4482242
0.1695906 -0.6177347 1.615813
0.1929825 -0.3450967 0.9727327
0.2397661 -0.2590267 1.178088
0.1988304 -0.2385214 1.302753
0.2280702 -0.04866388 0.654733
0.2573099 -0.3262135 1.25709
0.245614 -0.09559188 0.5299877
0.2748538 -0.3594178 1.126846
0.3274854 -0.2637112 0.958742
0.2339181 -0.2694783 0.5577576
0.2748538 -0.1513645 0.5663871
0.3274854 -0.280107 1.002799
0.2397661 -0.3368795 1.395597
0.245614 -0.001981957 0.707897
0.1871345 -0.1789029 0.8521417
0.2631579 -0.1530366 0.9556432
0.2923977 -0.1635945 0.843401
0.2982456 -0.133416 0.8096732
0.3099415 -0.3257997 0.6933951
0.2397661 -0.1457524 1.071879
0.3333333 -0.1493153 0.8294843
0.1929825 -0.01729696 0.7966779
0.2631579 -0.1451752 0.9533898
0.1461988 -0.1531034 0.3984398
0.3274854 -0.2750372 0.982261
0.2222222 -0.2468452 0.9464556
0.2631579 -0.2671632 1.096082
0.2573099 -0.2337319 1.031798
0.2280702 -0.1434871 0.2574245
0.2631579 -0.1937533 0.8003891
0.2748538 -0.2594209 1.147291
0.2982456 -0.06353125 0.8203756
0.2982456 -0.2964778 1.145006
0.2631579 -0.1752207 0.808537
0.251462 -0.1335639 0.9533277
0.2573099 -0.2310417 1.148953
0.2339181 -0.2010827 0.946533
0.3040936 -0.2123794 0.7863827
0.2982456 -0.2940749 1.155811
0.2748538 -0.3460426 1.26916
0.3040936 -0.2388885 0.935977
0.2339181 -0.2634501 0.9988987
0.2748538 -0.006659978 0.5797433
0.2631579 -0.1175181 0.8586041
0.2748538 -0.2676724 1.102455
0.2690058 0.01389141 0.7038323
0.4327485 -0.2033995 0.7937354
0.4035088 -0.1508313 0.7408132
0.1988304 -0.5771883 1.036131
0.2923977 -0.02894951 0.7668122
0.2046784 -0.4441977 0.9635213
0.2573099 -0.2217534 1.013479
0.2222222 -0.05807361 0.8586766
0.2163743 -0.1568702 0.621346
0.245614 -0.2402008 0.9142627
0.2163743 0.07361191 0.22005
0.2631579 0.0417975 0.4605552
0.2865497 -0.1435632 0.7941801
0.1871345 -0.005961616 0.7370159
0.2573099 -0.1777294 0.6972543
0.251462 -0.2399885 0.7559615
0.2923977 -0.2369279 0.9982019
0.2748538 0.1050938 0.1539617
0.2339181 -0.3207967 1.311852
0.3040936 -0.177645 0.7754027
0.251462 -0.1870351 0.7945908
0.2807018 -0.06143841 0.5908992
0.2923977 -0.2131799 1.019175
0.2222222 -0.01801309 0.6040784
0.2222222 -0.143075 0.960557
0.2748538 0.07193533 0.1185038
0.2280702 -0.2096142 0.9304133
0.2397661 -0.2409434 1.072042
0.3918129 -0.1409057 0.783792
