0.2631579 -0.020165 0.5205551
0.3157895 -0.1219871 0.7916543
0.4035088 -0.09570108 0.7007417
0.2397661 0.0279914 0.6677825
0.1812865 -0.1240183 0.7239905
0.2339181 -0.09668761 0.9633892
0.2222222 -0.3614229 1.293948
0.1988304 -0.03100335 0.8455138
0.3274854 -0.2264012 0.926316
0.2690058 0.0680148 0.4409664
0.3157895 -0.02074288 0.5530806
0.2280702 -0.1093468 1.018383
0.2865497 -0.2183183 0.9785545
0.2397661 -0.3197965 1.053788
0.1988304 -0.04205207 0.6668176
0.245614 -0.2562179 1.068358
0.1871345 -0.3046601 1.414736
0.2222222 -0.2130009 1.201348
0.3216374 -0.1688259 0.850058
0.2339181 -0.3718216 1.071625
0.2807018 -0.1312176 0.8634974
0.2105263 -0.09861322 0.7727071
0.1988304 -0.171241 0.9500531
0.3216374 -0.1913198 0.9203416
0.245614 -0.2170778 1.075557
0.3040936 -0.2997854 1.02864
0.374269 -0.1748743 0.7661848
0.3040936 -0.1869778 0.9433443
0.3216374 -0.1039607 0.5696529
0.2397661 -0.1933472 1.015484
0.2982456 -0.1483445 0.8940248
0.2397661 -0.03274341 0.7275954
0.2748538 -0.2491063 0.9708127
0.245614 -0.3124754 1.124947
0.3274854 -0.230751 0.8316191
0.5614035 -0.03048123 0.5086927
0.3508772 -0.1014424 0.5796423
0.1754386 -0.04038329 0.9633108
0.2748538 -0.1418974 0.7231014
0.251462 0.0533727 0.5463688
0.1812865 -0.3567144 1.455024
0.3450292 -0.148176 0.8398041
0.2046784 -0.3146201 1.305457
0.1929825 -0.02014994 0.2929566
0.251462 -0.2465112 1.085192
0.3040936 0.007533134 0.6392171
0.3333333 -0.1923543 0.9349444
0.1929825 -0.1224309 0.7503485
0.2923977 -0.2357312 1.05999
0.1461988 -0.3106921 1.280096
0.2222222 -0.3112557 1.267474
0.2397661 -0.4846496 1.459891
0.3567251 -0.2546676 0.9355072
0.2222222 -0.1157821 0.9966692
0.2923977 -0.339395 0.8839905
0.1929825 -0.4056063 1.476523
0.2573099 -0.2176942 1.083244
0.2748538 -0.2408979 1.050517
0.2105263 -0.06675218 0.9098663
0.2339181 -0.5278955 1.388226
0.3274854 -0.09144104 0.6349404
0.3040936 -0.4483129 1.128469
0.1929825 -0.3315552 1.218697
0.2105263 -0.1622891 0.8250607
0.2865497 -0.09065461 0.6901527
0.2807018 -0.1207469 0.8066439
0.2105263 -0.5095967 1.270961
0.3274854 -0.3417035 0.9975435
0.2339181 -0.1519407 1.039051
0.2982456 -0.1355808 0.7772331
0.2631579 -0.0354137 0.8038357
0.2631579 -0.114973 0.8688597
0.2982456 -0.1666797 0.7646078
0.245614 -0.1627915 0.9292196
0.3216374 -0.4055229 1.106383
0.2163743 -0.1340435 0.9685278
0.2046784 -0.1831431 0.7696221
0.245614 -0.2985357 0.9962283
0.245614 -0.2873456 1.03713
0.2807018 -0.1617383 0.9630828
0.1812865 -0.03637988 0.7494528
0.1403509 -0.4673424 0.4342902
0.3157895 -0.2829034 1.022517
0.3508772 -0.09484078 0.6162969
0.251462 -0.1636701 0.9530938
0.2865497 -0.1745295 0.9534647
0.3859649 -0.1978049 0.8086943
0.2339181 0.1134713 0.03837163
0.2807018 -0.2825974 0.6637977
0.1754386 0.1324036 0.628733
0.2339181 -0.2670755 1.10486
0.380117 -0.166432 0.6721907
0.1871345 -0.1943554 1.322078
0.2923977 -0.3041231 1.072479
0.2982456 -0.2013005 0.8691616
0.2690058 -0.3155834 1.128455
0.2163743 -0.3981282 1.241008
0.3040936 -0.1590605 0.8705711
0.2573099 -0.1721287 0.7901585
0.2865497 -0.2439605 1.088085
0.2397661 -0.3095012 1.253024
0.1871345 -0.4634467 1.640421
0.2865497 -0.2653816 1.150071
0.1637427 0.1358388 0.6726935
0.1461988 -0.0631871 1.275248
0.3274854 -0.100769 0.7329634
0.2923977 -0.2499423 0.9130568
0.2865497 -0.2336173 1.023673
0.2222222 -0.1413855 0.7590492
0.2631579 -0.02291565 0.6631848
0.245614 -0.06018289 0.738193
0.1520468 -0.2751503 0.4035198
0.2923977 -0.240537 1.074039
0.1695906 -0.405169 1.249553
0.3684211 -0.1230564 0.7259389
0.2865497 -0.09042174 0.7505218
0.2982456 -0.09799111 0.6068575
0.2573099 -0.1122112 0.8736142
0.3508772 -0.08539315 0.7514258
0.2982456 -0.1112673 0.6573974
0.2222222 -0.2763705 1.283069
0.2631579 -0.1084169 0.9572978
0.3099415 -0.1622945 0.7772316
0.2280702 -0.2070082 0.9862389
0.2280702 -0.2153916 1.107597
0.3157895 -0.1223047 0.8498055
0.1812865 -0.3045945 0.8436677
0.3216374 0.08411998 0.433263
0.2280702 -0.1977138 1.119189
0.3216374 -0.1383265 0.8213282
0.3274854 -0.1187738 0.749099
0.2573099 0.09160944 0.6259599
0.2865497 -0.1669014 0.9000275
0.1929825 -0.3524115 1.412602
0.2222222 -0.2542717 1.274198
