0.3918129 -0.2366521 0.8602888
0.4912281 -0.2481574 0.7709349
0.2982456 -0.1329625 0.4096486
0.3040936 -0.1469206 0.9233583
0.2982456 -0.04610511 0.5819028
0.497076 -0.1902489 0.7308227
0.3918129 -0.2387373 0.9375433
0.251462 -0.1458373 0.98352
0.3333333 -0.1523223 0.8190276
0.1988304 0.08293313 0.6068236
0.2163743 -0.2367446 1.171087
0.3508772 -0.3123991 1.025729
0.2690058 -0.2431083 1.182863
0.3157895 -0.151109 0.8759528
0.3450292 -0.09822956 0.7320152
0.4619883 -0.02775643 0.5855815
0.4385965 -0.1374109 0.6758646
0.251462 -0.3055991 0.7632336
0.2573099 -0.2022784 0.8866868
0.5263158 -0.1745868 0.6559512
0.380117 -0.2248888 0.8444486
0.4912281 -0.1235518 0.6247423
0.2865497 -0.3240226 1.157158
0.3216374 0.04018357 0.44414
0.2631579 -0.3711002 1.291159
0.3040936 -0.1890289 0.7168298
0.245614 -0.2511709 0.9833413
0.2807018 -0.337458 1.001515
0.3274854 -0.2205939 0.7491411
0.1929825 -0.3949241 1.55386
0.2046784 -0.3533453 1.485241
0.4210526 -0.5432195 1.416746
0.3508772 -0.1324328 0.6843407
0.3216374 -0.1312181 0.6209235
0.2163743 -0.1847642 1.035647
0.5263158 -0.353285 0.8366277
0.3216374 -0.2237927 0.9947399
0.3859649 0.0101032 0.5075055
0.2748538 -0.1551184 0.5144158
0.4444444 -0.06979303 0.6508438
0.3157895 -0.3101943 0.9895212
0.3333333 -0.2142488 0.9367052
0.2573099 -0.1527144 0.7937156
0.3508772 -0.2444209 0.9349827
0.2280702 -0.325994 0.9506876
0.3450292 -0.1843382 0.6535972
0.5087719 -0.1029629 0.6298734
0.4035088 -0.2432796 0.827158
0.2397661 -0.1578913 1.043739
0.3274854 -0.1830964 0.9063505
0.3625731 -0.128852 0.7055139
0.2397661 -0.1796627 0.6213467
0.3450292 -0.2390695 0.7408989
0.3274854 -0.2790005 0.7734852
0.2222222 -0.06138599 0.5911618
0.4152047 -0.06718999 0.6150736
0.4035088 -0.3208625 0.9224208
0.2865497 -0.339955 1.203047
0.2631579 -0.2100776 1.071399
0.4385965 -0.1399279 0.6850664
0.2105263 -0.5059697 1.678864
0.3567251 -0.03685821 0.5221878
0.3216374 -0.4658073 1.263831
0.2865497 -0.1367113 0.8958263
0.2163743 -0.1152722 0.8890172
0.4035088 0.04345407 0.4232079
0.4035088 -0.204674 0.8278395
0.3976608 -0.04648247 0.5879604
0.3216374 -0.3002864 0.9624488
0.5146199 -0.2628825 0.7713557
0.4502924 -0.1820012 0.7697862
0.2573099 -0.2387375 1.018807
0.3450292 -0.1059735 0.7371602
0.2631579 -0.111737 0.601104
0.2807018 -0.1768545 0.9774014
0.3450292 -0.2897847 0.9245781
0.4385965 -0.05385132 0.5186595
0.4327485 -0.2602673 0.8264952
0.625731 -0.1346814 0.5942538
0.3976608 -0.227883 0.8872732
0.7660819 -0.1325005 0.4934897
0.4093567 -0.1820651 0.7264211
0.2807018 -0.3071569 1.175971
0.3625731 -0.3106921 0.9182266
0.3333333 -0.2272788 0.9692202
0.2923977 -0.3162735 1.102994
0.2807018 -0.1451936 0.8569532
0.2982456 -0.2669674 1.024983
0.251462 -0.1574796 1.004959
0.2982456 -0.1832507 0.7701073
0.2982456 -0.1346942 0.9046319
0.2690058 -0.3188862 1.245866
0.4385965 0.0667913 0.2794141
0.2748538 -0.03551093 0.6419546
0.3099415 -0.3613748 1.163078
0.3099415 -0.2989887 1.108116
0.2982456 -0.08890099 0.7900867
0.4269006 -0.06366761 0.663043
0.2982456 -0.4523163 1.211524
0.2573099 -0.1810942 1.023206
0.2631579 -0.1906122 1.00079
0.5672515 -0.2516018 0.7370996
0.3508772 -0.2062775 0.8863789
0.3625731 -0.1167406 0.5934526
0.5730994 -0.05682628 0.5261591
0.5263158 -0.1826411 0.6613914
0.2280702 -0.2039408 1.055688
0.2748538 -0.190799 0.9182023
0.5497076 -0.1781735 0.6602999
0.5614035 -0.1989796 0.6617813
0.374269 -0.2162101 0.8763161
0.3918129 -0.1831317 0.8332202
0.3567251 -0.2604569 0.9400856
0.2105263 -0.2121797 1.175702
0.4152047 -0.2572414 0.8545839
0.245614 -0.3107165 1.297284
0.2222222 -0.3028644 1.37705
0.4912281 -0.3303121 0.8433764
0.1754386 -0.3019903 1.500361
0.3099415 -0.2937924 1.060236
0.245614 -0.2325822 0.9560787
0.3099415 -0.2285772 0.8605871
0.2573099 -0.218341 1.073197
0.3567251 -0.178485 0.8257944
0.2690058 -0.3205919 0.9066902
0.3976608 -0.2536171 0.9179549
0.2865497 -0.1766735 0.990666
0.4210526 -0.2267408 0.791957
0.4795322 -0.2101938 0.7754648
0.5730994 -0.2607589 0.7709804
0.2982456 -0.1528557 0.8663065
0.3216374 -0.2191198 0.8717931
0.3684211 -0.2329014 0.8463653
0.2923977 -0.2790996 1.075574
0.2807018 -0.1856415 0.9028408
0.3450292 -0.289457 0.9554037
0.2748538 -0.04927621 0.6873229
0.2222222 0.001153191 0.748911
0.3391813 -0.1740212 0.8822989
0.2222222 -0.2394582 1.008117
0.3099415 -0.3102981 1.100328
0.3157895 -0.2261094 1.002114
0.4619883 -0.2923298 0.8464526
0.3567251 -0.1488469 0.8267586
0.374269 -0.2453269 0.9027543
0.502924 -0.1664066 0.678283
0.251462 -0.2777247 1.107754
0.4269006 -0.2668158 0.8598218
0.2865497 -0.1961565 0.8734131
0.2105263 0.007843792 0.3839954
0.374269 -0.2995125 0.9394696
0.2748538 -0.472792 1.360204
0.2105263 -0.5894356 1.078655
0.1929825 -0.4989895 1.643236
0.2222222 -0.4039438 1.144357
0.3040936 -0.4628195 1.200369
0.4327485 -0.2094016 0.8102409
0.4210526 -0.11249 0.7035801
0.1637427 -0.4687614 1.862997
0.2865497 -0.03897835 0.6480968
0.2982456 -0.163325 0.9544314
0.2397661 -0.5135152 1.454672
0.2982456 -0.3200435 1.179588
0.4912281 -0.1069811 0.5104967
0.4385965 -0.2804746 0.8254061
0.4561404 -0.2485032 0.8096234
0.2690058 -0.4651434 1.400486
0.2222222 -0.05884876 0.2285449
0.4385965 -0.2549392 0.8491301
0.245614 -0.1189985 0.8427379
0.3099415 -0.1732689 0.8136595
0.245614 -0.2527744 1.204997
0.245614 -0.2341195 1.135831
0.2690058 -0.01855987 0.5470313
0.245614 -0.2289083 1.168966
0.2865497 -0.05736801 0.7729531
0.3274854 -0.02312423 0.4730663
0.3859649 -0.2621943 0.9428691
0.2807018 -0.1740427 0.953828
0.2807018 -0.1593512 0.8528016
0.2222222 -0.2246094 1.157566
0.2631579 -0.33419 1.229624
0.2690058 -0.2336284 1.076047
0.4853801 -0.2481712 0.7840511
0.3274854 -0.2898028 0.9973493
0.245614 -0.4676723 1.167841
0.251462 -0.4673684 1.133997
0.245614 -0.2420227 1.157051
0.5321637 -0.2078148 0.706569
0.2748538 -0.1736855 0.9874075
0.251462 -0.8473098 1.216237
0.3625731 -0.2571995 0.9502233
0.2690058 -0.5461989 1.291235
0.2280702 -0.4373276 1.297238
0.2631579 -0.2568395 1.016869
0.251462 -0.1494312 0.848041
0.1929825 -0.4270396 1.640842
0.2982456 -0.07924135 0.78617
0.2690058 -0.1684858 1.038175
0.5380117 -0.1973928 0.6907915
0.3684211 -0.1186604 0.5536326
0.3391813 -0.1879684 0.9594627
0.4035088 -0.2397674 0.8395149
0.4035088 -0.1364537 0.7778617
0.502924 -0.2407458 0.79623
0.3157895 -0.1171744 0.7704666
0.3918129 -0.1626495 0.7675341
0.2923977 -0.124966 0.7965283
0.2397661 -0.1997241 1.131526
0.2982456 -0.3070723 1.144465
0.6374269 0.04608467 0.4242644
0.502924 -0.2524732 0.781748
0.1871345 -0.6525345 1.1924
0.4912281 -0.3083717 0.832117
0.5380117 -0.2770919 0.751049
0.3859649 -0.01400361 0.5208434
0.3567251 -0.2751417 0.9876736
0.2748538 -0.2284893 1.101801
0.2046784 -0.4016852 1.283317
0.2982456 -0.2953045 1.165449
0.2865497 -0.4252129 1.252909
0.2865497 -0.3658428 1.259424
0.3918129 -0.2537512 0.8579092
0.3040936 -0.2493596 0.9219516
0.2923977 -0.08356786 0.6081581
0.4269006 -0.1471778 0.7184057
0.2573099 -0.1833717 1.018896
0.3391813 -0.217181 0.8600888
0.497076 -0.2659119 0.7703876
0.245614 -0.513451 1.131971
0.2748538 -0.2957455 1.146558
0.4035088 -0.3200847 0.9110374
