0.4269006 -0.237757 0.8208771
0.2748538 -0.2015815 0.9574615
0.3333333 -0.2585872 0.9420249
0.1695906 -0.1983883 1.276904
0.3157895 -0.09055079 0.7579502
0.3157895 -0.2556518 0.8159058
0.2573099 -0.3399557 1.165333
0.3684211 -0.2555805 0.9454789
0.1871345 -0.04767776 0.5833967
0.2046784 -0.09595182 0.8409025
0.3157895 -0.099979 0.6129127
0.1812865 -0.2029528 1.188517
0.380117 -0.2847346 0.9470813
0.1988304 -0.2949509 1.157779
0.245614 -0.1885693 1.039512
0.3157895 -0.2310963 0.9651349
0.2046784 -0.4649505 1.346955
0.3274854 -0.1869601 0.925903
0.2865497 -0.3209723 1.086973
0.2397661 -0.0377872 0.6592154
0.2690058 -0.4494265 1.125941
0.3157895 -0.1262493 0.6976475
0.4736842 -0.2034587 0.7699882
0.2982456 -0.2704416 1.105493
0.2397661 -0.472433 1.200429
0.2046784 -0.2895296 1.139054
0.2807018 -0.2965821 1.133876
0.3157895 -0.269018 1.051261
0.2163743 -0.2872981 1.256515
0.374269 -0.1378543 0.6007393
0.4210526 -0.1938012 0.803801
0.2105263 -0.002774865 0.2078816
0.2748538 -0.06159087 0.7592612
0.2865497 -0.2661477 1.066784
0.2105263 -0.5445298 1.582298
0.380117 -0.2353876 0.902746
0.4444444 -0.1178803 0.673595
0.1754386 -0.01290855 0.0711621
0.2397661 -0.2168118 1.097579
0.2923977 -0.08618825 0.6910301
0.2690058 -0.3410286 1.252658
0.3391813 -0.03752876 0.6012101
0.3216374 -0.05404151 0.6524616
0.3976608 -0.187072 0.7757747
0.3216374 -0.127916 0.8287051
0.2865497 -0.08972206 0.7924641
0.2748538 -0.1785543 0.899124
0.3918129 -0.2687252 0.8775892
0.380117 -0.2363915 0.8511516
0.3508772 -0.2623186 0.970476
0.2690058 -0.3021848 1.059023
0.2865497 -0.03406916 0.57085
0.2865497 -0.2208109 1.030701
0.2923977 -0.6250151 1.219089
0.3391813 -0.1494773 0.7101236
0.3684211 -0.1719305 0.881621
0.3157895 -0.1306554 0.766729
0.2163743 -0.03899435 0.6742245
0.3391813 -0.2225076 0.7701921
0.245614 -0.1340403 0.9185996
0.3976608 -0.2360435 0.859053
0.380117 -0.1239101 0.6972376
0.2631579 -0.1455111 0.9653705
0.3040936 0.121568 0.4307326
0.2280702 -0.1804036 1.110992
0.2280702 -0.1355567 0.7947183
0.2690058 -0.2110273 1.074735
0.2397661 -0.4293859 0.9248674
0.251462 -0.2642286 1.08424
0.1871345 -0.122655 0.7412018
0.2690058 -0.143236 0.5240026
0.5146199 -0.2233727 0.7240389
0.245614 -0.2869058 1.125112
0.251462 -0.1982242 0.904675
0.2573099 -0.1517358 0.8555791
0.2690058 -0.4758717 1.143819
0.3333333 -0.1208228 0.6671127
0.2690058 -0.1455023 0.9041
0.2748538 -0.3903409 1.12311
0.3391813 -0.2619003 0.9727423
0.4853801 -0.2487594 0.7965709
0.2807018 -0.2570845 0.8085203
0.2397661 -0.03253129 0.8513884
0.3391813 -0.1862941 0.8567778
0.3684211 -0.3270385 0.9498357
0.3099415 -0.1134671 0.5767833
0.3099415 -0.1500573 0.755444
0.2865497 -0.2135711 1.015598
0.2163743 -0.2001327 1.156044
0.2046784 -0.972154 1.03946
0.3508772 -0.1797955 0.8548237
0.3274854 -0.2039171 0.9116513
0.3976608 -0.1949292 0.5945489
0.2280702 -0.2059986 1.028506
0.4210526 -0.203531 0.7650014
0.2865497 -0.2349701 0.9495801
0.374269 -0.2441734 0.866949
0.3216374 -0.212293 1.014026
0.1695906 -0.4535872 1.862384
0.1812865 -0.2668334 0.7975869
0.2573099 -0.1372341 0.8271157
0.3157895 -0.1319586 0.8692855
0.3684211 -0.1253009 0.8024728
0.2748538 -0.08446521 0.8229329
0.2573099 -0.1764543 0.9666018
0.2573099 -0.2826043 1.225262
0.2105263 -0.1322082 1.046082
0.2631579 -0.2194908 1.022854
0.245614 -0.2298019 1.139753
0.251462 -0.2488522 1.058675
0.245614 -0.6075179 1.008468
0.3450292 -0.2042945 0.8802274
0.2865497 -0.04218789 0.6778512
0.3099415 -0.3058771 1.14449
0.1929825 -0.2266206 0.9460185
