0.245614 -0.2342565 1.228502
0.2631579 -0.11438 0.8375108
0.2397661 -0.17769 1.09995
0.3684211 -0.1872233 0.8755301
0.3216374 -0.09666542 0.7963602
0.2748538 -0.1847624 1.047279
0.2748538 -0.3592629 1.321559
0.2339181 0.09470162 0.7049688
0.374269 -0.1130387 0.7709217
0.380117 -0.1900649 0.8711537
0.3859649 -0.2438655 0.8955903
0.5672515 -0.2202552 0.707157
0.2573099 -0.257997 1.281127
0.4502924 -0.2125066 0.7990893
0.4152047 -0.1538217 0.7701049
0.2807018 -0.349593 1.2979
0.2397661 -0.2216477 0.6082059
0.5321637 -0.1201777 0.6546435
0.3040936 -0.1195565 0.908045
0.4210526 -0.2561089 1.052477
0.4444444 -0.05151426 0.6436647
0.380117 -0.2189193 0.8896381
0.3684211 -0.09258444 0.7410593
0.3099415 -0.1249448 0.8899204
0.3450292 -0.2738036 1.120497
0.2982456 -0.1830167 1.00337
0.4502924 -0.1853767 0.7872476
0.1812865 -0.4665393 1.81228
0.2631579 -0.1592876 1.059515
0.2865497 -0.2420744 1.168787
0.5497076 -0.09481241 0.6128851
0.128655 -0.695149 2.229455
0.2982456 -0.07485096 0.8048255
0.1929825 -0.3062518 1.602365
0.3391813 -0.0913394 0.8124261
0.251462 -0.1929191 1.12808
0.4093567 -0.1421697 0.7673252
0.3567251 -0.2559203 1.019758
0.3157895 0.1093605 0.5952512
0.4444444 -0.1580578 0.7901704
0.2280702 -0.1257295 1.112082
0.3333333 -0.2190981 0.917749
0.374269 -0.01550984 0.6321791
0.3508772 -0.1937513 0.9270561
0.2280702 -0.6795877 1.630636
0.3333333 -0.3148974 1.031337
0.1988304 -0.2643371 1.401288
0.4619883 -0.04458355 0.6546667
0.1111111 -1.100521 2.570111
0.1695906 -0.1189258 1.261362
0.4269006 -0.2188156 0.848355
0.3508772 -0.2571175 1.012898
0.2923977 -0.1127605 0.9514005
0.2748538 -0.2056971 1.124198
0.3040936 -0.2090347 1.033577
0.5672515 -0.2308345 0.75023
0.5146199 0.04655931 0.4927149
0.6549708 -0.132109 0.5993771
0.2748538 -0.3155521 1.260468
0.1754386 -0.1587037 1.42268
0.2807018 -0.2070025 1.074774
0.3450292 -0.367331 1.128494
0.3216374 -0.2363448 0.9835685
0.4093567 -0.2408996 0.8889802
0.4561404 -0.2584079 0.8808725
0.2923977 -0.1659207 0.9044332
0.2339181 -0.09106136 0.9769155
0.2046784 -0.09639478 1.168423
0.2222222 -0.2658673 1.387071
0.2982456 -0.2550414 1.058454
0.4853801 -0.1596418 0.6945896
0.2397661 -0.27978 1.320209
0.374269 -0.1733047 0.8572484
0.374269 -0.2588628 0.9659413
0.8888889 -0.8484287 1.227154
0.7134503 -0.404064 0.8115944
0.8245614 0.09870898 0.2861791
0.374269 -0.1550115 0.8122523
0.1988304 -0.3956999 1.658744
0.245614 -0.1817092 1.168491
0.2748538 -0.250285 1.184284
0.4152047 -0.1000738 0.697935
0.1871345 -0.2562703 1.508813
0.502924 -0.182802 0.7407125
0.3508772 -0.1714211 0.8749529
0.4795322 -0.09036335 0.6450547
0.6023392 0.0009145407 0.4543908
0.2982456 -0.08273989 0.8788254
0.5906433 -0.02625407 0.5117761
0.5321637 0.04887264 1.460277
0.5847953 -0.1658275 0.6302913
0.2222222 -0.1975091 1.280214
0.2631579 -0.1582551 1.051426
0.2105263 -0.2479869 1.299595
0.2105263 -0.6798189 2.070186
0.2163743 -0.3274733 1.463122
0.2397661 -0.3310105 1.394031
0.4561404 -0.1896003 0.8024961
0.2865497 -0.2091123 1.057845
0.2807018 -0.1075795 0.9535742
0.1812865 -0.1521621 1.306775
0.245614 -0.1347501 1.122372
0.3859649 -0.1050526 0.7422036
0.4912281 -0.1708789 0.736733
0.1520468 -0.3759414 1.853967
0.2982456 -0.1823328 1.006097
0.5672515 0.02150986 0.4210359
0.4093567 -0.1974435 0.8587302
0.2222222 -0.1464516 1.134317
0.245614 -0.1063012 0.9418449
0.3040936 -0.2024058 1.062304
0.2690058 -0.402566 1.356813
0.1578947 -0.2975025 1.569559
0.4210526 -0.1687973 0.8375269
0.4093567 -0.1031595 0.7236248
