0.1812865 -0.4454635 1.346713
0.1637427 -0.3785756 1.349927
0.251462 -0.2668427 1.091625
0.5380117 -0.0719881 0.5076526
0.1520468 -0.4200204 1.999838
0.2222222 -0.03369377 0.7566019
0.2573099 -0.1220092 0.7367453
0.2923977 -0.2681256 1.068899
0.2339181 -0.3101213 1.337495
0.2105263 -0.3051171 1.36847
0.3567251 -0.2400913 0.920347
0.3040936 -0.2464161 1.056878
0.4093567 -0.2435708 0.8603276
0.2222222 -0.3282252 1.349753
0.3625731 -0.3103144 0.9749772
0.4327485 -0.2385803 0.8296374
0.2748538 -0.3210149 1.168144
0.3684211 -0.1176487 0.7443678
0.2982456 -0.1350775 0.8647841
0.2339181 -0.1778674 1.128091
0.2046784 -0.3135768 1.439957
0.3274854 -0.1968753 0.900286
0.1812865 -0.1789993 1.142039
0.3625731 -0.2132497 0.88306
0.1754386 0.114458 -0.01358441
0.4444444 -0.1951349 0.7212063
0.3157895 -0.1931446 0.8523867
0.3508772 -0.2455028 0.9434218
0.502924 -0.1823872 0.6880482
0.5380117 -0.2454789 0.6996404
0.4678363 -0.2404387 0.7931207
0.3099415 -0.1999952 0.9841398
0.2339181 -0.3995888 1.280411
0.3508772 -0.1368715 0.7681469
0.3625731 -0.2408173 0.9636038
0.251462 -0.4575278 1.343132
0.2105263 -0.1427044 0.695023
0.3040936 -0.07440559 0.7525778
0.2397661 -0.3206649 1.203041
0.1812865 -0.3002668 1.365104
0.1812865 -0.4985578 1.236534
0.380117 0.06338941 0.3888034
0.2339181 -0.2638079 1.001415
0.2163743 -0.2870922 1.259
0.245614 -0.2773243 0.9706292
0.2573099 0.04184327 0.3377044
0.3099415 -0.03148643 0.6359285
0.245614 -0.1813084 0.8982446
0.245614 -0.2309619 1.102801
0.2807018 -0.1212897 0.8096813
0.2046784 -0.2111975 1.174041
0.2573099 -0.2878595 1.162426
0.2046784 -0.3579896 1.449746
0.2339181 -0.2196567 0.6037794
0.2046784 -0.2259984 0.9444224
0.2397661 -0.3698147 1.170619
0.4327485 -0.18624 0.7900069
0.1871345 -0.02647128 0.7907753
0.1871345 -0.08263654 0.8520778
0.2222222 -0.08694578 0.9207324
0.245614 -0.07823742 0.5532818
0.2163743 0.03838238 0.4379908
0.3391813 0.03423338 0.5019057
0.3157895 -0.2691394 0.8886626
0.2573099 -0.1524859 0.8581474
0.3040936 -0.1362266 0.5164033
0.2573099 -0.1936344 0.9648073
0.245614 -0.3106652 1.116542
0.2280702 -0.2833549 0.9803425
0.1754386 -0.4461826 1.330345
0.4736842 -0.1051764 0.6175789
0.1929825 -0.3648266 1.356412
0.3450292 -0.2587064 0.9787022
0.251462 -0.3278798 1.205051
0.1403509 -0.3193352 0.8008887
0.2923977 -0.267662 0.9660397
0.3625731 -0.2196994 0.928359
0.251462 -0.2521 0.9537014
0.2748538 0.006346023 0.3047267
0.2280702 -0.09983745 0.9686928
0.2280702 -0.3746965 1.451472
0.245614 -0.3242202 1.202082
0.3099415 -0.03092027 0.5170906
0.1812865 -0.1835643 0.8369308
0.1637427 -0.06471581 0.99974
0.251462 -0.3029736 1.272715
0.3216374 -0.1597451 0.8661071
0.1578947 0.0158403 0.6986381
0.2222222 -0.2058093 1.142107
0.2690058 -0.138316 0.928746
0.2339181 -0.3268937 1.086407
0.2748538 -0.2106192 1.048836
0.251462 -0.386018 1.216865
0.1812865 -0.16087 1.213643
0.1929825 -0.09377076 0.9760371
0.251462 -0.2710444 0.9874743
0.1812865 -0.5773283 1.100363
0.2280702 -0.1626945 0.6220695
0.2280702 -0.1536189 0.768468
0.2397661 -0.3922348 1.435519
0.245614 -0.2507658 0.9837606
0.2923977 -0.1131224 0.6872751
0.3918129 -0.1965151 0.8421081
0.1637427 -0.3851792 1.690555
0.3918129 -0.170796 0.7587594
0.4736842 -0.163265 0.6816595
0.1871345 -0.2820945 1.371639
0.3450292 -0.1860715 0.8544569
0.2163743 -0.06548843 0.4502296
0.2222222 -0.04553864 0.7511612
0.2339181 -0.5768538 1.223766
0.1988304 -0.171607 1.117836
0.2397661 0.04827421 0.7027645
0.245614 -0.3037703 1.318623
0.2573099 -0.1637837 0.9431117
0.2105263 -0.4315114 1.478621
0.2163743 -0.2105536 0.9745173
0.3508772 -0.2541985 0.8465471
0.2631579 0.07246169 0.4547041
0.2339181 -0.3193786 1.18329
0.2865497 0.03110836 0.4673418
0.2631579 -0.1524205 0.927381
0.2865497 -0.2292295 0.9522094
0.3333333 -0.2193738 0.9200668
0.2280702 -0.1536732 0.9596714
0.3976608 -0.2245179 0.8703966
0.2923977 -0.2040349 0.8823235
0.2982456 -0.01049649 0.4260127
0.251462 -0.1489817 0.939975
0.2748538 -0.4122343 1.290846
0.1988304 -0.08911322 1.009967
0.2163743 -0.2876562 1.164547
0.2690058 -0.1322525 0.7327658
0.2339181 -0.2134326 1.048645
0.2865497 -0.07725924 0.7572849
0.2748538 0.05788075 0.4607799
0.2865497 -0.3681647 1.173285
0.251462 -0.2509697 1.127204
0.3567251 -0.04229792 0.6688185
0.2105263 -0.2386922 1.108986
0.1695906 -0.02907081 0.5974139
0.2631579 -0.258206 1.115404
0.1812865 -0.3990063 1.588675
0.2397661 -0.28809 1.064635
0.3684211 -0.2555929 0.9514038
0.4502924 -0.2088828 0.7386484
0.2397661 -0.07741717 0.627112
0.2339181 -0.2983826 0.9821855
0.1871345 -0.2038817 0.8971981
0.3274854 -0.3138813 0.9990354
0.3450292 -0.2238609 0.9338624
0.2573099 -0.3316784 1.080634
0.1812865 -0.4207635 1.697776
0.2046784 -0.1565287 0.7202203
0.2222222 -0.1435956 0.6850299
0.2397661 -0.1685326 0.753372
0.1929825 -0.2979436 0.7477187
0.2631579 -0.3007925 1.179431
0.2222222 -0.3359394 0.8745905
0.2339181 -0.423619 1.253369
0.2807018 -0.415326 0.7892995
0.2865497 -0.2212292 0.9683461
0.4035088 -0.0447013 0.5895272
0.3274854 -0.1207209 0.7758746
0.2397661 -0.1324794 0.6212482
0.1871345 -0.239434 1.297541
0.2280702 0.04630005 0.47194
0.245614 -0.1910316 1.029783
0.2631579 -0.09398061 0.4618876
0.3099415 -0.07500546 0.7612802
0.2046784 -0.2887432 1.39302
0.2222222 -0.478646 1.114775
0.2222222 -0.1086488 0.8529776
0.2397661 -0.1958503 0.9556901
0.2339181 -0.1839188 0.9594384
0.2631579 -0.1573291 0.3562586
0.2748538 -0.1790415 1.001271
0.2631579 -0.3171636 1.216186
0.3274854 -0.4331917 1.06111
0.1403509 -0.2873636 1.124725
0.2631579 -0.3171732 1.238929
0.2339181 -0.3902898 1.39005
0.2573099 -0.1788596 0.9340127
0.2631579 -0.1144974 0.8771073
0.3099415 -0.3543624 1.124279
0.1812865 -0.02122999 0.5059567
0.2163743 0.06148483 0.1690102
0.2280702 -0.1007022 0.9726289
0.2923977 -0.1649902 0.926859
0.2397661 -0.09373397 0.92798
0.2046784 -0.8055922 0.7989536
0.245614 -0.1862424 1.086478
0.3157895 -0.1281852 0.8345818
0.4152047 -0.09730048 0.7277972
0.2163743 -0.2640697 1.127982
0.2690058 -0.03816945 0.6360423
0.2690058 -0.2718244 1.134978
0.2163743 0.1914367 -0.4289423
0.1929825 -0.1708112 1.092945
0.2280702 -0.3612785 1.157453
0.2982456 -0.3036534 1.163349
0.2631579 -0.2360171 0.457033
0.245614 -0.2302048 1.103038
0.2046784 -0.1086797 0.7254463
0.1988304 -0.1985585 0.9021889
0.2631579 -0.1592844 0.8153112
0.3333333 -0.2562882 0.9908869
0.3099415 -0.1226835 0.7287827
0.2397661 -0.1984981 1.097538
0.2690058 -0.09321229 0.7839208
0.4736842 -0.232282 0.806997
0.3333333 -0.4396794 1.152744
0.251462 -0.1140271 0.9665614
0.251462 -0.2470072 1.204914
0.2865497 -0.05743651 0.7740388
0.2865497 -0.1562652 0.8385119
0.2690058 -0.2724543 1.187443
0.245614 -0.2394689 0.7783719
0.2982456 -0.3879982 1.073783
0.2105263 -0.2086157 1.270919
0.2339181 -0.1257234 0.9835986
0.1695906 -0.4715042 1.86738
0.1988304 -0.4499253 1.234441
0.1929825 -0.6333933 1.365585
0.1929825 -0.02149306 -0.04484927
0.1520468 -0.1542439 1.300138
0.380117 -0.1462411 0.7280124
0.2631579 -0.1356465 0.9478601
0.3625731 0.101535 0.151298
0.5672515 -0.2075658 0.7174036
0.2982456 -0.1418428 0.8462949
