0.4327485 -0.06761016 0.6218731
0.2222222 -0.08387555 1.079673
0.3040936 -0.1726171 1.012373
0.3567251 -0.1376722 0.9355156
0.2748538 -0.04002966 0.8220176
0.2807018 -0.1456428 0.9669381
0.3450292 -0.1600575 0.9084793
0.374269 -0.2262468 0.9550811
0.4736842 -0.2733971 0.8380692
0.4795322 -0.08375351 0.6576544
0.380117 -0.04934012 0.7105033
0.2865497 -0.06983053 0.8163053
0.4093567 -0.05680256 0.7053474
0.3684211 -0.2092959 0.9586226
0.4327485 -0.1297339 0.7062802
0.3567251 -0.2102175 0.8801434
0.3216374 -0.1089753 0.8549636
0.5263158 -0.01800581 0.5586766
0.251462 -0.1800056 1.095031
0.2163743 -0.03935014 0.9537495
0.2339181 -0.2313739 1.199719
0.2631579 -0.2157383 1.136523
0.4035088 -0.2688347 0.9217712
0.4912281 -0.01673342 0.5549745
0.502924 -0.1372426 0.6767559
0.6842105 -0.2651677 0.7244938
0.2923977 -0.2251726 1.095737
0.251462 -0.1422471 1.006451
0.374269 -0.1772093 0.8813446
0.1403509 -0.08385312 1.34897
0.2631579 -0.1893224 1.082145
0.2690058 -0.06289264 0.9048874
0.3625731 -0.1248274 0.8605319
0.2748538 -0.1872107 1.072198
0.2222222 0.08230567 0.8386952
0.5204678 -0.1383453 0.6831769
0.3099415 -0.3163009 1.142004
0.2280702 -0.1524757 1.061127
0.2573099 -0.003671349 0.8481599
0.3157895 -0.03087856 0.7441259
0.380117 -0.1601043 0.8500479
0.374269 0.005561248 0.67745
0.5380117 -0.2504312 0.844683
0.5146199 0.02007891 0.4879967
0.2573099 0.03483148 0.754336
0.6432749 0.1739545 0.2472385
0.4327485 -0.1474847 0.7452774
0.4093567 -0.1634428 0.8283734
0.5964912 -0.2795062 0.8062076
0.4269006 0.0861101 0.4990269
0.2397661 -0.2852884 1.337099
0.3567251 -0.2005973 0.919891
0.3508772 -0.2378881 0.9660169
0.2982456 -0.2980412 1.137616
0.4736842 -0.09235329 0.6981099
0.4269006 -0.07978256 0.6868754
0.4385965 -0.1740582 0.8094381
0.7076023 -0.1969827 0.6823961
0.5614035 0.07225359 2.393521
0.3976608 -0.1965086 0.841677
0.2573099 -0.165837 1.095795
0.6432749 -0.1791294 0.7321907
0.4561404 -0.1976475 0.8001434
0.380117 -0.2029556 0.8923068
0.3684211 -0.07529905 0.7060164
0.2923977 -0.2681956 1.139843
0.2105263 -0.1237074 1.21439
0.1812865 -0.2105773 1.46267
0.5204678 -0.1452436 0.6717666
0.2982456 -0.07101771 0.823212
0.2105263 -0.2090038 1.346978
0.5789474 -0.2332403 0.7906688
0.3040936 -0.2222744 1.044023
0.5087719 0.1435303 0.4338952
0.4327485 -0.1704436 0.7408184
0.3216374 -0.006653957 0.7365757
0.5087719 -0.2268307 0.7643872
0.3625731 -0.1381724 0.7938101
0.3976608 -0.1234902 0.807877
0.6842105 0.2001054 -0.4991215
0.3450292 -0.2498637 1.037133
0.5789474 -0.1971633 0.8132571
0.3274854 0.03160066 0.6037795
0.3684211 -0.2467882 1.009134
0.4210526 -0.1717746 0.7930908
0.3684211 -0.1565352 0.8599272
0.4210526 -0.076184 0.6870891
0.4210526 -0.03836729 0.6603067
0.4093567 -0.4839199 -0.3683765
0.3333333 -0.07892942 0.8082925
0.3391813 -0.1845298 0.9420475
0.2163743 -0.2406544 1.363201
0.2222222 -0.1290234 1.090217
0.3508772 -0.1001409 0.7922306
0.6608187 -0.1849373 0.6765303
0.3508772 0.002778422 0.6262575
0.4269006 -0.1583591 0.779268
0.3976608 -0.096305 0.7621021
0.5321637 -0.04298936 0.5663651
0.6081871 -0.08329784 0.5817246
0.3333333 -0.03736346 0.7517995
0.4093567 -0.1801116 0.8110071
0.6666667 -0.2603624 0.8574294
0.4327485 0.01774497 0.5649929
0.4093567 0.07359438 0.5767444
0.3918129 -0.1304653 0.7678402
0.4269006 -0.1023432 0.699998
0.3216374 -0.1456553 0.9229652
0.3684211 -0.1992539 0.9472817
0.497076 -0.2341524 0.817674
0.4678363 0.01480345 0.570521
0.1403509 -0.2942933 1.685385
0.6374269 0.03280197 0.427347
0.4912281 -0.09144634 0.6516209
0.4736842 -0.1327281 0.7093212
0.3859649 -0.1635227 0.8108129
0.3333333 -0.06919116 0.7708151
0.4035088 -0.2038696 0.86865
0.4210526 -0.1890664 0.8058537
0.5263158 0.1447192 0.4486126
0.5730994 -0.202646 0.7515994
0.5789474 0.03653424 0.4579362
0.4444444 -0.1630344 0.8129151
0.4093567 -0.2592424 0.903398
0.619883 0.02356652 0.4417011
0.251462 -0.2765731 1.211969
0.5380117 -0.1969712 0.7483055
0.4385965 -0.239641 0.8324285
0.5614035 -0.2667679 0.7470055
0.497076 -0.1786371 0.7482272
0.6491228 -0.1105611 0.6555106
0.251462 -0.1680571 1.07874
0.2865497 -0.1773634 1.008753
0.502924 -0.1417966 0.6953937
0.1988304 -0.01276105 0.8851541
0.3859649 -0.1767508 0.8377305
0.3976608 -0.01547456 0.613484
0.5614035 -0.1353347 0.6168157
0.1871345 -0.3827886 1.701118
0.4619883 -0.02661953 0.6409832
0.4444444 -0.01148168 0.612929
0.497076 -0.09395418 0.637866
0.4561404 -0.2103118 0.7706094
0.625731 -0.04591881 0.5446637
0.4444444 -0.1681097 0.7952189
0.6783626 0.007215716 0.4747117
0.4093567 -0.2102033 0.8415126
0.5497076 -0.119734 0.6423814
0.5204678 -0.1409488 0.699336
0.6023392 -0.06380972 0.5678989
0.3859649 -0.0470662 0.7620776
0.380117 -0.1774603 0.8732103
0.4912281 -0.002169294 0.6059022
0.4152047 -0.1054968 0.7218422
0.4152047 -0.04309472 0.686026
0.3450292 -0.1405339 0.8779628
0.4561404 0.0394418 0.5137446
0.497076 -0.1589225 0.7172593
0.3684211 -0.1463479 0.805129
0.5321637 -0.2297752 0.7731396
0.1871345 -0.3870559 1.395076
0.1637427 0.07372069 1.007766
0.5087719 -0.1138762 0.6701882
0.2923977 -0.2633108 1.107336
0.128655 0.07945279 1.259928
0.3040936 -0.2101933 1.089113
0.2923977 -0.04993392 0.8017371
0.374269 -0.06828912 0.6616453
0.2865497 -0.1368715 0.9752847
0.4327485 -0.1688194 0.7707916
0.4035088 -0.1911747 0.8087934
0.4210526 -0.2084355 0.8444979
0.4210526 0.06765319 0.5559053
0.5263158 -0.2073015 0.8236287
0.4327485 -0.0839645 0.6716115
0.3684211 -0.1308401 0.7912235
0.4210526 -0.126217 0.7123427
0.1871345 -0.2579635 1.331913
0.2105263 -0.295671 1.402934
0.2397661 -0.2439708 1.269694
0.4736842 0.02536043 0.5869901
0.3216374 -0.1478672 0.9220454
0.5555556 -0.2118769 0.7425215
0.5789474 -0.1829729 0.6877544
0.5146199 -0.2049539 0.7566235
0.2923977 -0.09118326 0.8722615
0.5730994 -0.2054824 0.7227222
0.5847953 -0.2383867 0.7369572
0.6023392 0.2206303 0.3625312
0.4853801 -0.1193589 0.7318964
0.4502924 -0.08983 0.7457486
0.2865497 -0.1397453 1.018942
0.380117 -0.009608075 0.6440332
0.5672515 -0.2187974 0.8010599
0.374269 -0.2181338 0.9510591
0.4502924 -0.1056378 0.6901528
0.3040936 -0.1597785 0.9606012
0.5321637 -0.1763749 0.7235396
0.374269 -0.2527131 1.007267
0.4385965 -0.1449553 0.7403067
0.3508772 -0.1561415 0.8501122
0.4035088 -0.137494 0.7323926
0.6023392 -0.1222275 0.6079625
0.4327485 -0.1293043 0.7486343
0.5087719 -0.203334 0.9022738
0.4152047 -0.1664096 0.8522636
0.4678363 -0.2514405 0.8690252
0.4912281 -0.1582839 0.7276332
0.502924 -0.2232859 0.7811518
0.4619883 0.01452651 0.4989659
0.4385965 -0.0865543 0.7059263
0.4152047 -0.2193784 0.9237278
0.2923977 -0.1464606 1.007067
0.5321637 -0.1948972 0.7152932
0.4152047 -0.1646179 0.789025
0.3625731 -0.06813923 0.75626
0.4502924 -0.2433767 0.9021789
0.2573099 -0.2541085 1.206773
0.4912281 -0.2312322 0.7892098
0.5146199 -0.1964934 0.7274838
0.2865497 -0.08030642 0.896097
0.4561404 0.09578 0.4423582
0.2923977 -0.3340527 1.18079
0.5614035 -0.07769805 0.6557443
0.3976608 -0.2010258 0.8884153
0.5555556 -0.1220952 0.687772
0.6783626 -0.2792657 0.7301981
0.4093567 -0.2222649 0.8312785
0.5964912 0.003669635 0.4760592
