0.2573099 -0.3677313 1.024043
0.2982456 -0.2414606 0.7678779
0.2982456 -0.2509639 1.075114
0.3099415 -0.2132409 0.5013371
0.1929825 0.03040725 0.1797725
0.2923977 -0.1733818 0.9296093
0.2807018 -0.1854117 0.9642632
0.2807018 -0.0250633 0.5582036
0.2573099 -0.2566405 1.139969
0.2690058 -0.1548795 0.9803454
0.2397661 -0.2957727 1.120422
0.2105263 -0.1627982 1.08616
0.3099415 -0.4178406 1.146823
0.2807018 -0.1255999 0.909105
0.3099415 -0.2587703 0.9278958
0.1929825 -0.1811969 1.310475
0.3684211 -0.1228593 0.7511412
0.4502924 -0.1439917 0.6575794
0.3216374 -0.2197741 0.9052899
0.380117 -0.1954464 0.8334614
0.2046784 -0.1270802 1.130646
0.2163743 -0.05137824 0.7871873
0.3099415 -0.2904862 0.9719617
0.2339181 -0.1163368 0.8218277
0.374269 -0.1855029 0.8370367
0.1988304 -0.3539111 1.438849
0.1637427 -0.4749777 1.625946
0.2397661 -0.1851828 0.8435036
0.1988304 0.02835765 0.6664912
0.3976608 -0.2678881 0.8695507
0.2865497 -0.2091511 0.9640161
0.3040936 -0.1837837 0.7373656
0.2339181 -0.2698057 1.229724
0.2222222 -0.2246018 0.9101263
0.4152047 -0.1757613 0.7511764
0.3625731 -0.0657485 0.6366951
0.1812865 -0.3659709 1.25745
0.3450292 -0.15615 0.761098
0.2807018 -0.2670163 1.153822
0.2865497 -0.3468416 1.137964
0.1637427 -0.7283412 1.181067
0.2280702 0.001639628 0.6518283
0.2105263 -0.1611474 0.8995983
0.4327485 -0.1863746 0.7322076
0.3099415 -0.205257 0.9629483
0.2280702 -0.2392266 0.9115524
0.2105263 -0.2699316 0.9085554
0.1929825 -0.3382348 0.7976987
0.3040936 -0.006643961 0.5220231
0.3040936 -0.1287882 0.8878786
0.2923977 -0.06191264 0.6573372
0.245614 -0.2162624 0.7394977
0.2046784 -0.4349365 1.401605
0.2982456 -0.04821051 0.6307899
0.3274854 -0.05199245 0.4121115
0.2397661 -0.1640003 0.9596643
0.2397661 -0.1451411 1.022139
0.2807018 0.01944603 0.4585613
0.2923977 -0.0849184 0.8098194
0.2807018 -0.243031 1.096179
0.2923977 0.05128425 0.3814785
0.2397661 -0.08180238 0.9300162
0.2690058 -0.3274113 1.014137
0.1988304 -0.07991494 0.666432
0.3333333 -0.1781477 0.9091583
0.2690058 -0.08071985 0.7756846
0.2397661 0.04341807 0.4382178
0.2865497 -0.1017974 0.6928775
0.3391813 -0.2510971 0.9907881
0.2982456 -0.2042524 0.9190712
0.2807018 -0.2237632 0.9493493
0.2573099 -0.1765159 1.033185
0.1812865 -0.6990284 0.9366044
0.1637427 0.02066197 0.43463
0.1812865 -0.001905649 0.7409524
0.1871345 -0.3789482 1.277583
0.2105263 -0.1487179 1.101441
0.2163743 -0.1655242 0.997312
0.2690058 -0.07700041 0.8428047
0.2690058 -0.2260762 0.9898808
0.2397661 -0.1718937 1.059303
0.3099415 -0.1365123 0.8614101
0.251462 -0.2944191 1.063735
0.2748538 -0.341387 1.037357
0.245614 -0.2332931 0.9596059
0.2280702 -0.3605143 1.154948
0.2163743 -0.1099212 1.054189
0.3508772 -0.12731 0.7659992
0.1695906 -0.119312 1.262424
0.3391813 -0.1274033 0.6392633
0.2923977 -0.3408594 1.134881
0.2163743 -0.3955273 1.055092
0.5204678 -0.1624225 0.6686411
0.4327485 0.1123662 0.3824132
0.3040936 -0.08943241 0.8285989
0.3216374 -0.1003002 0.748212
0.2397661 -0.1485192 0.8637142
0.3157895 -0.08552233 0.5397848
0.2397661 -0.1041503 0.8369255
0.3157895 -0.07848253 0.7128309
0.2397661 -0.2648596 1.075303
0.1988304 -0.2664591 1.296136
0.1929825 -0.1239338 1.187011
0.2046784 -0.1950389 1.047273
0.3391813 -0.292337 0.9990519
0.2163743 0.02919909 0.3990015
0.3391813 -0.2144096 0.8340702
0.3333333 -0.1520959 0.8600715
0.2631579 -0.1689612 0.8895571
0.3099415 -0.2129912 0.8538862
0.2748538 -0.1807832 0.8795963
0.2631579 -0.1929192 0.9940315
0.3216374 -0.1383175 0.7945945
0.2339181 -0.1174939 0.8236291
0.2923977 -0.09982182 0.6387633
0.3859649 -0.1306163 0.7394301
0.3918129 -0.1933781 0.7404212
0.245614 -0.491485 1.370815
0.2748538 -0.07898109 0.52443
