0.2573099 -0.2968297 1.234343
0.2748538 -0.04985877 0.6899788
0.2222222 -0.1338638 1.036769
0.3040936 -0.2028006 0.8908739
0.2280702 -0.099557 0.7664868
0.2690058 -0.4885236 1.497526
0.2397661 -0.2543072 1.217053
0.2982456 -0.1328723 0.8105901
0.2748538 -0.1512104 0.9545317
0.3450292 -0.152053 0.8562901
0.3216374 -0.2442345 0.9797373
0.3099415 -0.1404717 0.8643497
0.2982456 -0.1322749 0.8909145
0.2807018 -0.137173 0.8935614
0.2163743 -0.3855815 1.398093
0.3274854 -0.2886039 0.9653646
0.374269 -0.2771814 0.9264363
0.4035088 -0.2425587 0.8832015
0.2105263 -0.08060384 0.9107125
0.2280702 -0.2183745 1.082599
0.2690058 -0.3363955 1.233954
0.2280702 -0.3423242 1.194962
0.251462 -0.5786792 0.8744128
0.3216374 -0.2738121 0.9387537
0.3274854 -0.1940859 0.6130268
0.3099415 0.03114608 0.5870962
0.251462 -0.02695784 0.7045225
0.2748538 -0.2332172 1.026793
0.2631579 0.03114556 0.6934698
0.1871345 -0.4626322 1.636215
0.2222222 -0.2408802 1.314415
0.4619883 -0.1840091 0.738903
0.3333333 -0.09079486 0.7314744
0.1988304 -0.1716438 1.172282
0.251462 -0.06395586 0.5043763
0.2631579 -0.2371519 0.9193659
0.2105263 -0.297512 0.9404204
0.2748538 -0.1731141 0.7441215
0.2163743 -0.3888854 1.431038
0.4444444 -0.2275941 0.8102205
0.2865497 -0.2986146 1.144691
0.245614 -0.294325 1.233613
0.2339181 -0.2249248 1.099708
0.1988304 -0.06949378 0.7990814
0.1871345 -0.1289847 1.027295
0.2748538 -0.1744044 0.9865158
0.3391813 -0.01860059 0.5227751
0.3391813 -0.2169637 0.8852048
0.3508772 -0.1411643 0.7102514
0.2573099 -0.09304662 0.7358507
0.251462 -0.3170353 1.24247
0.3333333 -0.1946954 0.7916309
0.3391813 -0.1563562 0.8265234
0.2631579 -0.2535905 0.8461561
0.3450292 -0.1657409 0.8738608
0.2105263 -0.5775476 1.413117
0.3274854 -0.2561015 0.9492431
0.2573099 -0.3073189 1.121578
0.2573099 -0.2385588 1.01338
0.1929825 -0.2404905 1.375188
0.2631579 -0.1588629 0.8458618
0.1403509 -0.1088549 1.031616
0.3040936 -0.2658567 1.086169
0.1578947 -0.2592162 1.126678
0.2222222 -0.02089412 0.753244
0.4385965 -0.4358418 0.8491683
0.2865497 -0.09258198 0.8793161
0.3391813 -0.1592037 0.6418981
0.2163743 -0.3327286 1.361939
0.3040936 -0.2307302 0.9787608
0.3274854 -0.1023395 0.7856967
0.3859649 -0.2708238 0.8816766
0.245614 -0.2681686 1.006815
0.3216374 -0.2469532 0.8858826
0.3157895 0.01131379 0.6120313
0.245614 -0.2210697 1.127458
0.2690058 -0.00256755 0.5123241
0.3274854 -0.2140616 0.899719
0.374269 -0.2120182 0.8558516
0.3450292 -0.1214726 0.6163952
0.251462 -0.1316412 0.965852
0.3918129 -0.2978543 0.9041649
0.3567251 -0.1411511 0.6750187
0.3157895 -0.1828087 0.8735045
0.3099415 -0.07941848 0.7787233
0.2807018 -0.08224202 0.7884821
0.3450292 -0.2701476 0.988628
0.2982456 -0.2063233 0.6259359
0.4678363 -0.07662642 0.6337575
0.2748538 -0.2753809 1.192748
0.3976608 -0.1696012 0.7542767
0.1461988 -0.5502796 1.953492
0.2280702 -0.5828975 1.331378
0.3567251 0.0002563049 0.5069224
0.1812865 -0.1226506 1.163491
0.2397661 -0.3321549 0.8350756
0.2748538 -0.08799772 0.7357844
0.3099415 -0.1168781 0.7644527
0.3099415 -0.2169043 0.9664325
0.3391813 -0.1365298 0.5788722
0.2397661 -0.3708982 1.225518
0.3157895 -0.1370493 0.7214568
0.3157895 -0.03326912 0.5915836
0.1871345 -0.2527549 1.100767
0.3157895 0.06866272 0.4295173
0.3567251 -0.1694303 0.8431178
0.2865497 -0.2509234 1.03417
0.2573099 -0.07877052 0.7292674
0.2631579 -0.1290253 0.8537624
0.2631579 0.04948958 0.5916299
0.1988304 0.1136322 -0.1062446
0.3567251 0.007119378 0.5370409
0.2573099 -0.266338 1.152573
0.3859649 -0.1957737 0.8582543
0.245614 0.1299642 0.4365131
