0.9005848 -0.2262398 1.148869
0.3567251 -0.106333 0.7720939
0.374269 -0.05651166 0.6878183
0.5497076 0.026243 0.4823614
0.5847953 -0.1959402 0.7248592
0.6315789 -0.1697118 0.6608517
0.2573099 0.06088278 0.7562197
0.374269 -0.2731202 1.033509
0.3625731 -0.1069403 0.7537336
0.3333333 -0.3310933 1.097592
0.5321637 -0.1337783 0.7054886
0.4269006 -0.1521921 0.7595071
0.619883 -0.1097642 0.5574734
0.3918129 -0.1715819 0.8491764
0.3567251 -0.08260394 0.7691948
0.6549708 0.3302187 0.2277579
0.3684211 -0.02533176 0.649951
0.7134503 0.1064334 0.3570897
0.2748538 -0.2111834 1.107856
0.3274854 -0.2169766 0.9367626
0.3918129 0.1117524 0.4528189
0.5321637 -0.1327712 0.6790208
0.754386 -0.2761068 0.774053
0.4210526 -0.1315546 0.7972754
0.4736842 -0.1656971 0.7819238
0.8128655 -1.39243 1.782947
0.4210526 -0.2257863 0.8615804
0.4678363 -0.4010067 1.169045
0.6140351 0.0235867 0.5082769
0.4912281 -0.1926694 0.7177531
0.619883 -0.1877728 0.6393077
0.3274854 -0.1790269 0.9377944
0.5263158 -0.2546906 0.7594554
0.4795322 -0.1145183 0.6596276
0.3216374 -0.07778345 0.8315775
0.5087719 -0.009530603 0.5035053
0.4795322 -0.1761351 0.7610952
0.3976608 -0.2334063 0.8749164
0.2690058 -0.1658214 1.007376
0.4912281 -0.3188244 0.9267448
0.3508772 -0.1430989 0.9041225
0.3333333 -0.154615 0.908337
0.4912281 -0.07640141 0.6420321
0.4444444 -0.253167 0.8543735
0.5146199 -0.2686717 0.8879176
0.2982456 0.2748103 1.407092
0.3859649 -0.2170876 0.9000581
0.4795322 -0.14072 0.6689121
0.3684211 -0.164106 0.869231
0.5730994 -0.2232429 0.7756294
0.3625731 -0.3044983 1.01779
0.6491228 -0.2813027 0.7420341
0.374269 -0.1824757 0.8519221
0.7368421 -0.1264557 0.5518934
0.5146199 -0.240163 0.7781737
0.3333333 -0.1562577 0.86769
0.5263158 -0.1235011 0.629462
0.4619883 -0.1123972 0.7070741
0.3859649 -0.1380854 0.8113185
0.3040936 -0.2216885 1.01108
0.3450292 -0.2662493 1.058229
0.5204678 -0.1582692 0.6973501
0.245614 -0.05832692 0.9348637
0.2573099 -0.06238643 0.8790054
0.7719298 -0.105168 0.5374549
0.3567251 -0.1410814 0.8826122
0.4210526 -0.2350489 0.8710398
0.7953216 -0.5079139 0.9020215
0.497076 -0.1427658 0.6964381
0.5614035 -0.2932704 0.7969317
0.374269 -0.225712 0.9297758
0.3040936 -0.187936 0.990269
0.2982456 -0.08363466 0.9206612
0.3567251 -0.3283287 1.074545
0.3918129 -0.2067076 0.8679506
0.3333333 -0.1886887 0.9081356
0.7192982 -0.2886102 0.7380388
0.3450292 -0.1682792 0.9084177
0.2748538 -0.2800341 1.173095
0.6900585 -0.06079717 0.5481876
0.2865497 -0.07197759 0.8487437
0.1695906 -0.2231429 1.388317
0.2280702 -0.06774975 0.9765145
0.4269006 -0.1065522 0.7167334
0.2105263 -0.1776439 1.262197
0.3274854 -0.2207129 0.9947123
0.4035088 0.1047688 0.4559323
0.5146199 -0.1576201 0.6461329
0.4736842 -0.2035964 0.7593681
0.245614 -0.06969624 0.9466093
0.374269 -0.07737578 0.748196
0.497076 -0.06293866 0.6070926
0.245614 -0.1163743 1.035534
0.2865497 -0.01528524 0.6543694
0.3450292 -0.1167621 0.8476932
0.4736842 -0.175895 0.7373654
0.3274854 -0.1696656 0.9495295
0.4678363 -0.08429346 0.6464262
0.3859649 -0.2274171 0.9270713
0.6783626 -0.03934677 0.5044773
0.3567251 -0.2168656 0.9484467
0.380117 -0.1924396 0.9002641
0.6725146 -0.1287939 0.5636403
0.374269 -0.182254 0.8777759
0.3274854 -0.07726682 0.813584
0.2397661 -0.1473034 1.012814
0.2923977 -0.1535709 1.003596
0.3391813 -0.3246749 1.140988
0.2046784 -0.3617432 1.55806
0.2573099 -0.2494848 1.205978
0.5497076 -0.279553 0.977874
0.251462 -0.1153475 1.037049
0.6140351 -0.3561465 1.008057
0.380117 -0.1801813 0.8556688
0.5438596 -0.1215295 0.6949899
0.3684211 -0.2476385 0.9827573
0.5847953 0.1214141 0.4095486
0.4502924 -0.2701667 0.8361836
0.3684211 -0.2651832 0.9607895
0.3918129 -0.2826199 0.9458514
0.4678363 -0.2474053 0.8406289
0.4269006 -0.1253649 0.7399712
0.3918129 -0.1193161 0.7035307
0.619883 -0.2064436 0.689454
0.497076 0.01080536 0.5024752
0.6315789 -0.3139013 0.7597445
0.3040936 -0.1809317 1.0057
0.5146199 -0.2917521 0.9330216
0.6900585 -0.4348954 0.8563044
0.3099415 -0.2445173 1.045172
0.3684211 -0.2239866 0.9215441
0.3859649 -0.2221297 0.8805918
0.2690058 -0.09248356 0.944012
0.7426901 -0.2507563 0.6724024
0.5730994 -0.1126761 0.5670369
0.4678363 -0.3067749 0.8983221
0.4327485 -0.1451313 0.7491069
0.2982456 -0.2617438 1.119278
0.4093567 -0.2139254 0.8433495
0.497076 -0.03620082 0.5483263
0.374269 -0.2353372 0.9233346
0.625731 -0.291558 0.7667413
0.6608187 -0.2825771 0.7449768
0.380117 -0.2886555 0.9946635
0.4269006 -0.1775509 0.7607255
0.3508772 -0.372469 1.199756
0.3976608 -0.1368263 0.7677374
0.380117 -0.2459771 0.9427325
0.4912281 -0.3074215 0.8297351
0.2573099 -0.1617151 1.022316
0.5964912 -0.002994213 0.5113627
0.2982456 -0.2217583 1.020592
0.6081871 -0.2341521 0.7201097
0.1578947 -0.3549787 1.872841
0.2748538 -0.04847198 0.8593361
0.4152047 -0.1744036 0.8539099
0.4912281 -0.2756335 0.8389639
0.6549708 0.5991837 -0.09737518
0.4678363 -0.06227947 0.6561382
0.3099415 -0.2403814 1.042458
0.3918129 -0.1302171 0.7572167
0.7836257 -0.07285939 0.4657927
0.5438596 -0.2403913 0.7512695
0.4152047 -0.2753396 0.9317465
0.2807018 -0.349787 1.287756
0.6900585 -0.2221477 0.6491561
0.3216374 -0.2450845 1.011158
0.4210526 -0.3020483 0.9200101
0.5087719 -0.1869628 0.7550177
0.6140351 -0.1518996 0.6172004
0.2631579 -0.168767 1.039486
0.6081871 -0.177257 0.6704165
0.4152047 -0.1886853 0.8322042
0.3918129 -0.1558384 0.8140034
0.5146199 -0.1543075 0.7130497
0.4210526 -0.1692173 0.7916774
0.2748538 -0.06694588 0.9027966
0.3859649 -0.1718081 0.8487635
0.4210526 0.02221766 0.5794305
0.3508772 -0.1602951 0.8696781
0.4736842 -0.2047603 0.7858904
0.4561404 -0.1217906 0.6991354
0.5146199 -0.2216131 0.7971795
0.4619883 -0.1359468 0.731238
0.4093567 -0.2094451 0.8788732
0.497076 -0.1301125 0.7794758
0.3099415 0.01592035 0.7938773
0.2923977 -0.2689718 1.149538
0.3625731 -0.1166888 0.789129
0.6081871 -0.1233866 0.6299724
0.2982456 -0.2368626 1.121581
0.4444444 -0.183774 0.8181374
0.6432749 -0.2220065 0.7011905
0.2573099 -0.1321111 1.047479
0.3040936 -0.2794617 1.114729
0.5438596 -0.08059774 0.5788881
0.2690058 -0.2613306 1.206526
0.3859649 -0.2548418 0.9576611
0.3333333 -0.2787097 1.084135
0.6432749 -0.2713834 0.7862424
0.6023392 -0.2272868 0.7252704
0.3567251 -0.01944082 0.6327155
0.4152047 -0.1860825 0.8125692
0.5087719 -0.2258116 0.8486377
0.4327485 -0.1256647 0.7357919
0.7719298 0.07341146 0.2981399
0.7836257 0.1440828 0.340939
0.3450292 -0.174897 0.9172021
0.374269 -0.1965913 0.8867338
0.4795322 -0.1337178 0.7201226
0.4152047 -0.1191533 0.7693152
0.6374269 -0.3143737 0.7598599
0.2865497 -0.1689766 1.021799
0.4385965 -0.1265117 0.7673568
0.4619883 -0.1643081 0.7599809
0.4269006 -0.09843712 0.7129321
0.4327485 -0.1190413 0.7429409
0.5380117 -0.2197473 0.7479028
0.5263158 -0.1948149 0.7097515
0.3625731 -0.09625836 0.7768075
0.4210526 0.03089882 0.595948
0.4619883 -0.1573746 0.7517551
0.4795322 -0.0007930627 0.561346
0.3567251 -0.2334193 0.9548148
0.3625731 -0.004087904 1.277426
0.5555556 -0.1403686 0.6632992
0.3216374 -0.1630875 0.929402
0.5204678 -0.07021089 0.5675851
0.5263158 -0.06722981 0.5871241
0.2923977 -0.05887288 0.8301952
0.3274854 -0.2719241 1.097047
0.3099415 -0.1503552 0.9341768
0.4795322 0.09404691 0.537429
0.2923977 -0.09591719 0.8762524
0.4269006 -0.1243929 0.7522605
0.2222222 -0.1667538 1.230028
0.2397661 -0.3904879 1.471562
0.3918129 0.2129841 0.3703596
0.4561404 -0.1360696 0.7540012
0.380117 -0.1179393 0.7746967
0.4269006 -0.1958823 0.856959
0.6374269 -0.1053518 0.5893939
0.4795322 -0.2511563 0.7980836
0.754386 -0.1405655 0.8672334
0.3040936 -0.1524584 0.9601179
0.4795322 -0.1833955 0.7420715
0.2163743 -0.3450852 1.485221
0.4619883 -0.07003908 0.6210129
0.4035088 -0.09595119 0.6685175
0.3508772 -0.01014836 0.6810232
0.4853801 0.07748363 0.4609628
0.3040936 -0.1316084 0.9298169
0.3157895 -0.195878 0.9514437
0.4561404 0.1123272 0.4233214
0.4619883 -0.2746363 0.8748151
0.3625731 -0.08556887 0.7840924
0.3157895 -0.2885195 1.157236
0.5906433 -0.2176117 0.7117176
0.3918129 -0.07925498 0.7005863
0.5730994 -0.02185141 0.5232856
0.2865497 -0.2449105 1.126004
0.5380117 -0.1320608 0.7077526
0.1812865 -0.2297407 1.447143
0.5204678 -0.2124726 0.7706655
0.3625731 -0.1614449 0.8540232
0.2339181 -0.2000598 1.169432
0.3391813 -0.272617 1.033029
0.2748538 -0.0299156 0.8882271
0.4912281 -0.1401356 0.7167678
0.2807018 -0.2231927 1.119301
0.3333333 -0.1532953 0.8917584
0.3157895 -0.1140386 0.8899745
0.3450292 -0.2756272 1.0091
0.3859649 -0.2589932 0.9421141
0.5204678 -0.1821506 0.7226744
0.6491228 -0.1486802 0.6225818
0.4210526 -0.1890938 0.8476304
0.9415205 -7.481254 8.078784
0.5497076 -0.1036459 0.6387865
0.5730994 -0.1148462 0.5808764
0.7134503 -0.135867 0.5216258
