0.2631579 -0.1685213 0.9278655
0.4210526 -0.2836145 0.9032977
0.3333333 -0.3663894 0.9696569
0.4795322 -0.2138899 0.7158895
0.1929825 -0.1150188 1.022131
0.3567251 -0.2588642 0.9289821
0.3976608 -0.2428524 0.862788
0.4035088 -0.1970741 0.8491958
0.3391813 -0.3182728 1.045805
0.5321637 -0.2162277 0.711382
0.3567251 -0.2583985 0.8991101
0.4093567 -0.1815719 0.6976572
0.4210526 -0.03103391 0.5224432
0.2923977 -0.6439862 1.005136
0.497076 -0.2096854 0.7446356
0.4327485 -0.1036295 0.6845911
0.4093567 -0.2338388 0.8357255
0.5321637 -0.234746 0.7294119
0.5263158 -0.06920092 0.5902256
0.4210526 -0.20912 0.7773252
0.3391813 0.08002947 0.5595911
0.2397661 -0.2347694 1.113249
0.2982456 -0.2577846 1.073881
0.3157895 0.03395481 0.5245227
0.3157895 -0.2655762 1.078798
0.4678363 -0.2033011 0.7572039
0.245614 -0.09776087 0.7336651
0.1812865 -0.417342 0.1612359
0.2923977 -0.2327011 1.03369
0.2690058 -0.3399621 1.217923
0.4093567 -0.2155575 0.8196102
0.3567251 -0.1275663 0.7766665
0.3274854 -0.1635559 0.8280853
0.3391813 -0.124649 0.7565299
0.2573099 -0.1372309 0.9230916
0.4385965 -0.1593858 0.7551885
0.4619883 -0.1822505 0.7319616
0.4152047 -0.1025613 0.6893941
0.3625731 -0.1289941 0.8146192
0.3157895 -0.2143664 0.88752
0.2923977 -0.08645064 0.6725624
0.2046784 -0.2320504 1.170924
0.4795322 0.02757815 0.4907442
0.3859649 -0.364953 0.9242014
0.2923977 -0.1657364 0.901704
0.2690058 -0.2398192 0.9346949
0.3918129 -0.08098203 0.6454979
0.3333333 -0.3166842 0.9949509
0.2573099 -0.2183375 0.9163818
0.4152047 -0.3109992 0.9127594
0.3625731 -0.2557709 0.8725949
0.4152047 -0.2504245 0.8852628
0.5614035 -0.03936778 0.5675305
0.3216374 0.003390017 0.5453097
0.3216374 -0.2602498 1.014766
0.3508772 -0.1808086 0.8869796
0.4561404 -0.2541661 0.8240164
0.2807018 -0.1549984 0.8985822
0.5964912 -0.1825218 0.6285086
0.4502924 -0.1592363 0.7527118
0.2573099 -0.2824603 1.166867
0.380117 -0.0256156 0.6166615
0.2865497 -0.2669053 1.108855
0.4678363 -0.101914 0.6438902
0.3625731 -0.2560445 0.9161028
0.4444444 -0.1784549 0.7205903
0.6140351 -0.1273647 0.6037006
0.374269 -0.06020802 0.7065529
0.3216374 -0.3936735 0.8988253
0.4444444 -0.09767388 0.6777015
0.502924 -0.1196754 0.68611
0.5497076 -0.3163296 0.7968348
0.4853801 -0.1970432 0.7522173
0.4152047 -0.2952702 1.502764
0.6608187 0.5060406 -0.007445281
0.3333333 -0.3298865 1.06297
0.3976608 -0.2852111 0.9388451
0.5847953 -0.1335897 0.5704736
0.3684211 -0.2690273 0.7681572
0.5263158 -0.04023478 0.4937187
0.4795322 -0.2024744 0.7398715
0.3099415 -0.1974353 0.9263573
0.4152047 -0.02347777 0.4306402
0.3625731 -0.2143647 0.7649794
0.4736842 -0.2997692 0.8308674
0.4327485 -0.2395344 0.8663391
0.2865497 -0.2586162 1.073638
0.4444444 -0.2604233 0.8630081
0.5438596 -0.05494643 0.5602295
0.4561404 -0.1751289 0.7612851
0.3684211 -0.1312853 0.7646373
0.3040936 -0.235394 1.017492
0.6315789 -0.04378774 0.2100066
0.3450292 -0.2293497 0.9549216
0.5555556 -0.299838 0.7877511
0.3099415 -0.04085154 0.6701768
0.5380117 -0.01937705 0.5329477
0.1695906 0.06522917 0.5845145
0.3391813 -0.3948897 1.086015
0.251462 -0.4373268 1.50624
0.4444444 -0.2956074 0.8541629
0.4327485 -0.1448893 0.6308525
0.2923977 -0.3904276 1.183276
0.3099415 -0.1424679 0.8762054
0.3567251 -0.2870629 0.9512588
0.3040936 -0.1286432 0.8072515
0.3450292 -0.06296694 0.6996299
0.2807018 -0.06915975 0.6718523
0.2105263 -0.6009466 1.324203
0.3099415 -0.3017688 1.160761
0.4093567 -0.314656 0.9194685
0.502924 -0.2004841 0.668804
0.3216374 -0.3114304 1.076378
0.4912281 -0.08607158 0.6020698
0.4853801 -0.2245971 0.7973328
0.3040936 -0.1298991 0.8453662
0.2105263 -0.02203079 0.5967398
0.3333333 -0.3611549 1.110043
0.1988304 -0.5431468 1.646242
