0.4561404 -0.1559317 0.7107256
0.3918129 -0.1850156 0.7726834
0.2573099 -0.08229353 0.7618276
0.2923977 -0.09763456 0.8259275
0.2865497 -0.1675167 0.8744082
0.251462 -0.3232582 1.234625
0.2748538 -0.2457345 1.118622
0.3216374 -0.1688004 0.8817329
0.3040936 -0.2761224 0.9782749
0.2982456 -0.2383877 0.9983714
0.2690058 -0.08899081 0.6734896
0.1637427 -0.07281924 1.086316
0.1754386 -0.3431202 0.8162789
0.3684211 -0.2032764 0.7965816
0.2923977 -0.1132679 0.6108726
0.3099415 -0.1691174 0.9704346
0.2163743 -0.1530152 1.083292
0.5672515 -0.1493368 0.6517247
0.2222222 -0.1451854 0.9960109
0.374269 -0.12064 0.7962589
0.2573099 -0.2068172 1.064889
0.3274854 -0.1412299 0.8758211
0.3567251 -0.2746917 0.923722
0.245614 -0.03554597 0.5982716
0.3391813 -0.2485586 0.9315282
0.3040936 -0.3365891 1.118668
0.4327485 -0.262333 0.8124127
0.2163743 -0.2607489 1.264253
0.2222222 -0.03577201 0.1850073
0.3099415 -0.1417153 0.886263
0.2982456 -0.07983083 0.8462485
0.2690058 -0.1329597 0.8808979
0.2690058 -0.08829828 0.8740394
0.4619883 -0.104083 0.6490037
0.4736842 -0.1193816 0.7086746
0.2982456 -0.1380705 0.8549261
0.374269 -0.2659878 0.9128474
0.2982456 -0.2868333 1.11454
0.2923977 -0.2743658 1.05628
0.5380117 -0.1723006 0.5353361
0.5321637 -0.2656052 0.7668002
0.3333333 -0.133839 0.8015138
0.3099415 -0.2645502 1.062162
0.2865497 -0.2082064 0.9723068
0.2807018 -0.1813258 0.9375726
0.2105263 -0.3424389 1.36728
0.2748538 -0.1637757 0.9272895
0.3391813 -0.1956668 0.8334059
0.1871345 -0.3141605 0.7141778
0.2982456 -0.08659698 0.6829978
0.2573099 -0.1779371 0.6975345
0.2046784 -0.1594705 1.100736
0.2397661 -0.3635192 0.957872
0.3157895 -0.1173119 0.7977074
0.2163743 -0.1377625 1.097935
0.3450292 -0.216988 0.8779878
0.2339181 -0.1008903 0.790966
0.3684211 -0.3162581 1.015681
0.2339181 -0.05890656 0.6097164
0.5146199 -0.1295138 0.673238
0.2280702 -0.1701371 0.9564846
0.3274854 -0.1548922 0.879005
0.3684211 -0.2106054 0.8926821
0.2573099 -0.05545336 0.553011
0.2923977 -0.1651164 0.6362757
0.2923977 -0.2903463 1.109421
0.2982456 -0.2926112 1.09587
0.2923977 -0.2971326 1.134279
0.2631579 -0.1935713 0.9907039
0.1988304 -0.0004182631 0.6921467
0.3040936 -0.07131319 0.6405937
0.1695906 -0.05766592 0.663742
0.2690058 -0.2217027 1.051838
0.2397661 -0.2069245 1.12127
0.1929825 -0.3949279 1.564148
0.3274854 -0.1762464 0.8874031
0.1754386 -0.04528491 0.5240031
0.3216374 -0.113887 0.8017171
0.3567251 -0.294812 1.00428
0.3859649 -0.1671232 0.770444
0.3216374 -0.0608733 0.6952981
0.2280702 -0.3204499 0.8486748
0.3157895 -0.2272438 0.9567668
0.2923977 -0.25887 0.9942357
0.4269006 -0.2528542 0.797467
0.2046784 0.007892323 0.7617707
0.2046784 0.09786436 0.3164387
0.5380117 -0.2581794 0.7439416
0.251462 -0.1141865 0.9656955
0.3684211 -0.1297854 0.7898249
0.3976608 -0.1365016 0.7511226
0.245614 -0.1728367 1.027418
0.2923977 -0.02655471 0.4849272
0.3216374 -0.3277649 1.079863
0.2105263 -0.2689921 1.091664
0.2339181 -0.1345352 0.8946877
0.1988304 -0.3063074 1.256224
0.1461988 -0.1058379 0.9016187
0.2631579 -0.1990901 1.028206
0.2163743 -0.2585116 1.168449
0.3040936 -0.2127372 0.9982779
0.1988304 -0.1958272 0.9950463
0.2923977 -0.07747267 0.7900681
0.2923977 -0.05396642 0.4896728
0.2690058 -0.0546064 0.7950668
0.3391813 -0.09094451 0.5162289
0.2807018 -0.2867738 1.001877
0.3040936 -0.1979554 0.9160578
0.2982456 -0.10198 0.810229
0.3859649 -0.2099581 0.8073955
0.3040936 -0.05873409 0.6425999
0.2397661 -0.001729061 0.5416372
0.1929825 0.02656627 0.736131
0.2163743 -0.5157944 1.155348
0.2573099 -0.1202589 0.9686613
0.2807018 -0.1145774 0.8937639
0.2982456 -0.09875478 0.7335241
0.1754386 -0.5019689 1.194735
0.3040936 -0.1028833 0.7846868
0.2982456 -0.1526915 0.8572907
0.1988304 0.05781441 0.6341258
0.2865497 -0.1618829 0.7337003
0.2690058 -0.005315142 0.6590429
0.3684211 -0.09337404 0.7347689
0.245614 -0.3118553 1.117957
0.245614 -0.4166244 1.05988
0.5789474 -0.1789537 0.6592383
0.3567251 -0.1122846 0.756251
0.2397661 -0.02494451 0.7462623
0.2339181 -0.1619201 1.062166
0.2163743 -0.3229631 0.7284164
0.2923977 -0.1610937 0.9069765
0.1871345 -0.12336 1.160189
0.2573099 -0.2318167 1.032055
0.3625731 -0.205745 0.9124871
0.2923977 -0.3143742 1.007082
0.2222222 -0.4078487 0.9459317
0.3859649 -0.2366527 0.8445263
0.2339181 -0.2445743 1.17459
0.3333333 -0.1620881 0.8103429
0.2163743 -0.2252309 1.235262
0.2222222 -0.2092478 1.116814
0.5730994 -0.06927863 0.5529476
0.251462 -0.002432334 0.4603273
0.2573099 -0.1097453 0.9034396
0.2573099 -0.2913501 0.8000656
0.2807018 -0.3979912 0.6192166
0.2163743 -0.1251019 1.045333
0.3567251 -0.2441426 0.8613408
0.3099415 -0.1870862 0.9497912
0.251462 -0.2353486 1.115802
0.3157895 -0.1601205 0.908314
0.3216374 -0.2896566 1.0173
0.2982456 -0.2706805 1.016998
0.2397661 -0.07420829 0.5050745
0.3508772 -0.3466479 1.071066
0.2923977 -0.182116 0.9144588
0.5146199 -0.1855354 0.7082853
0.3099415 -0.2327987 0.9594586
0.251462 -0.1919134 0.7480783
0.245614 -0.1595129 1.012318
0.3099415 -0.1877266 0.9390531
0.2865497 -0.2696582 0.999594
0.2339181 -0.219284 0.7895583
0.4035088 -0.1155885 0.6971162
0.2280702 -0.539251 1.475744
0.3508772 -0.1900352 0.8611804
0.2690058 -0.3442347 1.249521
0.3099415 -0.1500582 0.8629914
0.245614 -0.2454328 1.195745
0.2222222 -0.2432233 1.154716
0.3333333 -0.3245415 1.006329
0.3859649 -0.1872791 0.8137965
0.3333333 -0.1325203 0.7825591
0.2222222 0.02461957 0.4558206
