0.374269 -0.1968914 0.867765
0.4093567 -0.2675065 0.8001723
0.2339181 -0.06283362 0.9723811
0.251462 -0.1956606 1.057464
0.2807018 -0.09635337 0.7879507
0.251462 -0.6262051 1.466808
0.1871345 -0.3406138 1.512424
0.2982456 -0.3902285 1.152469
0.3684211 -0.1235625 0.6621547
0.3157895 -0.234008 1.005914
0.5146199 -0.02526273 0.5276083
0.4444444 -0.1987933 0.7056541
0.2280702 -0.3097409 1.271311
0.3450292 -0.1215064 0.6982132
0.3216374 -0.2031648 0.9738828
0.2982456 -0.4879116 1.266802
0.3274854 -0.2235959 0.9361471
0.3391813 -0.2182589 0.9586007
0.2865497 -0.4339421 1.14856
0.3391813 -0.3054356 0.9139436
0.2865497 -0.2410984 1.059508
0.2631579 -0.1421141 0.8770979
0.3216374 -0.2433516 1.016058
0.3508772 -0.08123136 0.7236455
0.2923977 -0.2553992 1.04365
0.3450292 -0.3680775 1.058642
0.245614 -0.4556428 1.420183
0.251462 -0.4260724 1.477504
0.2807018 -0.2582807 1.105481
0.4385965 -0.2798022 1.176732
0.2573099 -0.3270539 1.295894
0.1812865 -0.3467696 1.500442
0.4035088 -0.2054388 0.8208438
0.3391813 -0.3132214 1.025356
0.4678363 -0.2749469 0.8499125
0.245614 0.07178961 0.2666974
0.4502924 -0.2069086 0.7934159
0.3684211 -0.09196327 0.6834568
0.245614 -0.2013562 1.051095
0.2982456 -0.331436 0.9940952
0.3625731 -0.1665396 0.7379196
0.2690058 -0.3169792 1.148772
0.2748538 -0.377574 1.034218
0.3040936 -0.2203872 0.9715963
0.3391813 -0.2929252 1.032663
0.3040936 -0.1311968 0.8630653
0.380117 -0.225791 0.8702171
0.3508772 -0.3680069 1.07091
0.3099415 -0.2694429 1.035862
0.2923977 -0.1943107 0.9595165
0.2573099 -0.1520261 0.9380201
0.5614035 0.01664439 0.3681047
0.3450292 -0.2268039 0.9252234
0.2923977 -0.25616 1.098616
0.2631579 -0.05013079 0.7221516
0.380117 -0.1962409 0.8112039
0.3216374 -0.1599278 0.8337504
0.5263158 -0.2937128 0.8042852
0.2631579 -0.3567331 1.334401
0.4035088 -0.203876 0.8172131
0.3918129 -0.1889618 0.6897217
0.251462 -0.2480533 1.164516
0.4327485 -0.2643137 0.846476
0.4269006 -0.3047729 0.8957956
0.3859649 -0.2359782 0.8872229
0.245614 -0.3198693 1.241831
0.3157895 -0.3165494 1.036231
0.3099415 -0.0111247 0.3945105
0.2923977 -0.2826945 1.086179
0.3859649 -0.1669774 0.7759075
0.2690058 -0.2887121 1.124321
0.3391813 0.1204329 0.3002909
0.2046784 -1.034386 1.364237
0.2865497 -0.2733371 1.119516
0.3216374 -0.3166361 1.090981
0.2690058 -0.2298744 0.9717295
0.2748538 -0.3748569 1.2483
0.2748538 -0.2698626 1.035151
0.4736842 -0.1540891 0.7204878
0.3333333 -0.1742084 0.8018636
0.4269006 -0.1540118 0.6957936
0.4444444 -0.1518998 0.592236
0.2280702 -0.451858 1.5759
0.2923977 -0.336542 0.7723453
0.3567251 -0.2294006 0.9240287
0.3918129 -0.27522 0.9266953
0.3508772 -0.1711094 0.7331503
0.3684211 -0.06862885 0.668615
0.245614 -0.2707557 1.196286
0.251462 -0.2340285 1.110311
0.3450292 -0.1409655 0.7872134
0.2631579 -0.1145275 0.8211237
0.3157895 -0.3921342 1.132045
0.2339181 -0.3387508 1.304705
0.3508772 -0.2144904 0.8371583
0.3450292 -0.2157806 0.9691275
0.2397661 -0.2047641 1.079507
0.2865497 -0.3722973 1.227619
0.2573099 -0.1929962 0.9578213
0.380117 -0.2453486 0.9220869
0.3333333 -0.301118 0.920578
0.4444444 -0.2702118 0.8169737
0.3684211 -0.1810134 0.8614941
0.2690058 -0.2119306 1.035123
0.3976608 -0.06786767 0.5568442
0.2865497 -0.1979456 0.9852977
0.2865497 -0.3068579 1.169788
0.3333333 -0.2322975 0.9670649
0.380117 -0.5083571 0.918729
0.2631579 -0.241517 1.107362
0.3976608 -0.3233763 0.9793289
0.4269006 -0.3102319 0.8787371
0.380117 -0.2519794 0.874992
0.5555556 -0.1258951 0.6352925
0.2397661 -0.2362194 1.161034
0.3216374 -0.2752103 0.9981116
0.2807018 -0.4523762 1.257418
0.2923977 -0.3803105 1.242666
0.3040936 -0.3188702 0.9085944
0.4152047 -0.2820132 0.9088894
0.2807018 -0.2965377 1.110996
0.3216374 -0.2128472 0.6063448
0.2690058 -0.2085811 0.9977406
0.2923977 -0.09031059 0.7502993
0.502924 -0.2597666 0.7308569
0.2397661 -0.247421 1.22969
0.2982456 -0.3050688 1.131711
