0.245614 -0.196581 0.9294686
0.4269006 -0.2682424 0.8864485
0.2222222 -0.1701537 1.178956
0.4269006 -0.2371901 0.8479324
0.1578947 -0.3803165 1.614484
0.2339181 -0.09260873 0.559581
0.3333333 -0.2433925 0.9340598
0.4093567 0.06013994 0.3277375
0.1754386 -0.01073322 0.8425452
0.251462 -0.2513617 0.8447493
0.3567251 -0.214137 0.9005387
0.2923977 -0.1399897 0.7802654
0.2690058 -0.2935711 1.18415
0.4502924 -0.01149478 0.5468672
0.3157895 -0.1811814 0.8418004
0.3684211 -0.2110732 0.887401
0.1754386 -0.2601502 1.376633
0.2631579 -0.2065761 0.8629512
0.1754386 0.1572962 -0.1241948
0.3216374 -0.1470632 0.8171004
0.1871345 -0.9095228 1.619835
0.4327485 -0.2830966 0.8477964
0.3216374 -0.2291996 0.9230297
0.3567251 -0.2525778 0.9189983
0.4093567 -0.2449228 0.8137095
0.3391813 -0.03972977 0.6744049
0.3976608 -0.3840707 0.9767996
0.245614 -0.1232324 0.9558058
0.245614 0.2112392 -0.0805464
0.2339181 -0.1752766 0.7180195
0.2690058 -0.3678479 0.8255715
0.2222222 -0.2346344 0.845934
0.2923977 -0.2286552 1.016259
0.2573099 -0.1607182 0.991155
0.2339181 -0.1365946 0.9548863
0.2339181 -0.1085062 0.9504759
0.3040936 -0.09566421 0.7387505
0.2339181 -0.1365588 1.028022
0.2280702 -0.1812132 1.118018
0.3157895 -0.1514644 0.893645
0.3567251 -0.02787332 0.5774957
0.5497076 -0.1559127 0.6333931
0.5614035 -0.09242155 0.5507935
0.3508772 -0.1582948 0.8130615
0.2573099 -0.1117377 0.8842415
0.3274854 -0.1347981 0.7611777
0.2631579 -0.161013 1.005364
0.3859649 -0.2243525 0.9338993
0.3216374 -0.1998499 0.6625875
0.5321637 -0.08775578 0.6228977
0.4152047 -0.2737317 0.8978775
0.2690058 -0.1918687 0.878957
0.4327485 -0.1619064 0.7685104
0.2807018 -0.2139283 0.8250664
0.2339181 -0.06562119 0.8240208
0.4327485 -0.1868236 0.7323646
0.374269 -0.1776403 0.8214622
0.2046784 -0.06184425 0.4272421
0.2573099 -0.2812707 1.090207
0.3859649 -0.1080229 0.6233429
0.4385965 -0.1632063 0.7758017
0.251462 -0.2222069 1.012057
0.1929825 -0.1917404 1.134085
0.251462 -0.1222938 0.931517
0.2631579 -0.1868959 0.8951498
0.2280702 -0.1872243 1.025371
0.4035088 -0.1738897 0.8128484
0.5087719 -0.1325814 0.6881841
0.4269006 -0.2906807 0.8816682
0.2923977 -0.3265772 1.144224
0.4385965 -0.1153993 0.6875285
0.245614 -0.05753634 0.836448
0.3859649 -0.1697798 0.8101015
0.380117 -0.06748401 0.6019041
0.3918129 -0.3140163 0.8997351
0.3859649 -0.02307399 0.498223
0.251462 -0.1178982 0.6637058
0.1520468 -1.145569 2.376533
0.3859649 -0.2485509 0.682208
0.2397661 -0.3367089 1.324103
0.1695906 -0.08262023 0.7195495
0.2690058 -0.3644002 1.05615
0.2046784 -0.2322943 1.168313
0.3274854 -0.340436 1.027133
0.4619883 -0.1898564 0.7408216
0.3450292 -0.1885081 0.9111478
0.2046784 -0.4341435 1.46035
0.3450292 -0.2146991 0.9535236
0.2046784 -0.4367803 1.462041
0.3333333 -0.2929674 1.012205
0.502924 -0.2758717 0.7368741
0.5438596 -0.2081743 0.6770187
0.4385965 -0.1336836 0.7609952
0.2748538 -0.06219846 0.4865017
0.3040936 -0.3022271 1.04457
0.2748538 -0.06462991 0.8459794
0.251462 -0.3182038 1.133992
0.3099415 -0.282716 1.069069
0.3040936 -0.2245425 1.019815
0.2748538 -0.3748622 1.167297
0.3216374 -0.2550304 0.9412263
0.2865497 -0.3103595 1.147256
0.251462 -0.2233138 1.014797
0.2280702 -0.09901527 0.7177762
0.2105263 -0.2374043 1.264064
0.2631579 -0.04092094 0.6226637
0.2807018 -0.1955324 0.9345384
0.2690058 -0.2176614 1.022598
0.1812865 -0.266497 1.113898
0.2339181 -0.07513012 0.7984832
0.3040936 -0.1727753 0.9094436
0.3216374 -0.2675247 1.019293
0.2163743 -0.3083456 1.372571
0.1929825 -0.3681456 1.356342
0.3157895 -0.1837826 0.8340743
0.1871345 -0.4539956 1.357264
0.4619883 -0.2780923 0.8494153
0.2046784 -0.1163278 0.9380065
0.1988304 -0.4286165 1.700838
0.2397661 -0.1941469 1.019994
0.1637427 -0.375072 1.720245
0.2865497 -0.3463255 1.150435
0.3157895 -0.1467256 0.7786693
0.3976608 -0.2740009 0.8798328
0.374269 -0.2094338 0.7906135
0.4502924 -0.2824559 0.8438549
0.2163743 -0.28138 1.328841
0.2339181 -0.3640781 1.374713
0.1988304 -0.2629435 1.392431
0.2339181 -0.137361 0.9307747
0.1871345 -0.2827145 1.145129
0.2105263 -0.07241019 0.5561479
0.2163743 -0.3078444 1.342027
0.3450292 -0.02510361 0.6756204
0.1461988 -0.1859519 0.8000203
0.2046784 -0.8586095 1.552074
0.2923977 -0.1916486 0.8586773
