0.5614035 -0.2606985 0.7614644
0.4853801 -0.126326 0.702916
0.2982456 -0.208401 0.9455661
0.6725146 0.04194694 0.4060031
0.5146199 -0.2055083 0.7803661
0.748538 -0.1809533 0.6618394
0.4853801 -0.09162179 0.7028269
0.619883 -0.1854407 0.6352158
0.4853801 -0.1285793 0.6467011
0.4210526 -0.2948061 0.9072429
0.4795322 -0.1115204 0.6469013
0.4210526 -0.1736946 0.8072129
0.4444444 -0.2208146 0.8241783
0.4502924 -0.2556892 0.8037051
0.4210526 -0.2705274 0.8968227
0.6140351 -0.2282573 0.7094227
0.4269006 -0.18409 0.8776134
0.5438596 -0.2250152 0.7609491
0.3040936 -0.4967327 1.374256
0.4853801 -0.2442528 0.8180255
0.7076023 -0.2134837 0.6414514
0.6725146 -0.2687351 0.7783546
0.6959064 -0.09907352 0.4500814
0.5146199 -0.4309951 1.249144
0.5438596 -0.2075764 0.7189896
0.754386 -4.642596 5.084641
0.5730994 -0.2466056 0.8099488
0.380117 -0.2524171 0.9603403
0.5380117 -0.2063372 0.715503
0.4678363 -0.02663772 0.4949601
0.5555556 -0.1556981 0.6658663
0.380117 -0.2271109 0.8540697
0.374269 -0.08011031 0.6926512
0.6549708 -0.2514332 0.7046472
0.3508772 -0.02763041 0.6315766
0.4385965 -0.1984701 0.8506694
0.619883 -0.1860015 0.6611763
0.5380117 0.03499085 0.4798477
0.5204678 -0.1466804 0.6634979
0.8128655 -0.3056869 0.7111238
0.4093567 -0.2766338 0.9520221
0.5204678 0.08896548 0.4024167
0.4795322 -0.1099253 0.6617125
0.3333333 -0.2272561 1.007501
0.6023392 -0.1682702 0.6984345
0.4444444 -0.1984946 0.8382118
0.4678363 -0.2972436 0.8490763
0.3450292 -0.2530403 0.956615
0.4444444 -0.2826562 0.8793958
0.4795322 -0.1983867 0.7568814
0.4444444 -0.2760914 0.8731111
0.245614 -0.2302192 1.178188
0.2690058 -0.478836 1.302615
0.5087719 -0.2448705 0.7944794
0.8128655 -0.2750254 0.7061702
0.7719298 -1.801803 2.190915
0.3099415 -0.1986777 0.9799478
0.3157895 -0.3417889 0.8126575
0.2573099 -0.2234508 1.122903
0.4385965 -0.267504 0.8501553
0.3976608 -0.2517336 0.8919362
0.5672515 -0.07037678 0.5683421
0.3859649 -0.1926982 0.7299829
0.251462 -0.2431399 1.228514
0.6783626 -0.2977286 0.7137198
0.3450292 -0.2744701 0.9861007
0.2631579 -0.3107355 1.228497
0.374269 -0.1942352 0.8507862
0.3333333 -0.2263333 0.8794358
0.6081871 -0.3347406 0.8178111
0.5730994 -0.2619012 0.7416466
0.502924 -0.1813437 0.6685304
0.3567251 0.004993631 0.6254196
0.3391813 -0.3711825 1.131461
0.3391813 -0.1549157 0.8563199
0.502924 -0.1371844 0.6300648
0.5555556 -0.1923478 0.6841474
0.4444444 -0.1851813 0.7054445
0.4444444 -0.294504 0.8550158
0.2397661 -0.4504159 1.402868
0.2923977 -0.3168344 1.168267
0.4561404 -0.2158388 0.8013044
0.3625731 -0.3373145 1.035272
0.5614035 -0.2596653 0.7478319
0.6315789 -0.132033 0.5768975
0.380117 -0.2647216 0.9113423
0.2573099 -0.2465623 1.197657
0.4619883 -0.1681336 0.7453247
0.5555556 -0.287283 0.7874983
0.6842105 -0.4338334 1.196498
0.4912281 -0.2607053 0.814459
0.3567251 -0.2683886 0.9910168
0.3333333 -0.2060038 0.9313898
0.5321637 -0.1775998 0.5875201
0.619883 -0.2631023 0.751491
0.6549708 -0.2636885 0.7500412
0.3333333 -0.07950863 0.7952209
0.3567251 -0.3281577 1.081495
0.4327485 -0.1678601 0.7891333
0.1461988 -0.04976978 0.9423366
0.4561404 -0.1716792 0.7975657
0.4561404 -0.3496591 0.963961
0.5204678 -0.3177016 0.8337301
0.5263158 -0.3345519 0.8247589
0.3508772 -0.2360767 0.922152
0.2923977 -0.06248005 0.8171303
0.6140351 -0.1425213 0.602148
0.4912281 -0.1641304 0.7089622
0.8245614 -0.2698564 0.6575942
0.4327485 -0.2316097 0.8540835
0.6315789 -0.1643474 0.6621185
0.4385965 -0.2224406 0.8570882
0.4210526 -0.1899297 0.7908339
0.5087719 -0.1801987 0.7222261
0.6315789 -0.0243958 0.5243661
