0.251462 -0.3235714 1.172822
0.4678363 -0.2669294 0.7965141
0.5906433 -0.2625069 0.6870149
0.5321637 -0.2493738 0.7824538
0.3976608 -0.2373896 0.8496469
0.3859649 -0.3106785 0.9701217
0.3450292 -0.2745749 0.8398341
0.5555556 -0.2063481 0.6695272
0.4269006 -0.2089444 0.7795703
0.2923977 -0.2667271 1.104653
0.2865497 -0.3854193 1.080905
0.2748538 -0.2430851 1.045871
0.3333333 -0.2245156 0.8561075
0.6783626 -0.1932997 0.5978228
0.2748538 -0.3452686 1.211628
0.2397661 -0.2266163 1.137711
0.2046784 -0.2735244 1.240767
0.2807018 -0.2079778 1.057101
0.3216374 -0.3407672 1.039046
0.4385965 -0.1787508 0.765508
0.2280702 -0.3443245 1.401525
0.3040936 -0.2035375 0.9522124
0.5964912 -0.05693166 0.496508
0.5438596 -0.5442073 0.8945347
0.1637427 -0.9275261 2.307238
0.5087719 0.03603566 0.5065974
0.4385965 -0.1860558 0.7629661
0.5204678 -0.2509649 0.7618222
0.2631579 -0.2087514 1.064683
0.5497076 -0.1911427 0.5542676
0.6608187 -0.1774908 0.6330327
0.4210526 -0.08719142 0.5773143
0.3684211 -0.3398634 1.022303
0.3216374 -0.111196 0.827442
0.2807018 -0.1559732 0.9625679
0.5730994 -0.1517702 0.6356866
0.245614 -0.1991993 1.077907
0.2046784 -0.1764007 0.8624802
0.7017544 -0.3352712 0.7426871
0.4269006 -0.2431911 0.8552531
0.5730994 -0.04026803 0.4600242
0.5438596 -0.03720464 0.4072312
0.4795322 -0.20305 0.7519699
0.3040936 -0.160176 0.8134136
0.6315789 -0.2147101 0.671197
0.4853801 -0.2895126 0.8368719
0.2865497 -0.07756069 0.9600244
0.4385965 -0.08384635 0.6918705
0.4385965 -0.2984135 0.8500246
0.3333333 -0.2556112 1.049347
0.2982456 -0.2925117 1.116225
0.2807018 -0.099546 0.8909491
0.5204678 -0.2178263 0.7330706
0.497076 -0.2765362 0.7904834
0.4502924 -0.2713381 0.8554926
0.4619883 -0.1200246 0.6089604
0.4093567 -0.1614105 0.733833
0.4444444 -0.2028547 0.7772832
0.4678363 -0.09205373 0.582075
0.4152047 -0.2639587 0.8244676
0.3567251 -0.1383454 0.799167
0.3976608 -0.2179109 0.8711377
0.625731 -0.146678 0.6258164
0.502924 -0.2086041 0.7985998
0.3625731 -0.1646635 0.8818959
0.3450292 -0.2327183 0.9925028
0.2923977 -0.1665703 0.9669604
0.3625731 -0.1677828 0.833347
0.4152047 -0.1963495 0.820183
0.3216374 0.03595679 0.6652228
0.4210526 -0.2168532 0.789045
0.2690058 0.02861892 0.6932728
0.4385965 -0.2768049 0.8993991
0.374269 -0.2666669 0.9386817
0.6432749 -0.2166735 0.6638806
0.4035088 -0.2016636 0.8179266
0.4795322 -0.04822484 0.5316341
0.3684211 -0.1759484 0.842738
0.4327485 -0.2899202 0.8893411
0.3918129 -0.2918002 0.8900934
0.4152047 -0.1660844 0.7904908
0.2807018 -0.3908256 1.242073
0.2865497 -0.1998983 1.071318
0.5555556 -0.1356409 0.6761731
0.380117 -0.2810289 0.9494678
0.3508772 -0.2904724 1.032283
0.4210526 -0.250901 0.8851426
0.5263158 -0.2209592 0.6726448
0.497076 -0.2542761 0.8173424
0.6140351 -0.1605353 0.6660002
0.4678363 -0.2077204 0.8084007
0.497076 -0.1045528 0.6218664
0.4619883 -0.06916386 0.5884452
0.3450292 -0.2499148 0.9655462
0.5087719 -0.3886586 0.852869
0.6432749 -0.274176 0.7061898
0.4385965 -0.1581154 0.8020078
0.4561404 -0.2025491 0.7362594
0.3216374 -0.3228657 1.023056
0.3099415 -0.2695053 1.058745
0.3684211 -0.1120229 0.7387222
0.4736842 -0.1624086 0.614078
0.4795322 -0.2341796 0.8260656
0.3508772 -0.3214785 1.041862
0.4327485 -0.2339787 0.8307295
0.3859649 -0.326673 0.9095416
0.4035088 -0.1220987 0.7245658
0.4269006 -0.1986649 0.8035062
0.4093567 -0.09760336 0.6750464
0.3508772 -0.03060633 0.7135763
0.2690058 -0.1329208 0.9597558
0.2690058 -0.007037455 0.6854036
0.380117 -0.321289 0.9890768
0.5438596 -0.2081159 0.7056005
0.625731 -0.2537365 0.7349234
0.3450292 -0.207387 0.9148834
0.502924 -0.1992471 0.7651844
