0.2222222 -0.1296788 0.9906997
0.3391813 -0.3042268 0.9690828
0.4853801 -0.2364749 0.7668866
0.4327485 -0.1461372 0.6867174
0.3450292 -0.2427195 0.8561118
0.4912281 -0.1590557 0.6798206
0.3859649 -0.2566535 0.9066427
0.2339181 -0.242103 1.244534
0.4269006 -0.2468116 0.8736953
0.3333333 -0.2502882 0.9691281
0.3333333 -0.265248 1.054866
0.3274854 -0.09051945 0.8077175
0.3216374 -0.2183776 0.8697454
0.2046784 -0.3357037 1.464777
0.380117 -0.2769053 0.9396734
0.2982456 -0.4727316 1.207666
0.4269006 -0.2057432 0.7886536
0.2046784 -0.2915728 1.142001
0.3333333 -0.168337 0.8703687
0.2923977 -0.3090023 1.046323
0.2807018 -0.2869209 1.122994
0.5263158 -0.1944313 0.6876818
0.3508772 -0.2304756 0.8923447
0.4210526 -0.2675088 0.8675397
0.4853801 -0.2133986 0.7609101
0.4269006 -0.08859268 0.6001497
0.1929825 0.009059073 0.7787523
0.245614 -0.1722996 1.121515
0.3040936 -0.1493043 0.7808489
0.2573099 -0.271645 0.957635
0.2923977 -0.2468125 0.8478593
0.2807018 -0.3370996 1.1563
0.2163743 -0.2529205 1.283276
0.502924 -0.2289297 0.7661946
0.3040936 -0.3129499 1.06026
0.2865497 -0.2419195 1.111726
0.374269 -0.08362868 0.6725053
0.2573099 -0.5110095 1.235958
0.3450292 -0.1613783 0.7837765
0.2690058 -0.2380307 1.113119
0.2690058 -0.2829875 1.216321
0.2573099 -0.3914121 1.311231
0.2631579 -0.1689041 0.9476235
0.3216374 -0.2467188 0.9852927
0.3274854 -0.2233185 0.8891539
0.3333333 -0.2135896 0.9619918
0.3625731 -0.2509749 0.8118732
0.3040936 -0.111385 0.6264804
0.3976608 -0.05721027 0.6872327
0.3450292 -0.2129482 0.9435274
0.3391813 -0.2360957 0.9525503
0.4210526 -0.2570811 0.853122
0.4736842 -0.1369663 0.5838436
0.3450292 -0.1734217 0.8228112
0.502924 -0.1429813 0.6801464
0.2105263 -0.2552164 1.18654
0.2631579 -0.2094911 1.044682
0.4502924 -0.1059816 0.6714339
0.3157895 -0.09910683 0.6733365
0.2748538 -0.2218014 1.007674
0.3040936 -0.3043542 1.132736
0.374269 -0.2188229 0.8533075
0.3684211 -0.191366 0.7729043
0.3274854 -0.1818836 0.8956253
0.3157895 -0.2377041 0.9632449
0.5146199 -0.2896501 0.794809
0.4152047 -0.3003879 0.8993937
0.4093567 -0.0304564 0.5934712
0.3216374 -0.1287672 0.8771724
0.4912281 -0.08695625 0.5585771
0.4502924 0.06836627 0.4190062
0.3157895 -0.2224773 0.9863102
0.3099415 -0.3101089 1.107847
0.2923977 -0.1201163 0.832942
0.2865497 -0.1315983 0.8769039
0.2748538 -0.2845076 1.171271
0.4385965 -0.2484923 0.8419259
0.4912281 -0.1824068 0.6938551
0.5087719 -0.246609 0.8157302
0.4444444 -0.09695455 0.6380491
0.380117 -0.2136345 0.8574536
0.3625731 -0.3372158 1.07356
0.3040936 -0.2010647 0.9769547
0.380117 -0.2926383 0.9798136
0.2865497 -0.2977683 1.164985
0.1578947 -0.5667198 1.502212
0.5263158 -0.2145609 0.7197205
0.3099415 -0.3762833 1.223157
0.2397661 -0.1608179 1.079343
0.2982456 -0.147176 0.9462104
0.4912281 -0.1301428 0.6699283
0.3216374 -0.1619374 0.8891876
0.6783626 -0.09764195 0.5414406
0.5614035 -0.1228486 0.6075087
0.2748538 -0.1408978 0.9656328
0.3918129 -0.2695384 0.9146447
0.2280702 -0.1391245 1.020394
0.3684211 -0.2741034 0.9276959
0.2573099 -0.2934953 1.147809
0.4093567 -0.2531799 0.7688401
0.5263158 -0.1676122 0.7010255
0.4385965 -0.3424991 0.9089203
0.2631579 -0.2050243 0.8623128
0.5672515 -0.1574714 0.6438193
0.7719298 -0.6836014 1.071736
0.4736842 -0.1494643 0.7830806
0.3918129 -0.3116802 0.9912372
0.4385965 -0.1629479 0.7687033
0.2865497 -0.239304 1.07938
0.4035088 -0.2670201 0.9221945
0.625731 -0.3010576 0.7721899
0.3450292 -0.1825947 0.8930372
0.502924 -0.1070694 0.6370287
0.251462 -0.03826855 0.8433636
0.4561404 -0.1595309 0.7462222
0.6023392 -0.2274456 0.6913546
0.4678363 -0.3073569 0.8610845
0.5087719 -0.1436821 0.6708872
0.3099415 -0.2109894 0.9315979
0.2397661 -0.3778029 1.464929
0.3040936 -0.3176668 1.171234
0.3567251 0.2668418 0.9604572
0.4502924 -0.1916126 0.7674438
0.374269 -0.2222997 0.9211024
0.2748538 -0.1295118 0.9066694
0.3450292 -0.1159946 0.8139932
0.6140351 -0.1991323 0.6491879
0.5380117 -0.242031 0.707386
0.5087719 -0.2035344 0.7149759
0.502924 -0.3030053 1.049995
0.4678363 -0.1477707 0.6869721
0.4795322 -0.1947305 0.725422
0.3859649 -0.3035864 0.9354855
0.3157895 -0.2834437 1.053631
0.4210526 -0.225527 0.8283734
0.3625731 -0.2218016 0.8099284
0.1988304 -0.1718171 0.9429006
0.2631579 -0.3290047 1.238314
0.5146199 -0.2538728 0.7483548
0.2573099 -0.2429473 0.994784
0.380117 -0.2701718 0.9607576
0.5263158 -0.2643532 0.7341961
0.3333333 -0.2877443 1.016577
0.3274854 -0.2728954 1.040046
0.5847953 -0.1928766 0.6517454
0.5614035 -0.3239902 0.7627843
0.4444444 -0.09186305 0.6417632
0.497076 -0.2065717 0.7454964
0.3508772 -0.2415928 0.9193834
0.4853801 -0.2044346 0.7517571
0.4736842 -0.2780138 0.8226893
0.2923977 -0.2913926 1.115577
0.4210526 -0.1275393 0.6837647
0.5146199 -0.06418168 0.4891117
0.6315789 -0.1847078 0.6171789
0.2807018 -0.3077886 1.21919
0.3450292 -0.2692032 1.045329
0.5555556 -0.2060933 0.7344589
0.2923977 -0.1927493 1.048049
0.4269006 -0.2346377 0.8440793
0.3625731 -0.2970682 1.037304
0.497076 -0.1382963 0.639685
0.3859649 -0.1688518 0.7981284
0.3040936 -0.1689697 0.9450614
0.4502924 -0.2312133 0.8479602
0.3391813 -0.252249 0.9133726
0.4795322 -0.1992992 0.7377047
0.1988304 -0.4537073 1.743983
0.3625731 -0.2082706 0.8820721
0.2807018 -0.141915 0.9878275
0.4152047 -0.1781729 0.7524264
0.5263158 -0.2966273 0.7825333
0.4152047 -0.3469402 1.026918
0.2046784 -0.3329665 1.495002
0.502924 -0.1095978 0.6044282
0.2573099 -0.1884249 1.062706
0.9298246 1.296171 -0.7203316
0.5964912 -0.2258518 0.6789734
0.7076023 -0.2407762 0.6639816
0.3099415 -0.1309627 0.8612266
0.4678363 -0.2002185 0.7907103
0.2865497 -0.1793971 0.9510473
0.502924 -0.04031941 0.5181091
0.2397661 -0.3775293 1.390482
0.4093567 -0.1753466 0.7754968
0.4269006 -0.2503225 0.8425991
0.251462 -0.385324 1.174771
0.3333333 -0.03678986 0.7210589
0.4795322 -0.1933295 0.695093
0.3859649 -0.1194463 0.7401851
0.251462 -0.03454269 0.5319448
0.4035088 -0.2734454 0.9146539
0.380117 -0.09020469 0.7205093
0.7426901 0.09498408 0.3463838
0.6491228 -0.258998 0.7123783
0.4502924 -0.254934 0.8562526
0.2280702 -0.3353205 1.40672
0.6842105 -0.3259475 0.7634621
0.6374269 -0.0591085 0.4943062
0.4093567 -0.1207313 0.7213117
0.8011696 -0.1061412 0.4676439
0.6315789 -0.3239423 0.7734076
0.497076 -0.07834052 0.6098074
0.4502924 -0.1465552 0.6787713
0.4561404 -0.1174393 0.6920339
0.6666667 0.1344216 0.1963365
0.4502924 -0.054867 0.6074343
0.2748538 -0.08750837 0.8002171
0.2690058 -0.138446 0.9663972
0.4795322 -0.1348194 0.6680172
0.4736842 -0.2853992 0.9079446
0.3567251 -0.2814124 0.9653543
0.2222222 -0.1093459 1.072342
0.2865497 -0.1772726 1.011111
0.4093567 -0.2389622 0.8614549
0.3625731 -0.1157027 0.7122658
0.4093567 -0.07925252 0.5635328
0.3216374 -0.1269388 0.7008352
0.4795322 -0.08963052 0.6158546
0.3099415 -0.3661749 1.11719
0.4327485 -0.364927 0.8757607
0.7660819 -0.2548868 0.8278165
0.380117 -0.2507159 0.9332182
0.3450292 -0.1415538 0.8629274
0.3625731 -0.2334166 0.953292
0.4327485 -0.2001903 0.7490471
0.2397661 -0.3439128 1.341822
0.3216374 -0.2287096 1.010659
0.3040936 -0.1893441 0.9255072
0.2631579 -0.4631369 1.170106
0.2222222 -0.4466898 1.567134
0.4561404 -0.2708372 0.8493917
