0.3918129 -0.09096231 0.6671677
0.3391813 -0.1368526 0.7473136
0.3976608 -0.2262907 0.8211141
0.619883 -0.04967221 0.480222
0.3450292 -0.2200562 0.9221365
0.3040936 -0.2909236 1.054048
0.3274854 -0.1334181 0.757292
0.5321637 -0.2125285 0.6974732
0.4444444 -0.08692647 0.6492623
0.2222222 -0.1413469 0.8251093
0.4678363 -0.1474427 0.7059994
0.5087719 -0.1733458 0.7483936
0.2163743 -0.4636586 1.586949
0.5263158 -0.2061238 0.76455
0.380117 -0.1632071 0.8096694
0.4269006 -0.2334992 0.8396595
0.1461988 -0.111809 1.088964
0.1812865 -0.3276321 1.412386
0.5263158 -0.2701375 0.7431832
0.2631579 -0.2318388 1.083842
0.4444444 -0.2806516 0.769198
0.2807018 -0.1522219 0.7132522
0.5146199 0.005598863 0.4713726
0.251462 -0.281706 1.200633
0.4561404 -0.2178876 0.8326776
0.3684211 -0.1515595 0.7935572
0.2397661 -0.2005619 1.090589
0.3099415 -0.07602801 0.7651189
0.2397661 -0.247844 1.173002
0.251462 -0.2885693 1.242706
0.380117 -0.2817732 0.8661317
0.4561404 -0.278775 0.8127692
0.2573099 -0.2345337 1.125249
0.502924 -0.05961855 0.5783178
0.2807018 -0.06957594 0.8629951
0.4561404 -0.2455564 0.8204893
0.3216374 -0.07493358 0.7856404
0.2280702 -0.5080369 1.451833
0.2163743 -0.2343271 1.161562
0.2865497 -0.1175815 0.675049
0.1812865 -0.605453 0.8844434
0.1988304 -0.2617201 1.348992
0.4035088 -0.1335449 0.698256
0.4736842 -0.1969974 0.7411237
0.3040936 -0.2550116 1.055915
0.3391813 -0.1960513 0.8853977
0.3216374 -0.2911044 1.040909
0.4502924 -0.2131777 0.7891299
0.2397661 -0.1497818 1.022531
0.3274854 -0.3822937 1.03061
0.4269006 -0.1852788 0.8009711
0.3333333 -0.373189 1.009479
0.2690058 -0.3657239 1.21297
0.3918129 -0.2033979 0.7865653
0.251462 -0.2543276 1.038763
0.4385965 -0.2174616 0.7631332
0.4561404 -0.06119172 0.5318604
0.4093567 -0.2420573 0.8792709
0.3157895 -0.08580362 0.5416761
0.2339181 -0.2753874 1.073099
0.3274854 -0.1947387 0.4508516
0.1695906 -0.08163182 0.3280023
0.2573099 -0.1033716 0.5608176
0.3040936 -0.02168572 0.7139612
0.2748538 -0.08703267 0.7496753
0.3450292 -0.07911145 0.7299117
0.2982456 -0.2792964 1.027755
0.1578947 -0.3726855 0.7453724
0.1871345 -0.2827354 0.8623444
0.2280702 -0.1268496 0.9964214
0.2105263 -0.04892061 0.3000582
0.2690058 -0.1997265 1.013527
0.2397661 -0.2520524 1.119864
0.2280702 -0.1552974 0.9647368
0.1637427 0.08246963 0.4265555
0.2690058 -0.1947498 0.9842305
0.245614 -0.3347058 1.317917
0.3391813 -0.2239145 0.8805316
0.2339181 -0.276678 1.160808
0.4619883 -0.0373413 0.590231
0.3684211 -0.1683682 0.7898257
0.380117 -0.1256485 0.7077593
0.2631579 -0.2542093 0.7243998
0.3859649 -0.1739031 0.7887439
0.2748538 0.08655087 0.3111693
0.2573099 -0.001700981 0.6235925
0.3216374 -0.3334989 1.081099
0.1695906 -0.3189703 1.129635
0.3918129 -0.1769215 0.7955766
0.3508772 -0.2454179 0.9417335
0.5321637 -0.193165 0.7252935
0.2280702 -0.2517773 1.007393
0.2573099 -0.1346083 0.9404373
0.4502924 -0.1588147 0.7022737
0.5672515 -0.3973993 0.8455042
0.1754386 -0.04419175 0.3448627
0.3333333 -0.109972 0.5987167
0.3391813 -0.003196272 0.5114338
0.2807018 -0.3053653 1.239375
0.3274854 -0.1483678 0.8072021
0.374269 -0.1567696 0.7442637
0.3684211 -0.03137407 0.6228057
0.380117 -0.2329721 0.8811288
0.1988304 -1.018332 1.501372
0.2982456 -0.1602298 0.8238884
0.2982456 -0.08647177 0.7324309
0.4795322 -0.257305 0.8034644
0.1871345 -0.2042634 0.899711
0.380117 -0.2158831 0.8121332
0.3274854 -0.3155709 1.008984
0.2923977 -0.1967465 0.9544413
0.2923977 -0.1139762 0.6688766
0.3684211 -0.3109694 0.9773774
0.4444444 -0.02795542 0.5238634
0.2807018 -0.2343372 1.089674
0.4619883 -0.1250065 0.6789121
0.2573099 -0.2392429 0.9067734
0.4678363 -0.1142137 0.6689173
0.1988304 -0.2937263 1.421863
0.2339181 -0.2489799 1.258453
0.3508772 -0.1922521 0.80876
0.3567251 -0.106598 0.7583619
0.3391813 -0.2099076 0.9054896
0.2222222 -0.06368285 0.790507
0.2163743 -0.1390419 1.072447
0.3040936 -0.1526482 0.7296184
0.4269006 -0.1527187 0.7649573
0.245614 -0.06632938 0.664971
0.251462 -0.08329478 0.8265716
0.4035088 -0.2745794 0.9542829
0.3333333 -0.1527656 0.846454
0.5672515 -0.2969519 0.7821898
0.2046784 -0.4705963 1.349681
0.2807018 -0.3483386 1.180616
0.4269006 -0.1615174 0.7513221
0.2631579 -0.4753094 0.9385026
0.3625731 -0.1980311 0.8600768
0.2690058 -0.06481341 0.8213278
0.2573099 -0.1694617 1.005776
0.3391813 0.003808832 0.5381734
0.4912281 -0.1662797 0.6888477
0.3274854 -0.1320419 0.8484048
0.2923977 -0.1812902 0.9674253
0.2631579 -0.1038582 0.8444455
0.2982456 -0.2501967 1.042723
0.4210526 -0.2176304 0.8240609
0.2982456 -0.09519483 0.8091008
0.3684211 -0.3396685 1.038877
0.4327485 -0.1128087 0.6751161
0.2748538 -0.1939568 0.902961
0.4093567 -0.1963965 0.810188
0.2573099 -0.2358037 1.140102
0.3391813 -0.1486811 0.7672384
0.2982456 -0.2537051 0.9737482
0.3099415 -0.223737 0.801877
0.1812865 -0.3053734 0.8466233
0.2690058 -0.2542081 1.122816
0.2339181 -0.2816789 1.219399
0.3274854 -0.2876744 1.041527
0.1578947 -0.4615474 1.724996
0.4502924 -0.2165827 0.8174605
0.2280702 -0.2713736 1.32898
0.380117 -0.0531825 0.6849034
0.3684211 -0.2544041 0.9101326
0.374269 -0.2022154 0.8777886
0.3625731 -0.2088367 0.8710968
0.4152047 -0.1264783 0.7039203
0.7192982 -0.2467146 0.6585948
0.3040936 -0.2193761 0.9959772
0.3567251 -0.1067101 0.7915702
0.2573099 -0.3050277 1.197066
0.2982456 -0.2252815 1.049598
0.3040936 -0.1728783 0.9514432
0.2105263 -0.3352619 1.311034
0.4619883 -0.1991419 0.6965348
0.2748538 -0.1133582 0.8541027
0.2573099 -0.1199783 1.000523
0.5672515 -0.0540364 0.52971
0.2397661 -0.2890669 1.237177
0.4678363 0.1557909 0.3585904
0.4210526 -0.2370438 0.8466688
0.2690058 -0.1482432 0.9925229
0.3508772 -0.1737583 0.8516169
0.4269006 -0.1097678 0.6569214
0.2865497 -0.3220255 1.147115
0.3684211 -0.2749974 0.6761223
0.3508772 -0.1637026 0.8121465
0.3567251 -0.2732432 0.8608197
0.2807018 -0.2840671 1.13104
0.3684211 -0.2165328 0.9469386
0.3391813 -0.08762869 0.7271553
0.5555556 -0.07333515 0.5751398
0.4210526 -0.2752845 0.9002003
0.2982456 -0.1110942 0.7155756
0.2865497 -0.1166661 0.800891
0.374269 -0.2383448 0.7864857
0.4736842 -0.2301707 0.7836395
