0.6900585 -0.2536852 0.8223453
0.9356725 -2.353519 3.786132
0.380117 -0.3667274 1.041891
0.4619883 -0.2202797 0.7889963
0.4853801 -0.2920732 0.8349753
0.2923977 -0.5175015 1.466961
0.619883 -0.4055783 0.8314439
0.3976608 -0.3003038 0.9666442
0.5614035 -0.2394946 0.7855757
0.4327485 -0.3382859 0.9660926
0.4035088 -0.4789674 1.078606
0.497076 0.02814887 0.4287067
0.8830409 -7.460745 7.928547
0.4444444 -0.295644 0.8922292
0.2923977 -0.5526614 1.493036
0.6081871 0.04312939 0.4223187
0.3918129 -0.1742331 0.8690377
0.2573099 -0.6052058 1.700447
0.4269006 -0.3905556 1.037477
0.3040936 -0.6477002 1.813576
0.4795322 -0.3644312 0.9166635
0.5321637 -0.2444824 0.7516115
0.4795322 -0.3397179 0.8802667
0.6491228 -0.0190718 0.4751015
0.4502924 -0.3998825 0.9794381
0.3508772 -0.49975 1.373206
0.3684211 -0.2400224 0.9573323
0.619883 -0.153239 0.6214391
0.3918129 -0.3423268 1.017681
0.2631579 -0.4792796 1.532282
0.4678363 -0.07694837 1.02299
0.3684211 -0.4022937 1.071971
0.6432749 -0.1686434 0.6143112
0.497076 -0.3138782 0.8756976
0.5204678 -0.2582392 0.7936083
0.4210526 -0.2640253 0.8712598
0.3391813 -0.4260433 1.15041
0.3976608 -0.3793938 1.053111
0.3391813 -0.4404954 1.288477
0.374269 -0.3313704 1.017754
0.3976608 -0.292648 0.9591227
0.4853801 -0.2261932 0.8805289
0.3859649 -0.2829375 0.9530459
0.3976608 -0.2725904 0.9225049
0.2046784 -0.5217277 1.888389
0.625731 -0.2387314 0.7068892
0.3625731 -0.3397712 1.050904
0.3684211 -0.3089876 1.028442
0.4093567 -0.3583951 0.9821818
0.3508772 -0.2476088 0.9835542
0.3567251 -0.1780803 0.8820898
0.3450292 -0.1379233 0.8470417
0.3391813 -0.2709007 1.065023
0.3333333 -0.3168202 1.111291
0.2573099 -0.4521788 1.516397
0.3157895 -0.2203328 1.01878
0.4269006 -0.3356722 0.9042518
0.2163743 -0.4409114 1.562038
0.3684211 -0.2493315 0.9487892
0.2982456 -0.3284182 1.209083
0.2748538 -0.4996406 1.541935
0.3918129 -0.2304498 0.8899075
0.4035088 -0.1933601 0.8145036
0.4619883 -0.4298237 1.228163
0.4502924 -0.2566127 0.8719621
0.3859649 -0.3327006 1.010477
0.4093567 -0.3363963 0.9852652
0.3274854 -0.3574283 1.192468
0.2690058 -0.3443633 1.313363
0.3099415 -0.5525579 1.336944
0.2748538 -0.335566 1.255971
0.3625731 -0.3611212 1.097224
0.3918129 -0.2729594 0.9831038
0.3976608 -0.2452022 0.9179451
0.4912281 -0.2244246 0.8151881
0.380117 -0.4169705 1.096978
0.497076 -0.3089479 0.8350902
0.4912281 -0.1969962 0.75339
0.4444444 -0.3403671 0.9394487
0.3274854 -0.1717375 0.9216611
0.380117 -0.2040966 0.8555566
0.374269 -0.2901597 0.9278964
0.4269006 -0.2262046 0.8383256
0.4853801 -0.1154895 0.6687872
0.2339181 -0.5267777 1.733911
0.4678363 -0.3498969 0.8872201
0.4269006 -0.331907 1.006849
0.3508772 -0.3783105 1.099215
0.4035088 -0.471753 1.383173
