0.251462 0.006692821 0.3515659
0.2631579 -0.112274 0.9015919
0.380117 -0.1765323 0.8644405
0.3684211 -0.2414155 0.8077312
0.3157895 -0.2221799 0.9989477
0.4210526 -0.1962751 0.7793886
0.3216374 -0.06567523 0.712517
0.3333333 -0.04395123 0.6336526
0.3040936 -0.2308566 0.8741985
0.3040936 -0.2399356 0.9414914
0.2339181 -0.2248981 1.099916
0.2690058 -0.213871 1.092869
0.2573099 -0.2724623 0.9572959
0.251462 -0.0186366 0.7566924
0.3684211 -0.207736 0.8557783
0.2748538 -0.2949183 1.18761
0.251462 -0.2714887 1.069892
0.2923977 -0.1717359 0.7494574
0.3391813 -0.3533286 1.130053
0.251462 -0.7481991 1.120505
0.2222222 -0.01797319 0.7194418
0.2923977 -0.09959987 0.639029
0.3918129 -0.2761063 0.8134956
0.2865497 -0.2415756 1.067345
0.2748538 -0.282601 1.118707
0.2807018 -0.3021485 1.176411
0.3216374 -0.08787966 0.8193106
0.4385965 -0.2892715 0.8700727
0.2631579 -0.03834608 0.7963455
0.4385965 -0.2373438 0.8504118
0.4912281 -0.1436139 0.6834402
0.4210526 -0.01739251 0.5592458
0.4210526 -0.1631756 0.7498424
0.2631579 -0.2129681 1.094561
0.3625731 -0.1092151 0.6658861
0.3684211 -0.3013596 0.8808036
0.2748538 -0.1275816 0.8335066
0.3157895 -0.1464602 0.366973
0.3040936 -0.1666572 0.9070058
0.2923977 -0.2395068 0.9410444
0.2690058 -0.1863428 1.025566
0.3391813 -0.2164824 0.9621697
0.4678363 0.005550719 0.4999054
0.5789474 -0.45591 1.0875
0.3099415 -0.1581524 0.8113487
0.3391813 -0.2213583 0.9951497
0.4152047 -0.347379 0.9252093
0.3625731 -0.1211304 0.6455119
0.3918129 -0.1095829 0.7403924
0.3508772 -0.3068791 1.037919
0.3216374 -0.3435168 1.117728
0.2339181 -0.3775769 1.427219
0.3099415 -0.3169885 1.038539
0.2865497 -0.3357146 1.182785
0.2280702 -0.2097516 0.7019199
0.2280702 -0.3367702 1.125751
0.1929825 0.02115913 0.7822302
0.245614 -0.3597369 1.295628
0.2807018 -0.393297 1.258583
0.251462 -0.2349559 1.165679
0.2046784 -0.3039988 1.235252
0.1754386 -0.002804698 0.5644624
0.3508772 -0.09627262 0.7694575
0.2690058 -0.2997516 1.235738
0.3976608 0.1018854 0.4204853
0.1695906 -0.398553 1.622905
0.3333333 -0.07837109 0.7386408
0.2573099 -0.1921496 0.9936504
0.3157895 -0.1764404 0.9431262
0.2690058 -0.2819891 1.192552
0.2923977 -0.121016 0.8201834
0.2163743 -0.5694655 1.564478
0.3040936 -0.1621932 0.8600649
0.2046784 -0.1551701 1.227477
0.3625731 -0.2344241 0.8992818
0.3216374 0.06646342 0.4228321
0.2982456 -0.01668006 1.367937
0.374269 -0.0919926 0.6410336
0.3450292 -0.2454496 0.9132709
0.2280702 -0.2553156 1.114954
0.2865497 -0.07860387 0.7511386
0.3684211 -0.2204619 0.8809065
0.2748538 -0.249169 1.03966
0.3216374 0.001230321 0.6930408
0.3216374 -0.2983795 1.068559
0.3859649 -0.1324871 0.738674
0.2690058 -0.5343521 1.174359
0.3391813 -0.2522471 1.010976
0.2807018 -0.3356072 1.136192
0.245614 -0.3578953 1.38458
0.1812865 -0.1230261 0.7235543
0.2923977 -0.3370609 1.175091
0.3508772 -0.1867352 0.8134883
0.3099415 -0.08338417 0.5172394
0.2573099 -0.2552342 1.137539
0.2280702 -0.1732527 0.8671913
0.3157895 -0.04427557 0.6417126
0.1754386 -0.109888 0.9180933
0.2222222 -0.2945483 1.01852
0.3099415 -0.04087339 0.4307661
0.2222222 -0.3713763 1.551066
0.2807018 -0.1086397 0.7825812
0.2748538 -0.1781319 0.8956124
0.1754386 -0.2119827 1.287382
0.251462 -0.3932642 1.355025
0.4093567 -0.2361432 0.8456789
0.3625731 -0.152143 0.8003552
0.2865497 -0.4638332 1.13905
0.2807018 -0.5388458 1.326722
0.3684211 -0.1226393 0.6687946
0.3450292 -0.3658199 1.033609
0.5087719 -0.08265141 0.5941244
0.245614 -0.02828016 0.4999309
0.2690058 -0.1324463 0.813171
0.380117 -0.2231565 0.9294638
0.2631579 -0.1542811 1.021492
0.3216374 -0.3538016 1.148622
0.3099415 -0.0483356 0.7231669
0.3508772 -0.3064389 0.8855004
0.1812865 -0.09513595 1.022184
0.2573099 -0.1845528 1.055625
0.3976608 -0.085594 0.6588374
0.3333333 -0.1276011 0.7167299
0.3099415 -0.2584189 0.9837805
0.4795322 -0.1999719 0.7547135
0.1812865 -0.253326 0.5632732
0.3157895 -0.2371062 1.007126
0.2865497 -0.03481754 0.5912091
0.2690058 -0.1472613 0.8604857
0.3391813 -0.0775489 0.6544128
0.2631579 -0.03919104 0.7703287
0.2923977 -0.2562685 1.083691
0.2105263 -0.2296998 1.2119
0.3333333 -0.2908323 1.033124
0.6023392 -0.2882304 0.7834758
0.4152047 -0.03528872 0.6014512
0.2923977 -0.2107825 0.9735956
0.5497076 -0.1249311 0.6671039
0.6666667 -0.2026357 0.6142925
0.2573099 -0.3717412 1.321816
0.2923977 -0.2424396 1.08396
0.4502924 -0.1438021 0.7193185
0.3684211 -0.1329897 0.8429723
0.497076 -0.2105693 0.7600282
0.245614 -0.5271388 0.866513
0.3450292 -0.2077952 0.877948
0.2748538 -0.1265504 0.8288117
0.2631579 -0.2595684 1.138135
0.2631579 -0.2182171 1.139059
0.2397661 -0.05558737 0.8656205
0.3216374 -0.1975521 0.936709
0.251462 -0.001754167 0.8310389
0.2631579 -0.1684745 0.9096873
0.2865497 -0.3167221 1.188735
0.3391813 -0.3622343 0.9313261
0.3216374 -0.1296653 0.8798122
0.6491228 -0.06724221 0.5262948
0.5321637 -0.2826572 0.7894081
0.2865497 -0.1728809 0.9101142
0.7368421 -0.1789813 0.6074548
0.3918129 -0.2279996 0.7619793
0.5730994 -0.005934801 0.4152831
0.4619883 -0.07011956 0.4235434
0.3391813 -0.20642 0.9422315
0.4736842 -0.01901231 0.5253031
0.3450292 -0.09681065 0.7434997
0.2690058 -0.1682022 0.9576046
0.2807018 0.005505258 0.4889912
0.3625731 -0.1912413 0.7266003
0.251462 -0.1684236 1.026354
0.3274854 -0.282624 1.029116
0.3157895 -0.1818912 0.918272
0.4152047 -0.223633 0.811983
0.2573099 -0.2642079 0.8966596
0.251462 0.04742483 0.3467375
0.1988304 0.04243382 0.8910945
0.3157895 -0.2770207 1.043875
0.2982456 -0.1861308 0.8714751
0.245614 -0.3475341 1.28126
0.3567251 -0.3256691 1.002661
0.3216374 -0.02686386 0.7146843
0.5672515 -0.2743189 0.7470444
0.3976608 -0.1395056 0.7891264
0.3099415 -0.243321 0.9456142
0.4269006 -0.1843515 0.7969335
0.3684211 -0.1485616 0.8311865
0.245614 -0.2741179 1.265356
0.3333333 -0.3336239 1.027485
0.3157895 -0.1985136 0.9649242
0.3040936 -0.1590794 0.9117504
0.3508772 -0.04813293 0.6786205
0.4385965 -0.2289669 0.7946117
0.4035088 -0.1468391 0.7476437
0.2865497 -0.09440521 0.828819
0.2807018 -0.5601988 1.441955
0.2748538 -0.2450898 1.103274
0.3099415 -0.1573994 0.8942083
0.3450292 -0.2974769 1.018885
0.4444444 -0.1568071 0.6982666
0.2923977 -0.3056841 1.091323
0.5087719 -0.3244609 0.8154516
0.5964912 -0.1712196 0.6036583
0.3976608 -0.2961849 0.8821583
0.3333333 -0.249755 0.9417695
0.3099415 -0.2901335 1.092741
0.2865497 -0.1690031 0.8439542
0.3274854 -0.1662592 0.6536529
0.2923977 -0.1582523 0.8665912
0.1695906 -0.08662691 1.092738
0.245614 -0.1936415 0.9913185
0.2865497 -0.129306 0.7864008
0.2573099 -0.1930303 0.9607611
0.3625731 -0.2894459 0.9340495
0.3391813 -0.284946 0.9839381
0.4269006 -0.1657867 0.7277722
0.3333333 0.01234154 0.578821
0.2807018 -0.4689521 1.317657
0.2865497 -0.2445579 1.010517
0.1929825 -0.339169 1.314887
0.3274854 -0.009813464 0.5611234
0.2865497 -0.2033989 0.8098927
