0.3567251 -0.2434149 0.934652
0.3508772 -0.1954583 0.8781477
0.1929825 -0.02798187 0.549326
0.2339181 -0.2844322 1.134518
0.3216374 -0.06205667 0.730923
0.3157895 -0.2207041 0.8154644
0.1754386 -0.2917084 1.364176
0.2105263 -0.1162963 1.052461
0.1812865 -0.2497995 1.282966
0.2163743 -0.137144 1.05057
0.2222222 -0.2513687 1.227852
0.3508772 -0.1167072 0.7117186
0.2631579 -0.04711756 0.5466583
0.2163743 -0.09438916 0.7963671
0.1637427 -0.09800033 0.6983788
0.2923977 -0.132309 0.8413021
0.251462 -0.1998197 1.040085
0.2748538 -0.05275267 0.5682076
0.2222222 -0.2482322 0.76318
0.3040936 -0.05791707 0.5979468
0.4210526 -0.2367863 0.8396065
0.2631579 -0.03477381 0.5542475
0.1637427 -0.4719992 1.260282
0.3684211 -0.153711 0.7873511
0.2046784 -0.07525602 0.7947864
0.2163743 -0.275659 1.292117
0.2748538 0.09365619 0.5509104
0.2339181 -0.08305116 0.9346623
0.2923977 -0.1451414 0.8661965
0.2339181 -0.3310378 1.152979
0.251462 -0.4042607 1.269488
0.2748538 -0.1529955 0.8448968
0.2222222 -0.4789198 1.114681
0.2923977 -0.1721334 0.8723671
0.245614 -0.2026943 1.115787
0.2222222 -0.03355616 0.8609834
0.3508772 -0.1935104 0.854764
0.1812865 0.01812786 0.6926284
0.1929825 -0.146165 0.9000048
0.2690058 -0.454486 1.134356
0.2222222 -0.2713998 1.231855
0.1988304 -0.2070248 1.220221
0.1812865 0.1571731 0.5377941
0.2397661 -0.07051507 0.7325198
0.2807018 -0.1948047 0.9335015
0.374269 -0.1959626 0.8599991
0.2163743 -0.2062493 1.027845
0.2280702 -0.1442629 1.09152
0.2748538 -0.1604518 0.9601232
0.2397661 -0.1902753 1.157142
0.2923977 -0.1729686 0.8853135
0.2865497 -0.2439229 1.053636
0.3216374 -0.2070971 0.9440988
0.2046784 0.06477566 0.244105
0.245614 -0.3003693 1.192602
0.1988304 -0.4071164 1.548914
0.2163743 -0.1983196 1.171021
0.380117 -0.1324917 0.7441033
0.2397661 -0.2277502 1.140452
0.3040936 -0.1267498 0.8761808
0.2105263 -0.2261885 1.23066
0.3859649 -0.07208157 0.6315737
0.3333333 -0.2290787 0.9985504
0.245614 -0.1209338 0.8927162
0.3216374 -0.1165079 0.8524688
0.2573099 -0.4634887 1.280874
0.2222222 -0.08838976 1.004059
0.5263158 -0.03888405 0.5302809
0.2339181 -0.2513303 1.24399
0.3040936 -0.1259479 0.887149
0.2397661 -0.3679164 1.33682
0.4502924 -0.2500157 0.8266429
0.2397661 -0.0006196358 0.631877
0.251462 -0.4769418 1.076853
0.2163743 -0.08718357 0.5828037
0.251462 -0.2691889 1.139026
0.2748538 -0.2958056 1.194354
0.1929825 -0.2657218 1.355961
0.3976608 -0.1318454 0.7442877
0.3157895 -0.08557055 0.6025856
0.3274854 -0.2909599 0.9367218
0.2046784 -0.2027867 0.9079146
0.2339181 -0.1315489 0.705161
0.2163743 -0.09596026 0.8041367
0.245614 -0.2069702 1.012416
0.2631579 -0.175066 0.9827087
0.2982456 -0.04117818 0.534526
0.2222222 -0.127717 0.89339
0.2163743 -0.2325491 1.256679
0.1929825 -0.1327265 1.062633
0.2222222 -0.2856403 1.192942
0.1988304 -0.06568548 0.9243284
0.1988304 -0.5259253 1.412107
0.2573099 -0.1537099 0.8854967
0.245614 -0.3676 1.37011
0.3157895 -0.2402995 1.030935
0.2339181 -0.2363864 1.139776
0.2222222 -0.3363237 1.33122
0.1929825 -0.2269118 0.9485683
0.2573099 -0.1635044 0.9446801
0.2046784 -0.3211138 0.836791
0.3625731 -0.2444443 0.8112259
0.245614 -0.09726941 0.8936683
0.2923977 -0.1956046 0.9865672
0.3567251 -0.08146488 0.54046
0.1871345 -0.3032051 1.409623
0.251462 -0.3336614 0.7928693
0.2222222 -0.4304543 1.251165
0.3099415 -0.2641347 0.9119331
0.2105263 -0.1774394 1.17226
0.1695906 -0.1581197 0.4577562
0.2339181 -0.1228238 0.9634235
0.1520468 -0.4926917 1.759352
0.2865497 -0.2838602 1.094095
0.245614 -0.1510116 0.7019755
0.2046784 -0.3615015 1.02
0.3040936 0.09230803 0.2581189
0.3216374 -0.1602849 0.8884284
0.2690058 -0.08774429 0.6400797
0.2163743 -0.3967075 0.9393791
0.1695906 -0.03812881 0.7478301
0.2573099 -0.2737957 0.9579013
0.1988304 -0.3199465 1.191751
0.3274854 -0.2076674 0.9022078
0.1988304 -0.3174872 1.575842
0.2690058 -0.3114388 0.513972
0.3450292 -0.1547712 0.8141875
0.2163743 -0.1026234 0.9310341
0.251462 -0.3273689 1.207969
0.1929825 -0.02262642 0.6989412
0.1754386 -0.2769588 0.1781618
0.3040936 -0.2917763 1.053716
0.2690058 -0.14839 0.8196596
0.2163743 -0.07677732 0.9252059
0.2690058 -0.2107922 1.073306
0.251462 -0.1485972 0.9566709
0.380117 -0.2817032 0.8903888
0.2163743 -0.1370502 0.9741239
0.2105263 -0.1746512 1.166651
0.3157895 -0.1242786 0.7113156
0.245614 -0.3309239 0.4935048
0.2280702 -0.3521515 0.9822541
0.2046784 -0.2242214 1.253805
0.245614 -0.1511923 0.6978103
0.1871345 -0.6211922 1.349736
0.2982456 -0.1616975 0.9274653
0.2280702 -0.1592427 1.120624
0.2690058 -0.1959282 0.9537923
0.3859649 -0.1207444 0.7382497
0.3216374 0.002913469 0.5190537
0.2222222 -0.4079818 0.9471721
0.2631579 -0.2014968 1.017523
0.3391813 -0.2415574 0.853976
0.2865497 -0.2752355 1.05714
0.3976608 -0.1415806 0.6589641
0.374269 -0.1192498 0.7304832
0.2690058 -0.3058377 1.132515
0.2280702 -0.1543227 1.052191
0.3274854 0.07973778 0.3169771
0.2105263 -0.2698235 1.087313
0.2807018 -0.2375041 1.020908
0.1812865 -0.1799431 1.204745
0.3099415 -0.04323187 0.5403223
0.1520468 -0.1436377 1.035919
0.2397661 -0.3393389 1.010044
0.2046784 -0.06006462 0.9188425
0.2280702 -0.3855047 1.105751
0.2397661 -0.1739513 1.05576
0.1812865 -0.2761115 1.323451
0.2865497 -0.08751615 0.4830077
0.2397661 -0.03971556 0.7810318
0.1637427 -0.5275371 1.518048
0.1871345 -0.5829073 1.58379
0.1871345 -0.08168555 0.8498397
0.2397661 -0.1641567 0.9317085
