0.4912281 -0.04230096 0.4894401
0.4035088 -0.1454542 0.742453
0.3450292 -0.1082478 0.7605721
0.4093567 -0.1239093 0.7364904
0.497076 -0.1680533 0.6533058
0.2982456 -0.2496681 0.9831788
0.3157895 -0.1565372 0.8900241
0.3625731 -0.2097877 0.8513867
0.3684211 -0.0002903714 0.4758906
0.4269006 -0.1893656 0.7842111
0.3625731 -0.1289686 0.7438903
0.4385965 -0.1896164 0.786164
0.5380117 -0.1295488 0.6490265
0.502924 -0.2085569 0.7616446
0.3976608 -0.1471459 0.7584696
0.5263158 -0.2014535 0.7039024
0.619883 -0.1693728 0.6151293
0.5847953 -0.2687529 0.7506449
0.3274854 -0.2379009 1.019061
0.374269 -0.03858544 0.6644612
0.3625731 -0.3002259 1.020435
0.5672515 -0.2869373 0.7928795
0.3216374 -0.212176 0.9699165
0.3625731 -0.0745991 0.7023562
0.4678363 -0.2056264 0.7676594
0.5497076 -0.2022783 0.7354523
0.2631579 -0.302176 1.013001
0.3391813 -0.2257835 0.961602
0.5730994 -0.1681973 0.6156386
0.5438596 -0.1766616 0.653471
0.6608187 -0.1891751 0.6168383
0.502924 -0.1930686 0.7284842
0.5087719 -0.004364894 0.4833519
0.3625731 0.007954187 0.5926819
0.3684211 -0.0657572 0.6971263
0.4035088 -0.1156708 0.7195122
0.4678363 -0.1354525 0.7001353
0.6549708 0.1311311 0.2918042
0.6666667 -0.2556603 0.7409576
0.4327485 -0.2021547 0.8050578
0.2690058 -0.1972914 1.057943
0.4678363 -0.1024439 0.6629412
0.4444444 0.03252467 0.556
0.4152047 -0.2572715 0.8886542
0.3508772 -0.184091 0.9286322
0.3567251 -0.09385312 0.7815327
0.4093567 -0.1271841 0.7268495
0.497076 -0.1676009 0.7215941
0.3450292 -0.1793472 0.8634377
0.2397661 -0.2834035 1.217498
0.4912281 -0.1959437 0.706788
0.3216374 0.1561215 0.5046262
0.4327485 -0.02604328 0.5263167
0.374269 -0.08445446 0.721385
0.5497076 0.1269783 0.345598
0.625731 -0.03900361 0.5031556
0.4912281 -0.08602624 0.619329
0.6081871 -0.1210456 0.6243115
0.4736842 -0.1390532 0.6335905
0.5906433 -0.05517165 0.5252948
0.3567251 -0.1304091 0.7677832
0.5263158 -0.253135 0.7580531
0.5263158 -0.1817368 0.7336127
0.6900585 0.5647653 -0.1002662
0.5263158 -0.1836854 0.7199932
0.374269 -0.1133739 0.7446657
0.4502924 -0.2745816 0.870488
0.619883 -0.007188017 0.4332072
0.2631579 -0.2598206 1.162848
0.4385965 -0.1513255 0.7711298
0.4385965 -0.269334 0.8947777
0.5847953 0.01897154 0.4245467
0.4035088 -0.2312344 0.8256887
0.1812865 -0.1790443 1.316892
0.3391813 -0.1117034 0.7464883
0.2865497 -0.317234 1.185316
0.3567251 0.02924683 0.5285116
0.4678363 -0.1998475 0.8317762
0.3976608 -0.2241727 0.8860543
0.5087719 -0.005166388 0.4844298
0.2280702 -0.2344854 1.11416
0.2923977 -0.1681956 0.943325
0.6842105 -0.04419898 0.5004118
0.4210526 -0.2560754 0.829765
0.5847953 -0.1371429 0.627928
0.251462 -0.4203607 1.550911
0.5730994 -0.1458051 0.6547149
0.4795322 -0.008383939 0.5490745
0.374269 0.06181874 0.4869944
0.6023392 0.003590852 0.4291477
0.625731 0.03988368 0.3714855
0.4269006 -0.05165804 0.6016491
0.3859649 -0.09903886 0.6785212
0.4736842 0.00103513 0.4373518
0.5555556 -0.2565891 0.759268
0.3216374 0.08281026 0.4756174
0.4327485 -0.08699905 0.6462806
0.3976608 -0.01522794 0.568942
0.6432749 -0.3591053 0.7991704
0.4385965 -0.1026976 0.7166594
0.7368421 -0.06196006 0.4637917
0.3976608 -0.08950548 0.6796098
0.374269 -0.09241069 0.7210625
0.4093567 -0.1263203 0.6752233
0.3333333 -0.2716837 0.9859573
0.3859649 -0.2125353 0.8738428
0.3157895 -0.1913733 0.9341453
0.2865497 -0.2698539 0.9499121
0.2748538 -0.06815165 0.8591883
0.2631579 -0.1559298 0.9839372
0.4678363 -0.1461311 0.741926
0.5906433 -0.2362608 0.686937
0.4269006 -0.2358006 0.8468458
0.4035088 -0.1562173 0.7293602
0.2748538 -0.303866 1.189966
0.3040936 -0.1097204 0.8864167
0.3333333 -0.1750566 0.8612234
0.2865497 -0.2164981 1.069118
0.5438596 0.2297069 0.2893138
0.4152047 -0.1682859 0.7889865
0.619883 0.03134536 0.4466876
0.3625731 -0.2205253 0.930849
0.5321637 -0.2314858 0.7507167
0.502924 -0.1668088 0.6778481
0.5789474 -0.2491985 0.7217657
0.2690058 -0.2754781 1.185305
0.3684211 -0.2154912 0.9141538
0.6549708 -0.1890885 0.6337533
0.3976608 0.02081844 0.6085854
0.5204678 -0.1059726 0.6327443
0.4444444 -0.2235278 0.7905336
0.6081871 -0.2622794 0.7147291
0.3625731 -0.1281416 0.7821547
0.3625731 -0.07051613 0.7269862
0.5263158 -0.2382607 0.7712098
0.3099415 -0.2501254 0.9690137
0.3450292 -0.1162284 0.8223342
0.497076 -0.1520439 0.6651884
0.3450292 -0.2466922 0.9987656
0.6549708 0.03272483 0.3520032
0.3099415 -0.1057308 0.8260952
0.2923977 0.009267657 0.7692298
0.5964912 -0.2788745 0.7449677
0.6374269 -0.1397018 0.5674086
0.625731 -0.1376725 0.5994984
0.3567251 -0.2100062 0.8718832
0.5555556 -0.05414583 0.5323737
0.4385965 -0.1153229 0.6247576
0.3508772 -0.1147844 0.7666221
0.3450292 -0.177057 0.8770022
0.5380117 -0.2820509 0.7879744
0.497076 -0.1055878 0.6007757
0.5263158 -0.1631552 0.6762348
0.3508772 -0.1021278 0.780902
0.5614035 0.00313655 0.4849951
0.3157895 -0.1525476 0.963265
0.4502924 -0.1582023 0.7200087
0.4795322 -0.07162347 0.5487106
0.3274854 -0.21943 0.979161
0.380117 -0.1207361 0.7467902
0.4385965 -0.2084281 0.7943332
0.619883 -0.2273177 0.6664768
0.6140351 -0.002201836 0.4976517
0.3157895 -0.2210832 1.063959
0.5614035 -0.03957952 0.5364725
0.3508772 -0.2047163 0.8771929
0.502924 -0.1207615 0.6153688
0.4736842 -0.1092746 0.6371986
0.4385965 -0.1662523 0.7077559
0.502924 -0.1819954 0.7119569
0.2982456 -0.2308786 1.041301
0.4561404 -0.227235 0.7972093
0.2339181 -0.3096451 1.299282
0.251462 -0.132366 1.032913
0.3333333 -0.2982404 1.022066
0.3040936 -0.01266905 0.4471321
0.2865497 -0.1976157 1.066551
0.5847953 0.00140569 0.4738119
0.4327485 -0.16946 0.7728975
0.4912281 -0.1935077 0.7258248
0.3157895 -0.2963809 1.07583
