0.5263158 -0.3952489 1.178642
0.5087719 -0.3034401 0.8430933
0.5906433 -1.703526 11.53247
0.619883 -0.2776373 0.781063
0.4035088 -0.3404689 1.034678
0.9532164 -3.406193 5.442485
0.5614035 -0.7993303 1.452241
0.5146199 -6.142632 20.78556
0.6374269 -0.9005834 1.272036
0.5497076 -0.9478307 1.833732
0.7251462 -0.5748795 0.9753356
0.7836257 -0.5281277 0.9263404
0.7953216 -8.34886 25.02639
0.5906433 -1.703526 11.53247
0.3859649 -0.3639877 1.095761
0.5964912 -0.3635405 0.8253737
0.4444444 -0.3400454 1.000873
0.4269006 -0.3461453 0.9890944
0.3450292 -3.194034 6.905589
0.4561404 -0.3482758 1.053007
0.5847953 -0.3591045 0.8313564
0.251462 -0.5456129 1.699434
0.3391813 -0.4159757 1.268728
0.8070175 -30.1035 75.98871
0.4327485 -0.3775001 1.092024
0.3567251 -0.3273964 1.098479
0.7953216 -0.3589702 0.7842698
0.5964912 -0.4233314 0.8701448
0.5906433 -0.3909785 1.263255
0.5438596 -4.51498 28.64581
0.5906433 -2.565309 1.999348
0.871345 -3.587925 4.015795
0.7602339 -0.4630651 0.8809456
0.5263158 -0.3484694 0.9258643
0.3567251 -0.5180406 1.513567
0.6608187 -0.175004 0.5886716
0.5380117 -0.3476975 0.8757161
0.7251462 -0.9108503 1.29229
0.5614035 -0.6181665 1.462582
0.7309942 -1.159994 1.973973
0.502924 0.5066052 3.629566
0.7894737 -1.017604 1.41536
0.9356725 -2.540906 3.475841
0.9356725 2.30869 -1.583074
0.5146199 -6.142632 20.78556
0.5497076 -0.2305032 1.566813
0.5847953 -1.446995 2.254217
0.7836257 -0.6816887 1.082855
0.9415205 -31.09201 31.70741
0.7076023 -5.353422 21.80368
0.5730994 -0.3512154 0.840978
0.4385965 -0.2682944 0.6774362
0.4561404 -0.33434 0.9928088
0.3918129 -0.3504117 1.077341
0.5555556 -0.362265 0.8693864
0.4678363 -0.337825 0.9510057
0.5614035 -2.27589 4.756222
0.625731 -0.534797 0.9673037
0.5847953 -1.083475 1.752003
0.9356725 -2.411941 3.787889
0.3684211 -0.3519551 1.108021
0.6900585 -0.2103276 0.6480497
0.4035088 -0.3437694 1.013257
0.5263158 -0.4740046 1.210274
0.5087719 -0.08311343 0.2687788
0.619883 -0.6916821 1.060045
0.5614035 -0.5195571 1.452454
0.4385965 -0.3489623 0.9881478
0.4619883 -0.3343182 0.9284581
0.7953216 -0.1188271 0.5591293
0.5672515 -40.50679 50.11366
0.3918129 -0.3630601 1.116987
0.4385965 -0.3440274 0.9890591
0.9473684 -6.760902 7.540673
0.9122807 -32.40745 80.32951
0.5789474 -9.646437 19.35309
0.3976608 -0.394406 1.081228
0.5906433 -0.4335583 0.9450278
0.5789474 -0.4027437 0.8793715
0.7777778 0.7818899 -0.4030379
0.6608187 -8.012674 30.86195
0.5204678 -0.3573031 0.9134643
0.5730994 -8.592206 17.92748
0.6783626 -4.38054 20.77881
0.5380117 -0.2811225 0.5156337
0.497076 -0.1892201 2.802757
0.8304094 -0.1567643 0.5592884
0.374269 -0.3507381 1.094683
0.4853801 -0.3620428 0.9104625
0.5497076 -0.3591138 0.9369156
0.4619883 -0.4167508 1.30392
0.5321637 0.5063745 -0.08242509
0.6374269 -0.5816031 0.9935408
0.619883 -0.3734125 0.8250858
0.4502924 -0.9063329 0.763629
0.5555556 -0.3554167 0.8450668
0.497076 -0.3130053 0.8718196
0.9122807 -9.342402 9.838573
0.4385965 -0.348446 0.9820343
0.497076 -0.3657668 0.902694
0.8654971 -4.171222 7.836955
0.8947368 -29.42629 77.07828
0.6023392 -4.652001 21.05128
0.3333333 -0.3887814 1.222164
0.4853801 -0.08256804 0.9850393
0.4619883 -0.2158972 0.5489906
0.4152047 -0.3477623 1.053812
0.4678363 1.063251 2.626861
0.4210526 -0.3732707 0.9913013
0.5789474 -0.4391967 0.8860219
0.4502924 -0.2954718 0.897786
0.5789474 -0.5014754 0.9530296
0.5380117 -0.2919201 0.8311912
0.5789474 -7.547892 14.91434
0.5847953 -0.739544 1.142656
0.5847953 -1.094313 1.731718
0.3274854 -0.4188676 1.245141
0.7602339 -0.4401201 0.5582883
0.5555556 -0.440184 1.065052
0.5730994 -0.1749221 0.3997318
0.5087719 -1.170972 2.979579
0.5847953 -0.3862126 0.8683127
0.5847953 -0.4268982 0.8978533
0.497076 -0.2497961 0.8058669
