0.6725146 -0.362077 0.798568
0.5847953 -0.2735441 0.7358413
0.6725146 -0.2787057 0.7257734
0.4678363 -0.3551567 0.885409
0.8830409 -6.727052 17.37259
0.497076 -0.5065921 1.165253
0.4093567 -0.3458805 0.9444766
0.4853801 -0.1328963 0.6348085
0.3684211 -0.3091116 1.004161
0.5321637 -0.2371401 0.748839
0.6549708 -0.1129096 0.5873023
0.8362573 -0.01908921 0.3986192
0.7426901 -0.5351722 0.9487456
0.6783626 -0.22124 0.9081006
0.7134503 -0.3883778 0.7991102
0.497076 -0.334532 0.8521066
0.4210526 -0.2998871 0.9194205
0.5789474 -0.3132644 0.7771283
0.502924 -0.1897769 0.7548142
0.754386 -0.1915386 0.6008847
0.6315789 -0.1504348 0.6481479
0.7426901 -0.2819095 0.7686432
0.4853801 -0.2398025 0.7833717
0.9707602 -8.600824 12.91633
0.6725146 -0.4193445 0.8511777
0.8947368 0.5373977 -0.1020612
0.7836257 -0.7951336 1.196876
0.4444444 -0.3568098 0.9875863
0.5263158 -0.3731852 0.8589388
0.497076 -0.2257354 0.7622434
0.6023392 -0.009249656 0.4418469
0.7076023 -0.4598475 1.05761
0.5730994 -0.2790054 0.7543053
0.4502924 -0.2466556 0.8312938
0.8947368 -0.01269748 0.3981379
0.8362573 0.5768401 -0.1673344
0.5438596 -0.1876635 0.7031489
0.6081871 -0.174611 0.6309186
0.8011696 -0.2889554 0.7195868
0.5555556 -0.2765665 0.7920642
0.748538 -0.2141508 0.6779133
0.625731 0.2630237 1.532873
0.877193 -1.42858 3.574351
0.754386 -0.4403207 0.8456968
0.6666667 -0.534964 0.9359558
0.7602339 -0.2369659 0.6451376
0.3216374 -0.2492214 1.035827
0.5614035 -0.2983314 0.790335
0.5614035 -0.3493541 0.827318
0.6140351 -0.6384226 1.255399
0.6725146 -0.4790613 0.8858
0.3567251 -0.1559667 0.8523046
0.7251462 -0.1091239 0.495765
0.619883 -0.1505518 0.6187973
0.7134503 -0.1728281 0.6070188
0.2690058 -0.4673698 1.403961
0.8128655 -0.106367 0.572163
0.5146199 -0.2861039 0.7603419
0.5847953 -0.2234371 0.6748378
0.7134503 -0.02426278 0.1257172
0.8830409 1.196402 -0.7329399
0.8830409 1.258232 -0.7367768
0.7894737 -0.1632736 0.5552693
0.9590643 2.298304 -1.349934
0.5497076 -0.2931792 0.8107747
0.8187135 -0.1154134 0.5516497
0.6315789 -0.2720882 0.725976
0.748538 -0.2190033 0.6605545
0.6140351 -0.06195728 0.4257706
0.8245614 0.7146214 -0.2053045
0.502924 -0.2263356 1.169235
0.3567251 -0.4181738 1.213272
0.871345 -2.257428 2.51399
0.4561404 -0.2764116 1.158864
0.5497076 -0.134626 0.6374639
0.3099415 -0.3268334 1.057166
0.4795322 -0.3189819 0.8775987
0.3625731 -0.3261613 1.060061
0.619883 -0.120836 0.5695239
0.5964912 -0.2709281 0.7426026
0.4385965 -0.3047886 0.9197521
0.3274854 -0.3577562 1.168414
0.5555556 -0.2992398 0.7969028
0.8070175 -0.6916571 1.102054
0.8888889 0.8125593 -0.3740085
0.2280702 -0.3632521 1.365252
0.6491228 -0.3181738 0.714841
0.2807018 -0.2727866 1.121638
0.4210526 -0.2964263 0.8466452
0.5380117 -0.3095197 0.8190939
0.8830409 0.827886 -0.3968716
0.3450292 -0.3210957 1.061155
0.4912281 -0.3272743 0.9007253
0.8070175 0.0186035 0.4147024
0.7017544 -0.1000998 0.5439482
0.7134503 -0.123503 0.5673385
0.9064327 1.404926 -0.8549273
0.8362573 -0.2001888 0.8466801
0.7719298 -0.3182442 0.7292821
0.9532164 -8.161863 8.861294
0.5380117 -0.2108037 0.7471698
0.6315789 -0.4118723 0.8530552
0.5614035 -0.08129156 0.5387046
0.7309942 -0.4969714 0.9227476
0.5380117 -0.1479696 0.1459426
0.497076 -0.2223212 0.73121
0.4502924 -0.2237931 0.8176326
0.5438596 -0.2087288 0.7390461
0.9064327 1.410521 -0.8624315
0.5789474 -0.3302014 0.7845038
0.5497076 -0.4013975 1.286002
0.497076 -0.2248332 0.7674142
0.3684211 -0.2536748 0.9878427
0.4093567 -0.4005747 0.9775782
0.4269006 -0.2817218 0.8696205
0.5789474 -0.1653114 0.5948571
0.497076 -0.2847589 0.842803
0.7660819 -0.1590925 0.5722218
0.4210526 -0.1883811 0.7916026
0.5555556 -0.2907595 0.7911284
0.4561404 -0.2804116 0.8583583
0.8011696 -0.1236016 0.5622655
0.5906433 -0.2262783 0.7168765
0.8596491 1.156927 -0.6421001
0.497076 -0.2079768 0.7138107
0.8187135 -0.06959862 0.4935308
0.5964912 -0.3981045 0.8528845
0.4853801 -0.3203564 0.8551203
0.4444444 -0.2832845 0.9074527
0.5614035 -0.3140584 0.7940527
0.3099415 -0.2287416 1.012851
0.6725146 -0.1331194 0.6147651
0.5263158 -0.3094701 0.8210598
0.4912281 -0.2346455 0.7684759
0.4502924 -0.2722684 0.8668394
0.7894737 -0.2556327 0.6683645
0.4853801 -0.3174458 0.8612246
0.7602339 -0.4448397 0.8466313
0.5906433 -0.1809818 0.6581796
0.4678363 -0.3478076 0.8942812
0.6725146 -0.8371315 1.210106
0.8070175 -0.4357323 0.8452585
0.6315789 -0.3672793 0.7793001
0.4035088 -0.3625798 0.9657587
0.4619883 -0.3057508 0.8655806
0.6140351 -0.3168717 0.7860737
0.5321637 -0.08501125 0.6807591
0.3918129 -0.3386266 1.018421
0.4269006 -0.3168526 0.9756208
0.5146199 -0.3163643 0.8291461
0.6725146 -0.1665727 0.6144155
0.4269006 -0.3334626 0.9419444
0.8011696 -0.08464496 0.5523197
0.3976608 -0.3205869 0.9737528
0.5730994 -0.4095174 0.8551597
0.9356725 -3.130155 4.679396
0.4619883 -0.3383479 0.8555197
0.5321637 -0.1163682 0.5896885
0.7602339 -0.1232715 1.487901
0.6491228 -0.3321641 0.7672678
0.7602339 -0.04938768 0.4690826
0.9532164 -7.44756 8.207348
0.5614035 -0.3523086 0.8103615
0.5730994 -0.2404628 0.7140949
0.5555556 -0.2749539 0.7963556
0.5321637 -0.2543706 0.7644349
0.7894737 0.003652911 0.3955303
0.6081871 -0.3235912 0.7517488
0.8362573 -8.92064 9.155295
0.6374269 -0.3984483 0.8226283
0.6081871 -0.3173243 0.7364807
0.6140351 -0.4567581 1.480329
0.4678363 -0.3461706 0.9659735
0.380117 -0.3959339 1.077012
0.6491228 -0.2197588 0.6881092
0.619883 -0.3302806 0.7763559
0.5321637 -0.3173533 0.8011192
0.8304094 -0.752437 2.518237
0.8362573 -0.1187322 0.8641021
0.6842105 -0.2644349 0.7019402
0.5263158 -0.3500035 0.8375223
0.7660819 -0.1704525 0.5861932
0.6900585 -0.405174 0.8303839
0.9649123 -6.311646 9.665375
0.5204678 -0.265453 0.7707723
0.3625731 -0.3298163 1.069888
0.2865497 -0.4754935 1.369571
0.6900585 -0.3129987 0.7483289
0.7602339 -0.197773 0.5893643
0.8947368 -1.509011 4.751274
0.3099415 -0.3647426 1.219404
0.7660819 -0.2381493 0.6713924
0.4736842 -0.3345294 0.9320049
0.8187135 -0.1172527 0.5978138
0.9356725 1.065985 -0.4198952
0.7836257 -0.2789281 0.6820342
0.7602339 -0.3278766 0.7322906
0.4385965 -0.2692957 0.8872145
0.4444444 -0.2344946 0.8129169
0.6081871 -0.1903021 0.6268743
0.9532164 -7.422633 8.093833
0.5497076 -0.5189705 1.306739
0.8128655 -0.6523969 1.067757
0.8596491 -0.9898987 1.959236
0.8596491 -1.485852 1.92325
0.5730994 -0.1867233 0.4207543
0.748538 -0.6871643 1.094489
0.502924 -0.2683716 0.8279129
0.5146199 -0.3514506 0.8480056
0.3567251 -0.3488873 1.109135
0.5146199 -0.3098581 0.9406003
0.871345 -6.042472 11.22458
0.4912281 -0.03518303 0.4370804
0.5438596 -0.2596198 0.7654296
0.6725146 -0.4566518 0.8970521
0.4035088 -0.339535 0.9753201
0.8421053 -0.2735206 1.000989
0.5964912 -0.2623975 0.7804073
0.9473684 1.378671 -0.6629912
0.5847953 -0.2293035 0.700933
0.9239766 0.160577 1.082611
0.9649123 -5.789844 6.77028
0.5263158 -0.2410761 0.7783752
0.6374269 -0.5754074 1.424809
0.5906433 -0.3499035 0.8309113
0.5614035 -0.4437576 1.094696
0.6959064 -0.06009129 0.5300678
0.5204678 -0.2623045 0.7866979
0.4444444 -0.1798579 0.7658845
0.8596491 0.6985939 -0.3154658
0.5204678 -0.449789 1.235788
0.8187135 0.08797576 0.4050507
0.4561404 -0.38904 1.202314
0.5672515 -0.09556712 0.3602373
0.7192982 -0.3949259 0.8134293
0.3918129 -0.3004151 0.9564312
0.374269 -0.2745424 1.002769
0.502924 -0.2378455 0.760432
0.5847953 -0.2587937 0.7473522
0.3859649 -0.3874588 1.097907
0.5146199 -0.4089251 0.8943107
0.3684211 -0.3818088 1.143052
0.4093567 -0.4355467 1.32904
0.2573099 -0.446438 1.465514
0.5438596 -0.2648805 0.773588
0.380117 -0.312672 0.9753699
0.4385965 -0.3011185 0.8898043
0.6023392 -0.4327793 1.013115
0.6491228 -0.2319678 0.6920564
0.8830409 -6.525647 6.946189
0.5555556 -0.05907819 0.1624413
0.6549708 -0.3052717 0.7542819
0.4035088 -0.2108732 0.8149598
0.502924 -0.3592757 0.8865023
0.5789474 -0.3658109 0.8293066
0.3099415 -0.3679305 1.201376
0.3391813 -0.2016067 0.9076617
0.7426901 -0.2759281 0.6942267
0.7076023 -0.4759534 0.8747578
0.8011696 -0.09193504 0.5087878
0.8304094 -1.012302 1.415462
0.4678363 -0.2795459 0.8715263
0.4327485 -0.2519835 0.8817198
0.7660819 -0.4854552 0.9030852
0.502924 -0.3327757 0.8634481
0.6666667 -0.3269398 0.7827855
0.4444444 -0.2902751 0.9606424
0.8304094 -0.5982493 1.000273
0.6491228 -0.3237574 0.7735835
0.7309942 -0.2168836 0.6459306
0.6374269 -0.1541362 0.6101864
0.4853801 -0.2724148 0.829185
0.3333333 -0.3831036 1.168676
0.4035088 -0.3354395 1.04845
0.5146199 -0.2171256 0.7177045
0.4269006 -0.1330378 0.7436216
0.5847953 -0.3461216 0.8127034
0.5438596 -0.2567284 0.77943
0.4619883 -0.2305803 0.8250865
0.4035088 -0.3111962 0.9595928
0.4035088 -0.3929926 0.9774234
0.8245614 -0.2051693 0.5961444
0.4152047 -0.3069274 0.9122323
0.7602339 -1.086976 1.476013
0.4035088 -0.3552555 0.9727969
0.6608187 -0.5799478 0.968223
0.3859649 -0.2764891 0.9659366
