0.2807018 -0.2671748 1.043172
0.2046784 -0.2453641 1.378255
0.245614 0.04879964 0.4686081
0.1929825 0.00981372 0.7743183
0.4093567 -0.222228 0.7608469
0.2163743 -0.2781895 1.197332
0.2046784 -0.2382976 1.30097
0.3450292 -0.1792848 0.7501568
0.2573099 -0.09788662 0.7944671
0.2923977 -0.383096 1.239917
0.3333333 -0.3069098 1.0141
0.251462 -0.3491347 1.173532
0.1929825 -0.1401559 1.184012
0.3099415 -0.176712 0.9370026
0.251462 -0.3531229 1.326615
0.3157895 -0.03298299 0.689159
0.3099415 -0.3309686 1.099798
0.2982456 -0.2609834 1.067458
0.3918129 -0.00169749 0.4602634
0.2690058 -0.2555107 1.016601
0.4269006 -0.157993 0.7758642
0.1929825 -0.5289147 1.151886
0.1929825 -0.1901639 1.240292
0.3274854 -0.1089417 0.7212301
0.1929825 -0.2719627 1.127458
0.4444444 -0.2605777 0.8385092
0.2280702 -0.1708039 0.9550132
0.3216374 -0.15795 0.8663636
0.2163743 -0.1339704 0.9665627
0.3274854 -0.1419899 0.8421687
0.2046784 -0.1087497 0.6289519
0.3274854 -0.2453478 0.9876416
0.2923977 -0.1169351 0.865334
0.2807018 0.01374135 0.1248084
0.2280702 0.1242911 0.1945315
0.1812865 -0.2247973 1.236225
0.2573099 -0.213334 0.9401056
0.251462 -0.2381442 1.106277
0.251462 -0.1623636 0.9640958
0.2748538 -0.2986203 1.021333
0.2339181 -0.2854648 1.036488
0.2865497 -0.1823593 0.9455494
0.3684211 -0.2521591 0.9451456
0.3508772 0.01884123 0.5187474
0.1754386 -0.2188973 1.016553
0.374269 -0.1452475 0.7626701
0.2631579 -0.1907624 1.000205
0.3859649 -0.3569515 0.9352473
0.3274854 -0.3636581 0.977832
0.1988304 -0.2247619 0.9505705
0.3567251 -0.2044696 0.7650186
0.2046784 -0.09346883 0.9923806
0.2105263 -0.1402478 0.7835362
0.1988304 -0.3101683 1.077794
0.4327485 -0.3773993 0.6550261
0.3157895 -0.3661774 1.169505
0.2105263 -0.3716678 1.56465
0.3099415 -0.182101 0.8444609
0.3216374 -0.1713841 0.9091266
0.3333333 -0.1994603 0.8825959
0.2690058 -0.1191971 0.7862934
0.2923977 -0.505224 1.25619
0.2982456 -0.3837935 1.114084
0.2573099 -0.1014875 0.9310383
0.251462 -0.2413758 1.096
0.2982456 -0.4183714 0.9991618
0.1812865 -0.1577273 1.157228
0.1812865 -0.2188277 1.352969
0.1929825 -0.2554973 1.254207
0.3040936 -0.2615036 0.9988615
0.1988304 0.01280701 0.7029777
0.2573099 -0.2362518 0.793647
0.2865497 -0.104099 0.7659024
0.3567251 -0.2306123 0.8834002
0.374269 -0.0961451 0.7052764
0.3391813 -0.2063632 0.7658249
0.2748538 -0.2562527 1.12992
0.2982456 -0.3468514 1.128903
0.4093567 -0.1692089 0.6517264
0.3567251 -0.3376488 1.000339
0.3040936 -0.04186043 0.6766214
0.2222222 -0.1596142 1.048832
0.2105263 -0.03219677 -0.009373273
0.2923977 -0.09751791 0.8689254
0.2807018 -0.2176451 1.079518
0.2631579 -0.1460496 0.6665578
0.3216374 0.004287073 0.533859
0.3040936 -0.3194349 1.151701
0.4502924 -0.2495612 0.788905
0.2397661 -0.2374107 1.168558
0.2690058 -0.3997003 1.168163
0.3157895 -0.2245931 0.8603288
0.2397661 -0.259714 1.2131
0.2748538 -0.1881864 1.039765
0.2923977 -0.2498931 1.088338
0.374269 -0.1388315 0.6594771
0.2807018 -0.144161 0.8773359
0.2807018 -0.1257988 0.5395634
0.2690058 -0.0926329 0.7518121
0.2982456 -0.2391525 1.104127
0.2982456 -0.3979599 1.172627
0.3099415 -0.1690262 0.9355114
0.2573099 -0.41111 1.165764
0.2573099 -0.3537978 1.149352
0.2046784 -0.2518647 1.204841
0.2046784 0.0004075246 0.6164543
0.2748538 -0.364054 1.26485
0.3040936 -0.3314076 1.067009
0.1812865 -0.3253202 1.544541
0.380117 -0.2900804 0.9246284
0.3274854 -0.07864473 0.6939718
0.1871345 -0.3091649 1.485445
0.251462 -0.1991396 0.6951362
0.3391813 -0.2344948 0.9407712
0.245614 -0.2111504 1.188916
0.3274854 -0.1385268 0.8351661
0.4093567 0.04651715 0.5052566
