0.1988304 -0.218436 1.030002
0.2280702 -0.478943 1.468093
0.3157895 -0.07130563 0.6434983
0.3859649 0.004549103 0.4808514
0.3040936 -0.3002672 1.130264
0.3450292 -0.1349406 0.8022749
0.3333333 -0.1828133 0.9055693
0.3567251 -0.2072923 0.8700903
0.4327485 -0.2206734 0.7567541
0.4152047 -0.2126398 0.8009172
0.4795322 -0.1987097 0.7567242
0.3859649 -0.1603967 0.7173562
0.3918129 -0.2512764 0.8841541
0.2690058 -0.1683957 1.016169
0.3274854 -0.05226409 0.5841734
0.2397661 -0.1596657 1.107059
0.380117 -0.06498964 0.6830239
0.3333333 -0.186871 0.9016886
0.2748538 -0.2483113 1.074782
0.4853801 -0.1632577 0.7026109
0.3040936 -0.2098946 0.9525774
0.2807018 -0.09265195 0.8090637
0.2339181 0.0275423 0.1588636
0.3274854 -0.03761139 0.7055121
0.4502924 -0.1430351 0.7392015
0.3976608 -0.1249006 0.7508727
0.4152047 -0.1589658 0.7718567
0.2690058 -0.366803 1.166106
0.4619883 -0.1251981 0.5453952
0.3333333 -0.2195591 0.9180164
0.3099415 -0.216809 0.9918581
0.245614 -0.2076217 0.8029344
0.4210526 -0.1648225 0.6814313
0.4385965 -0.3233435 0.9007018
0.3216374 -0.2510235 1.037613
0.5555556 -0.2192456 0.7084471
0.4912281 -0.2205411 0.7516809
0.619883 -0.2334075 0.6935213
0.1929825 -0.3010193 1.440628
0.2631579 -0.3790095 1.270523
0.2280702 -0.2436519 1.258773
0.3918129 -0.1786383 0.8338253
0.2865497 -0.1729842 0.8099563
0.3099415 -0.1254256 0.8281611
0.3508772 -0.258804 0.9556617
0.2807018 -0.1452783 0.8694483
0.4795322 -0.236443 0.800506
0.2397661 -0.253164 1.013952
0.2748538 -0.1560137 0.9387625
0.2397661 -0.1765 1.029346
0.3976608 -0.1996228 0.8527899
0.4795322 -0.324981 0.8576848
0.2807018 -0.2816589 1.134638
0.4678363 -0.2450106 0.8050585
0.3508772 -0.2714394 0.98825
0.2982456 -0.1976651 1.034201
0.5146199 -0.2462861 0.7721604
0.251462 -0.344017 1.358641
0.4035088 -0.5378311 0.7279101
0.4385965 -0.2432082 0.6632603
0.3859649 -0.2211957 0.7596792
0.3040936 -0.3191816 1.122828
0.3216374 0.002748191 0.6448765
0.3976608 -0.006362543 0.6219057
0.3391813 -0.09470788 0.7037714
0.5204678 -0.08613695 0.5221309
0.2339181 -0.2629153 1.279813
0.3567251 -0.2176719 0.8907623
0.5672515 0.04493844 0.441728
0.2163743 -0.4999648 1.631765
0.2865497 -0.04807461 0.7508992
0.5321637 -0.2594304 0.7290002
0.5438596 -0.3079884 0.7785315
0.3918129 -0.1638137 0.7819219
0.5146199 -0.1620745 0.6301808
0.2923977 -0.1544915 0.9169592
0.2397661 -0.002208736 0.6356967
0.2982456 -0.1068657 0.7908809
0.4210526 -0.3068431 0.833188
0.4269006 -0.2308691 0.8339083
0.5555556 -0.3026565 0.7506276
0.7134503 -0.3117346 0.7306526
0.7368421 -0.3272051 0.7508745
0.502924 -0.3542454 0.85049
0.2807018 -0.1546604 0.9727298
0.4912281 -0.236672 0.7728459
0.3333333 -0.2188089 0.9629162
0.2631579 -0.07155981 0.8558719
0.3099415 -0.2402727 1.013351
0.2631579 -0.3288542 1.270534
0.4444444 -0.2096583 0.7714953
0.4561404 -0.1273092 0.6813761
0.2163743 -0.2314029 1.009749
0.3859649 -0.2575314 0.9198384
0.3157895 -0.03133138 0.6729056
0.4385965 -0.2644882 0.8583038
0.374269 -0.2602616 0.9587344
0.4093567 -0.1840254 0.7842458
0.6315789 -0.08896323 0.5777813
0.4853801 -0.1755307 0.713225
0.3508772 -0.348873 1.059735
0.3508772 -0.2969476 0.965798
0.3040936 -0.2597898 0.938766
0.4210526 -0.03385211 0.5733836
0.3508772 -0.07887401 0.6915187
0.3625731 -0.2959612 0.9629413
0.3918129 -0.2653213 0.8996886
0.4269006 -0.02993166 0.5376616
0.3684211 -0.260585 0.8946898
0.2923977 -0.1720276 0.928878
0.4619883 -0.1912569 0.6941985
0.5497076 -0.2405662 0.7235428
0.3918129 -0.2018915 0.8624915
0.2865497 -0.2474526 1.054937
0.3918129 -0.1432872 0.7189638
0.2280702 -0.3666506 1.276003
0.4269006 -0.2118546 0.7656406
0.2982456 -0.2421547 1.059993
0.4385965 -0.2482847 0.8425923
0.3684211 -0.1812028 0.9008833
0.2631579 -0.11705 0.9342818
0.2631579 -0.2690712 0.9693572
0.2046784 -0.4707097 1.623026
0.2222222 -0.3705409 0.7905573
0.4035088 -0.2636137 0.8849317
0.3976608 -0.2123275 0.8149639
0.4619883 -0.06377565 0.5812158
0.3625731 -0.3730187 0.9914403
0.3099415 -0.3104787 1.317454
0.3274854 -0.2196425 0.9666753
0.3918129 -0.06887157 0.6556562
0.5906433 -0.3268963 0.7759382
0.4853801 -0.1878712 0.6953812
0.4327485 -0.1910591 0.7465056
0.4035088 -0.1284285 0.6995637
0.3918129 -0.268257 0.8044519
0.3099415 -0.2640205 0.9522316
0.2573099 -0.1602544 0.9804852
0.2982456 -0.1839383 0.9859047
0.245614 -0.1169911 0.8359985
0.4795322 -0.2298594 0.7761766
0.5730994 -0.2351374 0.697106
0.2397661 -0.05524346 0.6972256
0.2163743 -0.3891455 1.520609
0.5730994 -0.2419957 0.7403696
0.5321637 -0.202917 0.725455
0.4210526 -0.2988358 0.9185852
0.3567251 -0.307289 0.8902691
0.2573099 -0.3113275 1.253109
0.2573099 -0.1624338 0.9709028
0.3040936 -0.2248233 0.9614484
0.2923977 -0.1075023 0.841405
0.4444444 -0.190293 0.8019655
0.380117 -0.1016378 0.6123522
0.2807018 -0.2720727 0.9187387
0.3508772 -0.1323554 0.8020441
0.4035088 0.01481946 0.540574
0.497076 -0.0778949 0.5712539
0.2923977 -0.1432821 0.9141417
0.2105263 -0.2463718 1.241335
0.2105263 -0.1631954 1.132677
0.1812865 -0.3178261 1.462798
0.2339181 -0.3554492 1.181145
0.251462 -0.2141219 1.141541
0.245614 -0.1662178 1.081239
0.2163743 -0.2298915 1.267752
0.3157895 -0.1040466 0.4969586
0.3567251 -0.2067771 0.882329
0.3216374 -0.1886517 0.8840896
0.4736842 -0.1821696 0.7286317
0.7251462 -0.2461099 0.6034863
0.5087719 -0.2372624 0.5694388
0.2222222 -0.1190795 1.099875
0.4561404 -0.186171 0.715226
0.3099415 -0.1854619 0.9646114
0.748538 -0.027083 0.349961
0.6374269 -0.3322222 0.7701033
0.3976608 -0.209078 0.8150103
0.4502924 -0.2752888 0.8460046
0.4678363 -0.2052106 0.7708448
0.4269006 -0.1836322 0.736458
0.2280702 -0.2793204 1.261089
0.3099415 -0.229043 1.03535
0.1929825 -0.2159109 1.180415
0.4327485 -0.132942 0.6991675
