0.2807018 -0.1462142 0.8433293
0.3333333 -0.2753186 0.9998503
0.245614 -0.1953761 1.080256
0.2690058 -0.1357074 0.9880761
0.3099415 -0.237923 0.9878131
0.2923977 -0.2004933 1.013068
0.3976608 -0.1773784 0.794796
0.2573099 -0.1662023 1.038755
0.251462 -0.1803565 0.9381389
0.4385965 -0.2617856 0.8181035
0.3508772 -0.005085413 0.3732725
0.3040936 -0.06592464 0.7592942
0.3099415 -0.3998815 1.157932
0.2631579 0.05666444 0.647964
0.245614 -0.2086479 0.9899715
0.3157895 -0.1632265 0.908667
0.2923977 -0.2583893 1.050575
0.2690058 -0.6066087 1.200874
0.4210526 -0.2482459 0.8983421
0.1929825 0.001207854 0.3753641
0.2865497 -0.3788205 1.186367
0.3508772 -0.1183688 0.7684865
0.3450292 -0.2231953 0.9115202
0.3918129 -0.1007874 0.6327409
0.3391813 -0.304551 1.006775
0.2690058 -0.1534277 0.9481012
0.4736842 -0.1095618 0.6252624
0.245614 -0.3139779 1.220589
0.3333333 -0.134317 0.8286539
0.3099415 -0.1126607 0.7878883
0.3333333 -0.3949783 1.133716
0.3216374 -0.1578417 0.9087386
0.3859649 -0.2063096 0.8157496
0.2631579 -0.1492274 0.9555889
0.251462 -0.2665188 1.194149
0.2865497 -0.2062076 0.915579
0.2397661 -0.02645483 0.7704543
0.2923977 -0.3633773 1.230222
0.4035088 -0.2164733 0.8101769
0.3567251 -0.2625526 0.9621376
0.3274854 -0.1257184 0.8091093
0.6023392 -0.1470087 0.6455855
0.5672515 -0.1342304 0.677737
0.374269 -0.2673405 0.9150287
0.380117 -0.3019441 0.9860043
0.3976608 -0.1671567 0.8005961
0.251462 -0.05914747 0.6877803
0.5380117 -0.05374857 0.50022
0.3099415 -0.100022 0.6746475
0.2163743 -0.2614646 1.308304
0.2865497 -0.1211755 0.8499204
0.2923977 -0.2149481 1.006702
0.1988304 -0.3386118 1.121001
0.2397661 -0.1737739 1.036282
0.3450292 -0.1730913 0.8437603
0.2923977 -0.2936487 0.91428
0.4444444 -0.08182257 0.6128337
0.3333333 -0.2172083 0.9023121
0.3333333 -0.1289167 0.7590028
0.4444444 -0.1614197 0.6436629
0.4502924 -0.2657366 0.7886981
0.4502924 -0.3312667 0.8955659
0.3625731 -0.2546399 0.7634058
0.4035088 -0.1733212 0.7793819
0.5438596 -0.2010388 0.7184953
0.4678363 -0.2560116 0.8380902
0.3274854 -0.1617459 0.8128415
0.2105263 -0.2689804 0.9103063
0.245614 -0.340393 1.048169
0.2280702 -0.3409064 1.432473
0.4502924 -0.255468 0.8023157
0.3684211 -0.250643 0.9882988
0.4502924 -0.1317117 0.5701837
0.3157895 -0.04647243 0.5667662
0.2982456 -0.06816151 0.5468158
0.3450292 -0.07394937 0.7182666
0.4035088 -0.1069563 0.720173
0.374269 -0.2168563 0.8592878
0.4385965 -0.1824048 0.7546351
0.3450292 -0.1725313 0.8520799
0.7251462 0.008826179 0.5142019
0.3391813 -0.286895 1.015776
0.497076 -0.2936933 0.8139872
0.3040936 -0.3173264 1.132378
0.380117 -0.196062 0.8414077
0.4444444 -0.04334151 0.5618186
0.2748538 -0.3005623 1.143491
0.4210526 -0.09760091 0.6851596
0.3099415 -0.3458918 1.152894
0.251462 -0.326972 1.204327
0.2807018 -0.3584095 1.177512
0.3216374 -0.1495986 0.8423246
0.4678363 -0.1556733 0.6225763
0.2631579 -0.1283796 1.009743
0.3157895 -0.362431 1.085443
0.4327485 -0.2636501 0.8343105
0.2573099 -0.5543793 1.301956
0.2690058 -0.42448 1.264169
0.3040936 -0.1186696 0.7899977
0.3216374 -0.1743325 0.8727361
0.2046784 -0.4951041 1.65481
0.3216374 -0.1699309 0.8079186
0.3391813 -0.2397973 0.9739631
0.3976608 -0.2818625 0.9051158
0.3625731 -0.2954404 1.017055
0.245614 -0.4267343 1.318188
0.2222222 -0.06929135 0.8610863
0.4035088 -0.008727699 0.5619246
0.3625731 -0.1453229 0.771767
0.3274854 -0.07903733 0.5984133
0.5087719 -0.2976001 0.8603475
0.3216374 -0.2090139 0.9266281
0.4444444 -0.219022 0.7622762
0.245614 -0.2327382 0.9521502
0.3625731 -0.2051775 0.8756357
0.4152047 0.06656782 0.2332019
0.3450292 -0.1430661 0.7796344
0.3625731 -0.1451843 0.7602374
0.3040936 -0.2487057 0.9191083
0.3567251 -0.1257681 0.7586313
0.2280702 -0.2084308 1.166698
0.4035088 -0.02156994 0.5924598
0.3976608 -0.09342575 0.6945438
0.3508772 -0.1809274 0.9157082
0.3625731 -0.26262 0.8653893
0.4327485 -0.1847677 0.7829141
0.3918129 -0.2846128 0.8717424
0.2631579 -0.08341983 0.9054648
0.3040936 -0.2276757 0.9981469
0.2690058 -0.294621 1.118516
0.3099415 -0.2972965 1.106678
0.2748538 -0.1765409 0.9964332
0.3040936 -0.3354399 1.164805
0.6023392 -0.172743 0.662441
0.497076 -0.1460117 0.5809276
0.3333333 -0.2403224 0.9979349
0.1929825 0.08837034 0.7102261
0.3567251 -0.1766818 0.8698021
0.3157895 -0.1239179 0.8201307
0.5847953 -0.2252964 0.7063523
0.497076 -0.2743817 0.7897718
0.2163743 -0.1372717 1.093417
0.2807018 -0.296135 1.116268
0.2923977 -0.1876899 0.9818293
0.2105263 -0.2797248 1.355601
0.2748538 0.007206055 0.5518576
0.3274854 -0.2057675 0.9398843
0.3040936 -0.1889012 0.9535756
0.2046784 -0.156333 1.065724
0.2631579 -0.1568756 0.8111952
0.3099415 -0.180771 0.8420626
0.1520468 -0.2498844 1.394529
0.2105263 -0.4304198 1.431951
0.3216374 -0.1409937 0.8392563
0.3333333 -0.07730922 0.6937883
0.4853801 -0.1425138 0.6907533
0.4269006 -0.1748308 0.678728
0.4444444 -0.1760459 0.7896411
0.2280702 -0.3185022 1.249785
0.4385965 -0.2590783 0.7700257
0.3450292 -0.2119258 0.8973357
0.3274854 -0.1562614 0.8713069
0.4035088 -0.09880576 0.7390512
0.4269006 -0.0949378 0.6531481
0.2807018 -0.05916982 0.7458329
0.4444444 0.01096497 0.4952838
0.2865497 -0.1651671 0.9295043
0.3157895 -0.2042646 0.9074166
0.4795322 -0.2727158 0.799167
