0.2748538 -0.07334203 0.7223446
0.2046784 -0.1255667 0.2629742
0.245614 -0.2403519 1.043908
0.3274854 -0.1335111 0.8662152
0.2807018 -0.2929404 0.9795662
0.2573099 -0.131559 0.2441826
0.2748538 -0.2775326 1.136901
0.2923977 -0.3200878 0.9102987
0.4502924 -0.1644486 0.760379
0.2339181 -0.3582326 1.351719
0.3040936 -0.2291629 0.8674318
0.2865497 -0.08477627 0.803325
0.3216374 -0.2060876 0.8913052
0.2397661 -0.1356341 0.9019174
0.4561404 -0.0344609 0.5667885
0.1520468 0.06644759 0.1370404
0.2982456 -0.04270021 0.6974186
0.3918129 -0.03688687 0.5037104
0.1988304 -0.3262254 0.8245634
0.3040936 -0.2212276 0.8942372
0.2105263 -0.1003217 0.3956475
0.2222222 -0.2775496 1.311731
0.3567251 -0.3553352 1.090734
0.2339181 -0.1668005 0.922823
0.2397661 -0.2614487 1.069453
0.2690058 -0.2698836 0.8909519
0.2923977 -0.2216535 0.9823027
0.1871345 0.1142042 0.4881758
0.1988304 0.0113093 0.70943
0.245614 -0.1995752 0.8901517
0.1812865 -0.2154887 0.8934454
0.1812865 -0.07599722 0.744199
0.245614 0.07133322 0.2712128
0.2163743 0.05024658 -0.001596425
0.1988304 -0.1308261 0.5372091
0.2222222 -0.1046495 1.007412
0.1871345 -0.4071506 1.01012
0.2046784 0.03764652 0.522102
0.2748538 -0.06250503 0.4480092
0.1988304 -0.3827322 1.350587
0.1754386 -0.043816 0.3457364
0.2222222 0.01045152 0.7635808
0.3099415 -0.08593408 0.6741405
0.1520468 0.1478937 -0.05941605
0.245614 -0.2606984 1.04394
0.251462 -0.273215 1.12686
0.2690058 -0.3813837 1.151334
0.3333333 -0.1568137 0.7365995
0.2339181 -0.2743644 1.073424
0.1988304 -0.5800988 1.681647
0.245614 -0.3429486 1.308745
0.1637427 -0.2188175 1.242042
0.245614 -0.246386 1.016874
0.2046784 0.08150296 0.207561
0.1637427 -0.06549332 0.629304
0.1637427 -0.161542 0.8225228
0.2339181 -0.09768202 0.927167
0.251462 -0.3192642 0.9959203
0.2280702 0.00849046 0.4780234
0.1578947 -0.3671148 1.81318
0.2573099 -0.1388904 0.830484
0.2105263 -0.1835025 0.8643009
0.251462 -0.01084888 0.549317
0.3216374 -0.2599381 1.00615
0.1754386 -0.1010335 0.639635
0.245614 -0.115455 0.5682246
0.1871345 -0.1744729 1.046956
0.2923977 -0.3766828 0.9632721
0.2573099 0.02657651 0.1185042
0.2105263 -0.3023037 1.299596
0.1929825 -0.2194129 1.04171
0.2280702 -0.2940331 1.242739
0.1754386 -0.3716271 1.381496
0.1754386 -0.02025944 0.9190135
0.2046784 -0.1163283 0.3977007
0.1520468 -0.1155907 1.364055
0.2807018 -0.2666241 1.043598
0.3333333 -0.2187187 0.9391702
0.245614 0.02345444 0.4938152
0.251462 -0.0817757 0.8982363
0.2923977 -0.1885336 0.9344978
0.2982456 -0.1825551 0.8793517
0.1754386 -0.3199059 1.41312
0.3274854 -0.3345962 1.060403
0.1988304 0.1221028 0.1862867
0.2280702 -0.1988125 1.122201
0.3391813 -0.334416 0.8803526
0.1929825 -0.2452087 1.083125
0.2046784 -0.1135655 0.06139223
0.2046784 -0.1092904 0.5201537
0.251462 0.0009042808 0.5511077
0.2046784 -0.2425966 1.063754
0.2222222 -0.1236121 0.7242874
0.1988304 -0.02403557 0.7946203
0.2573099 -0.1519556 0.9227686
0.251462 -0.3158112 1.131893
0.1754386 -0.2336371 1.410433
0.2982456 -0.2360763 0.93156
0.2631579 0.007457408 0.5805764
0.2397661 -0.186543 1.120541
0.2865497 -0.02989161 0.6521995
0.251462 -0.2289031 1.074206
0.2690058 -0.03212668 0.5785414
0.3274854 -0.3411365 0.8772985
0.1988304 -0.1715199 1.074751
0.2222222 -0.1015958 0.6796549
0.3099415 -0.09627373 0.7268551
0.251462 -0.3131574 1.227852
0.1929825 -0.2551628 0.9914363
0.1345029 -0.1195771 1.185962
0.2631579 -0.1139962 0.8008202
0.2573099 -0.2394787 1.02052
0.2280702 0.009179385 0.4768725
0.2982456 -0.23518 0.9669407
0.2573099 -0.40108 0.9151249
0.251462 -0.1362615 0.5877108
0.2397661 -0.1054114 0.8620155
0.2690058 -0.033629 0.3686377
0.251462 -0.2255901 1.166457
