0.4561404 -0.3354027 0.9168082
0.5672515 -0.0315113 0.4802756
0.2105263 -0.1633999 1.109675
0.2046784 -0.5487243 1.410429
0.4795322 -0.2077269 0.7438372
0.3918129 -0.201975 0.8196216
0.497076 -0.08869059 0.5170047
0.2631579 -0.2173362 1.069408
0.6432749 -0.09915354 0.4783215
0.3450292 -0.1346137 0.8233179
0.2573099 -0.1379647 1.019599
0.3274854 -0.1827364 0.9098319
0.502924 -0.2419684 0.7412103
0.5672515 -0.1627073 0.6022751
0.3391813 -0.3040179 1.056331
0.2631579 -0.1859293 0.863945
0.2807018 0.00920849 0.5549013
0.3391813 -0.1798623 0.8394067
0.374269 -0.2316946 0.9057847
0.2631579 -0.2862433 1.210789
0.2280702 -0.2493196 1.254098
0.1929825 -0.2404133 1.162263
0.2222222 -0.2251779 1.124731
0.2865497 -0.2803273 1.080903
0.4795322 -0.2283118 0.7352083
0.2982456 0.002618677 0.5955947
0.2573099 -0.3066048 1.280482
0.1461988 -0.1558098 1.385327
0.2163743 -0.1833921 1.096921
0.245614 -0.1884247 1.023522
0.2631579 -0.2823309 1.13958
0.3333333 -0.2200664 0.9212616
0.3567251 -0.139638 0.807626
0.2690058 -0.2247506 1.047302
0.3859649 -0.2558202 0.8807274
0.4678363 -0.05852338 0.5952454
0.4502924 -0.08199426 0.6181002
0.3333333 -0.1363164 0.7833435
0.4853801 -0.2019154 0.7211252
0.5847953 -0.1607469 0.5873587
0.5672515 -0.2246412 0.7232654
0.8070175 -0.319375 0.7162555
0.3040936 -0.1136041 0.6931113
0.2865497 -0.235766 0.979894
0.245614 -0.3150383 0.9558853
0.3099415 -0.1761584 0.892732
0.3333333 -0.1860436 0.9160235
0.3450292 -0.1852315 0.8221392
0.2807018 -0.2770277 1.0841
0.2222222 -0.2475406 0.9479431
0.2982456 0.03385767 0.5835637
0.3684211 0.01063739 0.4550579
0.2397661 -0.4310963 1.403763
0.3684211 -0.2791452 0.710387
0.2807018 -0.1968137 0.9840531
0.4093567 -0.08887842 0.6336102
0.2397661 -0.04389342 0.5526857
0.2865497 -0.2684665 1.165397
0.3684211 -0.1470677 0.7757145
0.3216374 -0.1178314 0.8035388
0.251462 -0.06766286 0.791963
0.2690058 -0.2153164 0.5715724
0.2690058 0.03295305 0.4783304
0.4210526 -0.2028412 0.6991896
0.2631579 -0.1122316 0.7729465
0.2631579 -0.2345914 0.819716
0.1871345 -0.08257526 0.8513741
0.2573099 -0.164727 0.9273765
0.2982456 -0.1866365 0.9190395
0.2748538 -0.2120189 0.8825925
0.3099415 -0.3018997 0.9893686
0.3040936 -0.2292643 0.9256931
0.2339181 -0.1658806 0.925491
0.3918129 -0.1580982 0.7715067
0.4152047 -0.1638144 0.754649
0.3859649 -0.2743036 0.8929004
0.2339181 -0.472183 1.35112
0.3157895 -0.248659 0.9313084
0.2807018 -0.2173134 0.9727475
0.3099415 -0.3082236 1.028271
0.374269 -0.2260918 0.86827
0.2865497 -0.1960449 0.9501037
0.2807018 -0.2784213 1.017805
0.2631579 -0.2851437 1.113651
0.2865497 -0.2615813 0.9015667
0.3976608 -0.2148466 0.8328218
0.2923977 -0.431292 1.231782
0.251462 -0.1330335 0.7794909
0.5789474 -0.2625999 0.7498584
0.4502924 -0.2387726 0.7775845
0.251462 -0.6136069 1.212727
0.2982456 -0.2695065 0.9791374
0.4035088 -0.2517105 0.8087336
0.3450292 -0.2432817 0.9477795
0.5380117 -0.3129987 0.8108875
0.3216374 -0.1738805 0.8974828
0.2690058 -0.1775569 1.04966
0.3625731 -0.2422901 0.912461
0.2982456 -0.1607183 0.9250728
0.3684211 -0.2418551 0.8603745
0.3450292 0.002492997 0.3542172
0.4502924 -0.1101931 0.63811
0.4093567 -0.1472623 0.6766338
0.3099415 -0.1196098 0.7606366
0.245614 -0.3281278 1.301924
0.5964912 -0.07378374 0.5169559
0.4678363 -0.2446807 0.8090702
0.5847953 0.1218134 0.3326496
0.2690058 -0.05874537 0.7563007
0.374269 -0.2709464 0.9564693
0.1871345 -0.204098 0.8969082
0.2807018 -0.3209998 1.182751
0.3157895 -0.2720333 0.9787029
0.3508772 -0.3143094 1.028705
0.5204678 -0.1583194 0.6667786
0.6783626 -0.2757393 0.669629
0.5380117 -0.2665393 0.7435307
0.3157895 -0.2288877 1.003799
0.5321637 -0.02235438 0.4938941
0.2163743 -0.224259 0.833744
0.2748538 -0.2818326 0.8745707
0.2046784 -0.009405444 0.8041543
0.497076 -0.2056933 0.731131
0.2690058 -0.1567303 0.9782089
0.2865497 -0.3239142 1.111198
0.4035088 -0.1590414 0.7362925
0.502924 -0.1406456 0.6453567
0.4502924 -0.1022082 0.6319751
0.3625731 -0.28076 0.9655141
0.2807018 -0.4684555 0.8935771
0.3274854 -0.3170552 1.012535
0.3508772 -0.2399851 0.9617573
0.3157895 -0.3582173 1.135776
0.3274854 -0.1846647 0.9299106
0.3508772 -0.2240576 0.8755453
0.3274854 -0.3013018 1.062495
0.2105263 -0.2663384 1.239767
0.2865497 -0.1926653 0.9837001
0.2339181 -0.09596385 0.6893147
0.1578947 -0.1512071 1.089605
0.251462 -0.1234968 0.8896575
0.3508772 -0.1471967 0.7928139
0.3508772 -0.127536 0.8218715
0.2573099 -0.1462412 0.9804357
0.3274854 -0.3013987 1.031362
0.1871345 -0.208531 1.351558
0.3040936 -0.05960142 0.6552617
0.2222222 -0.2335517 0.8402667
0.2923977 -0.2329781 0.8272501
0.245614 -0.3025752 1.199505
0.8304094 1.169337 -0.565401
0.3157895 -0.2115727 0.8945782
0.3274854 -0.173264 0.8030947
0.2748538 -0.1481104 0.9110045
0.2923977 -0.1517239 0.803467
0.2631579 -0.4132022 1.213843
0.3391813 0.02634122 0.4884389
0.2339181 -0.05889204 0.9178294
0.5087719 -0.1089848 0.6394872
0.2865497 -0.1745523 0.7852246
0.3567251 -0.2450214 0.9229739
0.6432749 -0.07187303 0.519569
0.6959064 -0.187351 0.6156267
0.5204678 -0.1399845 0.5845016
0.7426901 -0.1837606 0.6231431
0.3216374 -0.4068826 1.022732
0.3684211 -0.1473642 0.797987
0.251462 -0.1575183 1.015368
0.6315789 -0.001262024 0.4377825
0.4210526 -0.2638158 0.8351238
0.2339181 -0.3389818 1.307092
0.4152047 -0.2505846 0.863162
0.3859649 -0.08470971 0.679185
0.2222222 -0.1145477 0.9577229
0.380117 -0.197491 0.8220502
0.5730994 -0.2436162 0.7315409
0.3508772 -0.1967213 0.8545764
0.3216374 -0.2270865 0.9920973
0.3976608 -0.2935744 0.9276324
0.245614 -0.1145001 0.6304947
0.2807018 -0.2567743 1.118638
0.245614 -0.3226306 1.200415
0.2748538 -0.02092837 0.5015922
0.2105263 -0.2261903 1.296917
0.3333333 -0.2109935 0.940922
0.2339181 -0.2397364 1.123874
0.2748538 -0.3737322 1.164468
0.3216374 -0.2224856 0.9575777
0.3508772 -0.3736137 1.052177
0.4795322 -0.2888872 0.8127649
0.2807018 -0.2852362 1.096443
0.380117 -0.3223814 0.97634
0.251462 -0.2516603 0.9561681
0.2923977 -0.2379301 1.03951
0.245614 -0.08165158 0.892837
0.5730994 0.1375752 0.3328449
0.4210526 -0.0787484 0.5372848
0.3567251 -0.2749873 0.8754134
0.2748538 -0.1337815 0.9002549
0.3567251 -0.05618559 0.6490016
0.4035088 -0.1384233 0.7573726
0.2807018 -0.248111 0.4786225
0.3684211 -0.3388139 0.9912127
0.3099415 -0.236002 1.024571
0.619883 -0.08845697 0.5438418
0.4736842 -0.1841566 0.7370414
0.2865497 -0.07687567 0.7573048
0.2748538 -0.1814419 1.018267
0.5380117 -0.2431837 0.7326254
0.2748538 -0.3302943 1.231722
0.5380117 -0.1964292 0.7296412
0.4912281 -0.1823655 0.7345803
0.4152047 -0.1099941 0.6510474
0.2573099 -0.3063028 1.282466
0.245614 -0.09789807 0.9046893
0.4327485 0.05124399 0.379198
0.3216374 -0.323267 1.054069
0.3274854 -0.290839 0.9393275
0.3684211 -0.1729073 0.7999371
0.7251462 -0.4163521 0.826019
0.3508772 -0.1961971 0.8315228
0.3450292 -0.3168002 1.041308
0.6140351 -0.1384943 0.5689395
0.3567251 -0.1706181 0.7509739
0.2807018 0.02613141 0.3982169
0.2982456 -0.2996343 1.091634
0.3274854 -0.3720597 1.076776
0.2923977 -0.1369999 0.8806177
0.3508772 -0.3066396 1.043253
0.3333333 -0.1204649 0.6666788
0.2339181 -0.3023176 1.272122
0.374269 -0.2369541 0.8555686
0.4853801 -0.006764504 0.4467778
