0.5438596 -0.01365486 0.5435446
0.6081871 -0.274964 0.7585052
0.5730994 0.06966199 0.4823064
0.380117 0.02728935 0.5870761
0.625731 -0.1620952 0.7899963
0.6023392 -0.1917096 0.7359025
0.3918129 -0.1303953 0.7717885
0.3918129 0.06878848 0.5153076
0.5204678 -0.2637522 0.8132911
0.5380117 -0.03652358 0.5377263
0.3918129 -0.08789849 0.6647638
0.3099415 -0.1112935 0.8955333
0.3918129 -0.1441221 0.7812666
0.8304094 0.5637998 -0.2407158
0.3625731 -0.03391295 0.7036915
0.6549708 -0.2700842 0.8196505
0.3976608 -0.1766957 0.8092199
0.625731 0.01223797 0.536854
0.4093567 -0.196636 0.8293797
0.6081871 -0.1850706 0.7058917
0.6081871 -0.1857214 0.7657792
0.6140351 -0.1105912 0.6001324
0.7602339 0.4899173 -0.09496006
0.7134503 -0.213549 0.6789055
0.6491228 -0.244523 0.7555351
0.4678363 -0.1888113 0.8362223
0.5964912 0.4452155 0.05434458
0.6432749 0.112944 0.3085344
0.5087719 -0.2394363 0.7829531
0.5906433 -0.1301814 0.5691388
0.5730994 0.01265568 0.5467666
0.6140351 -0.1166164 0.6417567
0.5730994 -0.1587775 0.6933855
0.625731 -0.1020686 0.5497538
0.6374269 -0.06178581 0.5975395
0.6491228 0.0232222 0.4876444
0.6491228 -0.1244468 0.5521158
0.7602339 0.006484479 0.532739
0.625731 -0.2000243 0.6906311
0.8011696 0.006395456 0.4741646
0.5555556 -0.2155029 0.755795
0.3918129 -0.1350674 0.7645517
0.7602339 0.01654982 0.4840732
0.7251462 -0.1827387 0.7623321
0.5730994 0.01976148 0.5076915
0.7017544 0.2373638 0.2167337
0.7134503 -0.1842801 0.6416235
0.5847953 -0.210749 0.7038214
0.619883 -0.1822998 0.7274791
0.6432749 -0.2077341 0.6980195
0.6725146 -0.2920468 0.78738
0.6666667 -0.2158319 0.7618507
0.8011696 -2.043038 2.042186
0.6783626 0.2693096 0.2508468
0.7017544 0.001122844 0.4570758
0.6842105 -0.5859902 -0.6653682
0.6666667 -0.1780179 0.6003146
0.7309942 0.2172527 0.223876
0.5730994 0.0626876 0.4544563
0.7017544 -0.1606041 0.572102
0.6140351 -0.1874148 0.6946031
0.7309942 0.2095855 0.304374
0.5789474 -0.2151896 0.7615779
0.619883 -0.1282037 0.6059487
0.7076023 -0.09174715 0.5325588
0.4327485 -0.1296391 0.7207025
0.8421053 -1.070319 1.51318
0.5847953 0.2134503 0.3005749
0.4853801 -0.1705426 0.8043143
0.7076023 -0.1636055 0.6331159
0.5204678 0.1821252 0.3683404
0.502924 -0.004234007 0.5270256
0.6432749 -0.2302775 0.7002974
0.6432749 0.1122503 0.6653446
0.6725146 0.1015291 0.3739173
0.5906433 -0.1424679 0.675758
0.6842105 0.2806352 0.1910981
0.5263158 -0.2504321 0.7948624
0.6842105 -0.3110114 0.7530957
0.7134503 0.2241537 0.3133141
0.6140351 0.4454195 -0.8295391
0.6023392 -0.2286731 0.7550185
0.8245614 -0.1528593 0.6121089
0.6081871 -0.2238011 0.7421914
0.7076023 -0.1094793 0.5464736
0.3684211 -0.1473504 0.8021878
0.6081871 -1.085187 1.144071
0.3976608 -0.1000797 0.7967074
0.6432749 -0.1760956 0.708622
0.7602339 -0.01749577 0.4479218
0.6491228 -0.2400808 0.7560063
0.6081871 -0.07196901 0.5534159
0.6783626 -0.1903964 0.6993411
0.6666667 -0.1531657 0.7114913
0.6491228 0.04891835 0.6221251
0.5789474 -0.1598235 0.6728909
0.5497076 -0.07429087 0.6063224
0.5847953 -0.009259866 0.4913223
0.7660819 -0.2624626 0.6898411
0.7602339 0.674574 -0.188564
0.7777778 -0.2556575 0.6998774
0.5789474 -0.1409832 0.657309
0.5847953 -0.09605891 0.7011279
0.619883 -0.2312592 0.7808835
0.4561404 -0.0203037 0.5794701
0.5789474 -0.1503979 0.8184308
0.3040936 -0.1687555 0.9514701
0.619883 -0.1279115 0.6265551
0.4561404 -0.1265685 0.6635923
0.5964912 -0.07119524 0.5789114
0.5146199 -0.07670078 0.6186684
0.7017544 -1.57273 4.894842
0.6959064 -0.006209611 0.5827623
0.6666667 -0.1587149 0.6096047
0.5730994 -0.1459934 0.6699719
0.5964912 -0.00185669 0.5100894
0.7192982 -0.2979331 0.7345567
0.6900585 -0.1936068 0.6804565
0.748538 -0.4566703 0.958599
0.502924 -0.2115554 0.7689409
0.4210526 -0.04781757 0.6473566
0.6666667 -0.3099976 0.9834608
0.625731 0.07118412 0.4045078
0.619883 -0.1246443 0.6510141
0.6783626 -0.09979655 0.5942746
0.7836257 -0.05386176 0.5337081
0.502924 -0.2388131 0.7781299
0.3099415 -0.05789012 0.6301931
0.4502924 -0.1053543 0.6077273
0.5438596 -0.1135631 0.6021988
0.5263158 -0.1683231 0.6701539
0.3859649 -0.1627014 0.8123346
0.7134503 0.02046973 0.5141838
0.4619883 -0.191428 0.8152949
0.7251462 -0.1570326 0.6771922
0.5672515 -0.1062529 0.63513
0.619883 0.05043527 0.5349474
0.5730994 -0.176943 0.8250353
0.5906433 -0.2307102 0.7076445
0.6081871 0.05916538 0.3866221
0.502924 -0.2406499 0.7908348
