0.619883 -0.2345405 0.7006956
0.5438596 0.02381977 0.4277776
0.4502924 -0.1810536 0.791501
0.2163743 0.005979351 0.6138668
0.3625731 -0.09914965 0.7768045
0.374269 -0.1645197 0.8456906
0.5204678 -0.07146481 0.6025962
0.4444444 -0.1789157 0.7726912
0.4795322 -0.08612079 0.622402
0.3918129 -0.153899 0.8308973
0.4385965 -0.07687379 0.6662998
0.4561404 -0.1064803 0.6531664
0.3333333 -0.2037957 1.005981
0.2807018 -0.2361673 1.099446
0.4035088 -0.1054836 0.7347992
0.5321637 -0.185303 0.6960421
0.3274854 -0.2232104 1.02094
0.6140351 -0.199539 0.7002432
0.4561404 -0.229721 0.8274945
0.502924 -0.1723819 0.7067512
0.4736842 -0.2153787 0.7476514
0.3274854 -0.2380054 0.9176855
0.6315789 -0.2496165 0.6905462
0.4502924 -0.2508598 0.8270317
0.3508772 -0.1128104 0.7429923
0.5497076 -0.3264715 0.8050532
0.4853801 -0.2229195 0.7759105
0.4795322 -0.1534581 0.7067017
0.5380117 -0.1133908 0.611139
0.1988304 -0.5393106 1.64916
0.3274854 -0.2146347 1.02936
0.380117 -0.231891 0.9185781
0.4736842 -0.2745097 0.8421538
0.4269006 -0.1416682 0.7594939
0.3918129 -0.1928476 0.878829
0.3450292 -0.1001782 0.7631582
0.502924 -0.2468091 0.8310406
0.3508772 -0.2783729 1.0593
0.3976608 -0.1183835 0.7564576
0.3684211 -0.1272281 0.7952413
0.374269 -0.2060385 0.8652129
0.3157895 -0.221188 1.011883
0.2807018 -0.1608518 0.9548348
0.502924 -0.2941942 0.7926755
0.2865497 -0.3417944 1.095498
0.497076 0.04269017 0.42741
0.380117 -0.09303786 0.7168475
0.5380117 -0.190672 0.6653498
0.3391813 -0.4802185 1.038712
0.3625731 -0.2530996 0.9792622
0.2865497 -0.3846272 1.276309
0.4385965 -0.1062023 0.7068378
0.4035088 -0.2766304 0.9102037
0.619883 -0.1919991 0.646642
0.5672515 -0.1881633 0.7080546
0.3976608 -0.1046438 0.7124333
0.4561404 -0.1996238 0.7828564
0.2923977 -0.1725896 0.9728711
0.3918129 -0.2408545 0.8806721
0.4093567 -0.1291471 0.7297051
0.374269 -0.1677318 0.8300118
0.497076 -0.1573735 0.6841929
0.1578947 -0.1853079 0.999634
0.3274854 -0.2698854 1.046761
0.3918129 -0.1758068 0.8235443
0.3157895 -0.1835222 0.9312076
0.2923977 -0.3401717 1.154919
0.497076 -0.2573641 0.7390793
0.3216374 -0.3031152 1.06667
0.4619883 -0.09082803 0.6797035
0.4327485 -0.1843556 0.7915544
0.380117 -0.07479277 0.7032037
0.6023392 -0.0729469 0.5863532
0.380117 -0.1093224 0.7697626
0.380117 -0.2372095 0.8946857
0.3450292 -0.2346239 0.9508414
0.4444444 -0.185033 0.8003694
0.3859649 -0.1906461 0.8224536
0.497076 -0.1260407 0.6408528
0.374269 -0.2502106 0.8703241
0.4327485 -0.1967115 0.7761299
0.4035088 -0.2507281 0.8809044
0.5438596 -0.1186946 0.6216618
0.5087719 -0.286987 0.769599
0.3216374 -0.2158794 0.9891554
0.5964912 -0.2165236 0.6458643
0.502924 -0.2318026 0.7591757
0.3274854 -0.3004037 1.0328
0.619883 -0.1934501 0.6938917
0.3333333 -0.2363624 0.9746017
0.3274854 -0.284031 0.9741818
0.5204678 -0.2593104 0.7941737
0.2865497 -0.4718886 1.274788
0.3157895 -0.4482989 1.143049
0.6374269 -0.2257711 0.6852956
0.3450292 -0.1183754 0.8356206
0.6725146 -0.2806791 0.7232884
0.4152047 -0.06932051 0.6575834
0.6608187 0.589962 -0.07034432
0.5672515 -0.2428162 0.7431113
0.3976608 -0.1575063 0.7906257
0.3859649 -0.08823174 0.6706368
0.2982456 -0.1868078 1.004338
0.497076 0.2081535 0.1246805
0.5263158 -0.2478176 0.776524
0.4561404 -0.2303503 0.8245641
0.6432749 -0.1931755 0.6257061
0.4912281 -0.2460261 0.8136541
0.3976608 -0.105191 0.7655316
0.4502924 -0.1663634 0.7434224
0.2865497 -0.2862403 1.101365
0.4912281 -0.3266401 0.8443915
0.374269 -0.2962283 0.9673064
0.4210526 -0.2136917 0.865643
0.2865497 -0.2070719 1.014842
0.6140351 -0.2351978 0.6940696
0.3567251 -0.2164538 0.8660211
0.4795322 -0.1009176 0.6710198
0.4561404 -0.2003556 0.7400861
0.3918129 -0.3034685 0.9774853
0.4619883 -0.1427015 0.7295565
0.7076023 -0.09789797 0.5660307
0.3567251 -0.1276173 0.7961506
0.5964912 -0.219562 0.7318299
0.374269 -0.1480101 0.7590693
0.4210526 -0.2033529 0.8613879
0.5555556 0.1013101 0.4262294
0.625731 -0.3179807 0.8016927
0.4502924 -0.2377667 0.818478
0.374269 -0.3541606 1.005149
0.5087719 -0.2680122 0.8094667
0.5438596 -0.1250484 0.6427681
0.3216374 -0.2505657 1.018708
0.4444444 -0.2715114 0.864966
0.380117 -0.1970337 0.8442273
0.2339181 -0.3738708 1.201587
0.5204678 -0.1841361 0.7355423
0.4385965 -0.2020787 0.6510547
0.6549708 -0.2957822 0.7520375
0.4912281 -0.3832677 0.8425884
0.5964912 -0.2820572 0.7549247
0.3625731 -0.3343347 0.9879332
0.4093567 -0.294102 0.9150815
0.497076 -0.2073025 0.7184747
0.4152047 -0.09030575 0.6660347
0.3333333 -0.2166017 0.9458832
0.3391813 -0.1607292 0.8371194
0.5263158 -0.2376624 0.7522821
0.5730994 -0.09131218 0.5537236
0.4853801 -0.1668968 0.6986127
0.6315789 -0.2019588 0.703651
0.5789474 -0.1458578 0.6578032
0.2923977 -0.2768848 1.125168
0.3684211 -0.1412451 0.8624404
0.4561404 -0.1126507 0.6381305
0.4269006 -0.1996858 0.7772243
0.3976608 -0.1997167 0.7996686
0.4853801 -0.2312942 0.8058572
0.3391813 -0.3195294 1.052117
0.2923977 -0.3686855 1.112133
0.5380117 -0.08885276 0.5088298
0.3450292 -0.3492417 0.9601188
0.245614 -0.2345296 1.177299
0.5321637 -0.1469662 0.6785464
0.6081871 -0.1523104 0.6297099
0.497076 -0.2972125 0.8424216
0.4327485 -0.2604224 0.844263
0.4795322 -0.2084814 0.7639461
0.3450292 -0.3197927 1.076959
0.4795322 -0.154007 0.6658044
0.3918129 -0.2020232 0.8125953
0.4678363 -0.1892597 0.738286
0.2748538 -0.1296783 0.9581099
0.4502924 -0.2556238 0.8431413
0.4853801 -0.3270515 0.8717451
0.1988304 -0.6608143 1.738733
0.6023392 -0.1171193 0.6133106
0.3625731 -0.1640875 0.6934997
0.380117 -0.3086884 0.9768271
0.380117 -0.2167112 0.8936632
0.625731 -0.05685294 0.5250797
0.3684211 -0.2482893 0.9698462
0.5906433 -0.3155542 0.7820086
0.5672515 -0.1491999 0.6405868
0.6140351 -0.1594189 0.6463266
0.4385965 -0.1901039 0.7511597
0.2807018 -0.2194891 1.076855
0.4619883 -0.1293519 0.6808448
0.2339181 -0.09549206 0.9671848
0.2748538 -0.2128953 1.076773
0.5146199 -0.1677354 0.186626
0.3157895 -0.05232096 0.7573326
0.3450292 -0.05246602 0.7173986
0.2982456 -0.3965408 1.208119
0.3625731 -0.3283065 1.007822
0.4269006 -0.1801085 0.7773966
0.5204678 -0.3590253 0.8460882
0.4736842 -0.2091528 0.7819908
0.4152047 -0.1896711 0.8064403
0.4269006 -0.2100148 0.8134918
0.374269 -0.274628 0.8992128
0.3099415 -0.2285209 1.011842
0.4795322 -0.2800001 0.8274005
0.4678363 -0.2559846 0.7478631
0.502924 -0.2227049 0.740171
0.4795322 -0.08156171 0.5059881
0.3625731 -0.253765 0.9355076
0.3040936 -0.03376652 0.7225421
0.3625731 -0.1365544 0.8093107
0.2397661 -0.1652189 1.120462
0.4736842 -0.2792971 0.8319877
0.4093567 -0.2301341 0.8503186
0.2923977 -0.4136933 1.312543
0.4385965 -0.04068869 0.5245671
0.3567251 -0.2658722 0.9640512
0.3216374 -0.2764387 1.119385
0.4736842 -0.1709783 0.7431346
0.3157895 -0.2077096 0.9788658
0.3567251 -0.1126518 0.7923932
0.3450292 -0.2099823 0.9434361
0.5146199 -0.1858828 0.7236086
0.4502924 -0.268986 0.9125114
0.5906433 -0.1445951 0.7055255
0.2923977 -0.1077965 0.8129492
0.4210526 -0.2504398 0.826069
0.3918129 -0.0241295 0.673584
0.5321637 -0.07842629 0.5998357
0.3450292 -0.1879076 0.8668785
0.5555556 -0.1620935 0.6953459
0.374269 -0.130045 0.8147172
0.4444444 -0.1281262 0.7013017
0.6549708 -0.475608 0.890156
0.4912281 0.0387177 0.4546243
0.3859649 -0.07991007 0.6748155
0.2573099 -0.2250776 1.074185
0.4035088 -0.2420006 0.8440917
0.4210526 -0.1548816 0.7902829
0.4269006 -0.1394834 0.7117345
0.4561404 -0.1921579 0.7748744
0.2222222 -0.3331653 1.207783
0.6608187 -0.3864509 0.8162081
0.502924 -0.1863027 0.7108945
0.4561404 -0.1084036 0.6780051
0.5204678 -0.06583258 0.5301264
0.2339181 -0.2664075 1.284712
0.3625731 -0.1717555 0.8459347
0.3391813 -0.02856458 0.6090596
0.5321637 -0.171415 0.6001591
0.3684211 -0.2008173 0.8390391
0.3684211 -0.1044654 0.7403156
0.4561404 -0.2494048 0.8567598
0.2222222 -0.1605929 1.104884
0.2923977 -0.1832275 0.98356
0.3684211 -0.2310517 0.8381031
0.4093567 -0.1664123 0.730172
0.3508772 -0.3011854 1.033188
0.3450292 -0.3495005 1.083193
0.5146199 -0.2008257 0.7486927
0.3040936 -0.392312 1.142724
0.4093567 -0.2217631 0.7606922
0.5146199 -0.1061137 0.5714959
0.2807018 -0.2334482 1.062924
0.374269 -0.2965478 0.9756022
0.4853801 -0.1790139 0.7244694
0.4269006 -0.1245226 0.6250608
0.4152047 -0.1310457 0.7511202
0.5847953 -0.2529239 0.7483511
0.3274854 -0.296068 1.076302
0.3450292 -0.3248397 1.006058
0.4035088 -0.2013616 0.8576653
0.5730994 -0.06086806 0.5616454
0.3625731 -0.2554623 0.9678743
0.4035088 -0.2632614 0.8775316
0.3976608 -0.316934 0.9212439
0.5847953 -0.1583993 0.746294
0.4093567 -0.2542175 0.8947377
0.2222222 -0.4302715 1.319018
0.3684211 -0.1561605 0.8298035
0.3157895 -0.001069507 0.6824985
0.2573099 -0.2759035 1.106405
0.2339181 -0.09983927 0.7871839
0.251462 -0.2457723 1.173757
0.3391813 -0.2368828 0.9082958
0.2807018 -0.3162484 1.16271
0.3099415 -0.3152665 1.128303
0.2748538 -0.1107375 0.6257845
0.2690058 -0.2026851 1.011794
0.3450292 -0.2288806 0.95967
0.4210526 -0.2275239 0.8413496
0.2865497 -0.2774713 1.082152
0.245614 -0.1476983 0.838342
0.3333333 -0.2949268 1.081226
0.3625731 -0.1651224 0.8734931
0.3859649 -0.2554506 0.8985072
0.3216374 -0.1539194 0.8647622
0.3684211 -0.2006623 0.8856036
0.3216374 -0.2108218 0.9535255
0.3450292 -0.2578968 1.004603
0.374269 -0.2550589 0.9201293
0.3684211 -0.2129085 0.8689124
0.3040936 -0.1188963 0.793631
0.3567251 -0.240912 0.9622085
0.3976608 -0.1359739 0.7578492
0.4385965 0.2557615 1.101936
0.497076 -0.06177986 0.6249721
0.4853801 -0.3056046 0.8219504
0.3274854 -0.2566364 0.904101
0.3567251 -0.2899158 0.9770215
0.2748538 -0.258772 1.111841
0.3333333 -0.1824733 0.9186726
0.380117 -0.01108764 0.5779946
0.4093567 -0.1296685 0.7649032
0.3684211 -0.237668 0.908925
0.3859649 -0.1612395 0.7802362
0.3333333 -0.2459293 0.9284576
0.625731 -0.3956547 0.8779933
0.3333333 -0.3367632 1.096036
0.3567251 -0.2100479 0.889625
0.4327485 -0.23833 0.8562531
0.380117 -0.2811496 0.9353186
0.6315789 -0.1715108 0.6302455
0.5906433 -0.3404962 0.7862048
0.4210526 -0.2476736 0.8749982
0.3918129 -0.1365335 0.7194228
0.6081871 -0.2100249 0.6712896
0.2982456 -0.2119719 0.9423443
0.497076 -0.000756646 0.5647415
0.4035088 -0.1471964 0.5305937
0.251462 -0.3117254 1.247592
0.2923977 -0.08616447 0.7608159
0.2807018 -0.2281559 1.095594
0.497076 -0.2156986 0.7038834
0.7777778 0.1333648 0.2948666
0.3508772 -0.1365813 0.8215675
0.3391813 -0.1933744 0.934441
0.3216374 -0.1650327 0.880936
0.4210526 -0.2412551 0.8697357
0.4152047 -0.2811746 0.9222578
0.3918129 -0.2899397 0.9288753
0.3099415 -0.3970422 1.156661
0.2865497 -0.1536909 0.8625611
0.3157895 -0.04796769 0.7340635
0.2982456 -0.1649632 0.9587055
0.502924 -0.2678685 0.802223
0.4502924 -0.1550403 0.7098811
0.4385965 -0.08925033 0.6646238
0.3625731 -0.2252384 0.9266868
0.2748538 -0.2502901 1.11748
0.4152047 -0.1954131 0.8635024
0.2222222 -0.2608437 1.040556
0.3333333 -0.1518173 0.868845
0.3391813 -0.2318711 0.9833717
0.5964912 -0.1803158 0.6488623
0.2573099 -0.06070456 0.8067065
0.3099415 -0.2654389 1.019093
0.4269006 -0.1562146 0.7727561
0.3333333 -0.1949897 0.916166
0.3567251 -0.2554965 0.9423446
0.4736842 -0.2957275 0.8446026
0.4327485 -0.1636269 0.754283
0.3567251 -0.1760854 0.9139168
0.374269 -0.2803157 1.003958
0.5789474 -0.4532225 0.8787263
0.3976608 -0.08969593 0.6807451
0.2982456 -0.1579583 0.3276959
0.2222222 -0.3777514 1.263128
0.4210526 -0.2006747 0.8335505
0.3099415 -0.2011596 0.9707644
0.4269006 -0.2511984 0.8264447
0.3157895 -0.2216201 0.9657912
0.3684211 -0.2319076 0.9445827
0.4795322 -0.1290267 0.6668036
0.6959064 -0.2011027 0.6494356
0.2982456 -0.3352796 1.139703
0.5614035 -0.2738747 0.7859488
0.2280702 -0.2621878 1.299446
0.4795322 -0.1410674 0.6198594
0.5087719 -0.324526 0.8455486
0.3157895 -0.2208661 0.935166
0.5263158 -0.2568758 0.7800982
0.4444444 0.01581566 0.4819628
0.3157895 -0.2920606 1.01918
0.3040936 -0.08769301 0.9190926
0.3976608 -0.3181057 0.9589423
0.5438596 -0.2376896 0.7608261
0.502924 -0.2558718 0.7907481
0.3918129 -0.1842746 0.8254409
0.5087719 -0.1135696 0.6087173
0.4912281 -0.1651289 0.7203948
0.5087719 -0.3067834 0.8298587
0.3625731 -0.06382473 0.6794837
0.4736842 -0.2300329 0.8005471
0.5672515 -0.06243951 0.5352026
0.4327485 0.05187979 0.5202223
0.4152047 -0.2239206 0.82091
0.4093567 -0.2665244 0.9150489
0.625731 -0.0719602 0.5309844
0.3918129 -0.1504882 0.7942344
0.4210526 -0.0323687 0.5703069
0.4853801 -0.09913715 0.6119918
0.374269 -0.2676223 0.9684069
0.4912281 -0.138227 0.6753212
0.4912281 -0.08789314 0.6997173
0.6959064 -0.06305644 0.5108669
0.4678363 -0.191065 0.7514694
0.245614 -0.4889542 1.57699
0.4269006 -0.2311621 0.851068
0.3508772 -0.1761757 0.8797611
0.2397661 -0.04347114 0.8294187
0.4327485 -0.2494338 0.8502049
0.3918129 -0.07250465 0.6759669
0.3625731 -0.2518392 0.9844533
0.4385965 -0.1758812 0.7515803
0.4210526 -0.2479378 0.8677541
0.5321637 -0.07605497 0.6352987
0.5847953 -0.2467107 0.7693568
0.3157895 -0.3118483 1.079166
0.3976608 -0.2027754 0.8546736
0.4152047 -0.180843 0.804683
0.3274854 -0.203013 0.9360633
0.2105263 -0.3185243 1.437525
0.5730994 -0.2133426 0.7240323
0.3333333 -0.285529 1.052799
0.5321637 -0.1573791 0.7269763
0.3976608 -0.02847542 0.65574
0.497076 -0.1264102 0.6806706
0.3625731 -0.1848741 0.8663449
0.3859649 -0.1507112 0.7667154
0.5263158 -0.2002971 0.7316685
0.4444444 -0.1866832 0.7631599
0.4093567 -0.2402891 0.8782755
0.374269 -0.2177646 0.8900821
0.4152047 -0.157776 0.7812992
0.3976608 -0.07328039 0.5257593
0.5497076 -0.2540928 0.7888541
0.4678363 -0.2460403 0.8288292
0.5204678 -0.1379592 0.6818652
0.3918129 -0.2791912 0.938789
0.4385965 -0.1610493 0.7348241
0.4736842 -0.1648261 0.7017981
0.3274854 -0.3877782 1.187055
0.6081871 -0.03267059 0.5061436
0.3625731 0.127105 0.4040063
0.4269006 -0.1445164 0.7563839
0.4561404 -0.09252264 0.6336299
0.4795322 -0.263975 0.8143754
0.7134503 -0.4074344 0.8259845
0.3976608 -0.2397206 0.8687173
0.4035088 -0.2245797 0.9111768
0.3450292 -0.2241145 0.8740564
0.4619883 -0.08501666 0.6597467
0.4269006 -0.07508717 0.6254159
0.245614 -0.4829763 1.396272
0.3684211 -0.1785008 0.8396076
0.3508772 -0.1716056 0.8567567
0.2865497 -0.3087497 1.160229
0.4093567 -0.1475831 0.7254216
0.4269006 0.03509305 0.5915917
0.2748538 -0.3781953 1.298398
0.4619883 -0.154061 0.7183027
0.5204678 -0.1249444 0.6824352
0.2748538 -0.2323019 1.059505
0.5964912 -0.142509 0.6367347
0.3684211 -0.348437 1.021948
0.245614 -0.1162443 0.7731773
0.3391813 -0.1482538 0.7666112
0.2923977 -0.2690715 1.141661
0.1520468 -0.4425923 1.690608
0.1695906 -0.1746394 0.9001392
0.3333333 -0.2918079 0.9939965
0.8187135 0.2361362 0.1463239
0.3976608 -0.1310889 0.695001
0.3040936 -0.2189915 0.9423325
0.4269006 -0.2481531 0.7853407
0.3684211 -0.2408878 0.9380704
0.4444444 -0.1911461 0.808394
0.619883 -0.2731705 0.7576809
