0.5263158 -0.1346435 0.6339809
0.8128655 -2.463321 10.14368
0.5438596 -0.288101 0.8283013
0.3508772 -0.4524048 1.455244
0.374269 0.8261168 81.83558
0.4152047 -0.3694695 1.063591
0.5321637 -0.44743 0.9115144
0.6549708 -3.367842 3.724781
0.5204678 -0.3022685 0.8554495
0.748538 0.4801521 -0.1273844
0.7777778 -0.2139987 0.6308875
0.502924 -0.3986162 0.8867553
0.5672515 0.8566285 -1.251059
0.8830409 -6.76057 17.38249
0.6666667 -0.6148038 1.620542
0.3567251 -0.4086578 1.17073
0.6491228 -1.729514 1.664526
0.5380117 -0.446216 1.224805
0.6432749 -0.1918422 0.6376633
0.4152047 -0.4381252 1.155028
0.5263158 0.4076262 0.8228158
0.9239766 -1.306554 2.574684
0.7251462 -0.2430829 0.730142
0.3625731 -0.4832498 1.245721
0.6081871 -0.6418731 1.609173
0.7894737 -0.1297565 0.5639411
0.6783626 -0.3972681 0.8333083
0.6783626 -0.2231208 0.755643
0.9415205 -2.639055 4.249616
0.6842105 -0.1767475 0.6800767
0.502924 -0.2762491 0.6911378
0.5146199 -0.2853714 0.8368589
0.6081871 -0.3490762 0.830994
0.8479532 -6.416507 6.841301
0.5730994 -0.2994624 0.8053426
0.3099415 -0.8235866 1.753837
0.4444444 -0.349139 0.9640771
0.8479532 -7.981931 8.468948
0.4210526 -0.1060421 0.7255454
0.8947368 -0.4461964 0.8962566
0.4385965 -0.336579 0.9644334
0.625731 -0.2745808 0.7571636
0.3625731 -0.4841396 1.310472
0.7017544 0.1218171 0.3521903
0.2807018 -0.4492936 1.403635
0.748538 -0.3366316 0.9849902
0.8596491 -8.558476 9.008025
0.5497076 -0.3754829 0.9259654
0.4736842 -0.4099122 1.11109
0.6608187 -0.2361241 0.8847608
0.9473684 -4.081095 5.919654
0.8187135 -0.5488463 3.805026
0.8538012 -0.2195995 0.6949273
0.4210526 -0.2680629 0.903346
0.8070175 -0.3695843 8.726379
0.8421053 -0.2590969 0.9832167
0.5964912 -0.3204292 0.7900652
0.877193 -1.637431 2.083967
0.9532164 -6.334092 7.197074
0.6140351 -0.5233632 0.9861719
0.8888889 -0.3986233 1.219796
0.8362573 0.1430518 0.2384829
0.4093567 -4.531083 14.95479
0.4385965 -0.3067077 0.9332932
0.2690058 -0.7765487 1.843907
0.2163743 -1.090246 2.12695
0.5263158 -0.3450621 0.8895734
0.3391813 -0.4603935 1.258318
0.3391813 -0.403814 1.236997
0.380117 -0.3526233 1.114705
0.6900585 -0.2853639 0.7209296
0.4619883 -0.3512831 0.9758892
0.4210526 -0.3762924 1.121786
0.5321637 -0.2950702 0.8289067
0.2923977 -0.7100148 1.939897
0.4152047 -0.3863952 1.14507
0.6140351 -0.3263062 0.7912005
0.625731 -0.3477354 0.8042779
0.4912281 -0.2643228 0.8920499
0.3450292 -0.6654812 1.691996
0.502924 -0.3137286 0.9381549
0.871345 -2.71807 4.135474
0.8538012 0.7402097 -0.4113235
0.3450292 -0.5740868 1.500473
0.3099415 -0.6496521 1.858765
0.4561404 -0.2733465 0.923463
0.4093567 -0.2653775 0.9508135
0.4502924 -0.312245 0.9778289
0.4736842 -0.1202818 0.5299246
0.6842105 -0.02759025 0.4933016
0.4853801 -0.27419 0.8730224
0.877193 -1.693481 2.107005
0.9239766 -5.305628 5.862509
0.4736842 -0.2305593 0.8473776
0.7719298 -0.1992175 0.6283517
0.4210526 -0.330389 1.004614
0.4093567 -0.2921934 0.9775653
0.3099415 -0.6546357 1.662431
0.2748538 -0.8462352 2.790214
0.2923977 -0.5146661 1.636166
0.4853801 -0.3022113 0.8999599
0.6783626 -0.2608011 0.7612202
0.2982456 -0.6698041 1.801472
0.7660819 -0.218495 0.6375696
0.4093567 -0.3543147 1.099739
0.4444444 -0.2903798 0.9636239
0.5847953 -0.3271594 0.8379166
0.9298246 -5.895382 6.432563
0.3859649 -0.2518142 0.9732068
0.3157895 -0.6246982 1.610238
0.4502924 -0.3162907 0.9410671
0.4502924 -0.3556829 0.9594304
0.4561404 0.05977855 0.5130257
0.4035088 -0.3494714 1.046695
