0.3508772 -0.3246214 1.045859
0.7251462 -0.1155727 0.4526788
0.245614 -0.1420099 1.017604
0.3450292 -0.2378825 0.9141639
0.2807018 -0.2182904 0.9758094
0.245614 -0.1185658 0.810091
0.2339181 -0.1107608 0.9239424
0.3391813 -0.1594425 0.8921584
0.5964912 -0.0473496 0.5480733
0.3625731 -0.1961101 0.8598546
0.3157895 -0.2422407 0.9961035
0.1988304 0.01517302 0.3557815
0.2923977 -0.267246 0.9652886
0.3684211 -0.1337453 0.8013217
0.251462 -0.3776003 1.309677
0.2573099 -0.1698204 1.042819
0.2280702 -0.0997505 0.7175842
0.4619883 -0.05237268 0.5438648
0.4152047 -0.2397407 0.8161866
0.6549708 -0.4236995 0.8378304
0.3333333 -0.1782156 0.8959184
0.3391813 -0.1462723 0.8550137
0.251462 -0.3070355 1.156167
0.2573099 -0.2208593 1.07326
0.4561404 -0.2033471 0.7389035
0.2631579 -0.141363 0.9076911
0.1812865 -0.2759033 1.322346
0.3157895 -0.2208262 0.8729966
0.2046784 -0.08139157 0.859125
0.4678363 -0.2071702 0.7656418
0.2690058 -0.04363411 0.7354393
0.2280702 -0.3852225 0.9165544
0.4444444 -0.1759149 0.6968957
0.2397661 -0.4430105 1.180755
0.3918129 -0.2678312 0.6887118
0.2865497 -0.2248921 1.053676
0.2631579 -0.4166902 1.142446
0.3859649 -0.2211089 0.8518711
0.3450292 -0.213608 0.809429
0.2280702 -0.2255213 1.166155
0.3684211 -0.23433 0.9281779
0.3859649 -0.1831068 0.8581904
0.3859649 -0.1631891 0.7832807
0.5087719 -0.1657127 0.6599437
0.3508772 -0.008683816 0.5226578
0.3274854 -0.08637303 0.7420933
0.3157895 -0.3250051 1.114784
0.245614 -0.120534 0.9593913
0.4035088 -0.2331912 0.8711889
0.2690058 -0.2543738 1.1234
0.2923977 -0.3554216 1.07849
0.3333333 -0.2259856 0.9581413
0.4327485 -0.2051589 0.8226963
0.3391813 -0.2683994 0.9839629
0.2573099 -0.1000514 0.8493771
0.3099415 -0.000145501 0.4342463
0.3391813 -0.2410377 0.9446549
0.3333333 -0.2098436 0.9221454
0.2923977 -0.1992696 1.02458
0.2280702 -0.2329599 0.9723831
0.4152047 -0.2170789 0.8376048
0.2280702 -0.2605086 0.9511563
0.2397661 -0.1342102 0.9897284
0.2280702 -0.1880133 1.154905
0.3567251 -0.0861715 0.6718882
0.2807018 -0.220404 0.9805242
0.4035088 0.07983789 0.2457839
0.2865497 -0.3372428 1.237051
0.2573099 -0.1379565 0.993205
0.2631579 -0.2060766 1.07226
0.3157895 -0.2061579 0.7895092
0.2748538 -0.09768238 0.4677891
0.2573099 -0.1767249 0.9857333
0.3391813 -0.07434748 0.5510851
0.3333333 -0.3525176 1.075581
0.3625731 -0.2546615 0.9230125
0.2222222 -0.2431771 1.159013
0.3099415 -0.3319538 1.133534
0.3684211 -0.1327564 0.6868142
0.4444444 -0.2499194 0.8226698
0.2690058 -0.3233567 1.233535
0.380117 -0.08069755 0.4939178
0.2865497 -0.1704315 0.8040854
0.245614 -0.1351347 0.9685529
0.4035088 -0.07445753 0.5128382
0.2573099 -0.3422104 0.8571506
0.2105263 -0.2914347 1.342268
0.3918129 -0.261684 0.8786941
0.3157895 -0.3007466 1.05363
0.3625731 -0.2432387 0.9222148
0.5906433 -0.2611091 0.719801
0.4035088 -0.1365991 0.7331514
0.4385965 -0.2435843 0.8884783
0.3567251 -0.1899571 0.8372799
0.4795322 -0.088397 0.5728437
0.4269006 -0.2400473 0.817305
0.6315789 -0.07620255 0.5053456
0.4502924 -0.2586234 0.7951201
0.3625731 -0.1279267 0.7512014
0.4853801 -0.1246264 0.6428419
0.1578947 -0.3635523 1.463889
0.2280702 -0.1983173 0.5786114
0.2690058 -0.05645868 0.7374566
0.6900585 -0.2971455 0.7381801
0.4093567 -0.04977253 0.5148067
0.4912281 -0.2636679 0.7945892
0.5438596 -0.173012 0.679254
0.2046784 -0.2360474 0.8607874
0.3157895 -0.315028 1.09493
0.2748538 -0.0568637 0.6292185
0.3040936 -0.2408073 1.049814
0.3333333 -0.2134311 0.9253467
0.2982456 -0.2029632 0.9735635
0.3859649 -0.2167537 0.8674812
0.3099415 -0.2080395 0.8611936
0.3216374 -0.1890369 0.8533256
0.3333333 -0.221396 0.9577896
0.2573099 -0.2270614 1.061797
0.2923977 -0.2121846 0.9670793
0.3976608 -0.2293669 0.8425205
0.4093567 -0.2431186 0.79868
0.3391813 -0.2531379 0.9592791
0.4035088 -0.2821158 0.9120055
0.4093567 -0.05495646 0.5504891
0.4912281 -0.1919033 0.7293387
0.3625731 -0.1877067 0.8129214
0.4678363 -0.3881039 0.8516622
0.4561404 -0.2913229 0.8522725
0.2923977 -0.3027339 1.056209
0.374269 -0.183666 0.8187615
0.2690058 -0.1331933 0.8132417
0.4678363 -0.2378949 0.7977181
0.2982456 -0.2497837 1.082585
0.3625731 -0.2400366 0.9224475
0.4093567 -0.1958045 0.7842413
0.2631579 -0.3127486 1.100694
0.5146199 -0.2165684 0.6921222
0.2163743 -0.2150377 0.9078953
0.2105263 -0.2010661 1.279811
0.3508772 -0.04770945 0.6621751
0.3450292 -0.03457181 0.542153
0.3625731 -0.1789761 0.8265488
0.3216374 -0.4276417 1.009966
0.4093567 -0.3023804 0.9197999
0.4093567 -0.06681046 0.6480783
0.3216374 -0.3094066 1.083208
0.5204678 -0.1871116 0.7046423
0.2339181 -0.5084729 1.320147
0.4502924 0.01965451 0.4729529
0.3157895 -0.1765168 0.9176069
0.3040936 -0.143702 0.9012128
0.251462 -0.2271483 1.170586
0.3508772 -0.2198813 0.8405766
0.2631579 -0.5755252 1.369121
0.2631579 -0.002765273 0.2239981
0.3216374 -0.1648822 0.9035353
0.2573099 -0.1798342 0.9576932
0.3157895 -0.2168691 0.961923
0.4619883 -0.2369297 0.7195461
0.3450292 0.1149767 0.3516399
0.5263158 -0.2922541 0.7681632
0.3391813 -0.2089826 0.9283556
0.2280702 -0.2238482 1.012328
0.3450292 -0.1984326 0.675962
0.2923977 -0.1699656 0.9323151
0.2923977 -0.2870447 1.133983
0.1461988 -0.2646439 1.203101
0.3216374 -0.2767558 0.9630284
0.2163743 -0.1672218 0.2393785
0.2690058 -0.291979 1.225238
0.502924 -0.3281596 0.822382
0.5438596 -0.03103776 0.5432381
0.3099415 -0.2848106 1.127809
0.3976608 -0.2212555 0.8756781
0.3684211 -0.1836988 0.855311
0.3040936 -0.1558881 0.8795041
0.3450292 -0.1858104 0.8791146
0.2163743 0.02589019 0.7202834
0.3333333 -0.275868 0.9879597
0.2573099 -0.3344773 1.123474
0.3684211 -0.2360448 0.8755102
0.4912281 -0.06331464 0.5083087
0.380117 -0.1496871 0.798224
0.5380117 -0.1081677 0.6175112
0.3216374 -0.1930207 0.8357337
0.3274854 -0.3716943 1.023802
0.4210526 -0.1747264 0.58188
