0.2046784 -0.3990083 1.181126
0.2280702 -0.5600669 1.240176
0.3684211 -0.2502298 0.9137529
0.4736842 -0.1793433 0.7506322
0.3918129 -0.232772 0.8358447
0.1812865 -0.2353858 1.435128
0.4269006 -0.2851216 0.8438578
0.374269 -0.2252603 0.8707221
0.2923977 -0.1560208 0.7729249
0.5321637 -0.1263624 0.6056768
0.2748538 -0.3910951 1.156282
0.4093567 -0.04697767 0.5824936
0.251462 -0.1200673 0.7536532
0.3333333 -0.3017505 1.081243
0.3918129 -0.230838 0.855442
0.2690058 -0.518148 0.9943982
0.2339181 -0.1514471 0.8016005
0.3391813 -0.3075832 0.9316051
0.2339181 -0.1077177 0.8946052
0.3333333 -0.2764996 0.8680597
0.3274854 -0.2422306 0.9186445
0.1695906 -0.8137441 1.884496
0.2807018 -0.2781469 1.180167
0.2690058 -0.1788466 0.978659
0.2631579 -0.1402178 0.9196736
0.2339181 -0.4192608 1.374811
0.2573099 -0.02134425 0.7149422
0.2748538 -0.2233292 1.082629
0.3274854 -0.1298386 0.6952826
0.3157895 -0.3079895 1.082875
0.3099415 -0.1681197 0.8391804
0.2397661 0.01726801 0.6552449
0.2923977 -0.2026568 1.170818
0.251462 -0.38648 1.006283
0.2865497 -0.4467303 1.187305
0.3450292 -0.1444047 0.7380591
0.3333333 -0.1953232 0.8890483
0.2807018 -0.1325261 0.8427504
0.251462 -0.2232008 0.8599504
0.3157895 -0.1895554 0.9232216
0.2631579 -0.02411912 0.8405302
0.3391813 -0.2378059 0.951037
0.3333333 -0.2203209 0.8168824
0.2573099 -0.09865277 0.892506
0.2690058 -0.1841718 0.9948989
0.1812865 -0.1499257 0.9029899
0.3391813 -0.2136487 0.9055497
0.2105263 -0.08566661 0.948991
0.2865497 -0.1706293 0.9675572
0.245614 -0.2084609 1.018461
0.2222222 -0.3176963 1.299246
0.2163743 -0.214826 0.9117401
0.2923977 -0.1438699 0.8627351
0.2923977 -0.3168899 1.102072
0.3040936 -0.2430913 1.029628
0.2982456 -0.2809871 0.861768
0.2982456 -0.01028608 0.5535972
0.1929825 -0.3978948 1.38828
0.2105263 -0.06720911 0.9079775
0.2982456 -0.1805279 0.885789
0.251462 -0.1921634 0.9872022
0.3099415 -0.3200773 1.100497
0.380117 -0.1562664 0.7654751
0.3333333 -0.04206057 0.44795
0.3567251 -0.2895457 0.9180209
0.3918129 -0.170022 0.7673746
0.374269 -0.2064507 0.8601503
0.2982456 -0.1004496 0.8062042
0.3040936 -0.1119283 0.5744184
0.4269006 -0.1439493 0.7475708
0.3450292 -0.2523782 0.9243876
0.2807018 -0.3888212 1.085496
0.4269006 -0.1841086 0.7086418
0.4093567 -0.2918117 0.8844642
0.2807018 -0.1818795 0.9756669
0.2865497 -0.2938239 1.138595
0.2982456 -0.1779085 0.6647155
0.3099415 -0.1351253 0.7430587
0.2222222 -0.3262904 1.13407
0.2631579 -0.242607 0.9950969
0.2807018 -0.007162354 0.6593256
0.3099415 -0.307866 1.028431
0.3157895 -0.2753093 0.5937615
0.2631579 -0.06228899 0.8239418
0.245614 -0.4301285 1.245848
0.2105263 -0.4104981 1.49654
0.1578947 -0.2508677 1.287031
0.2573099 -0.2189636 0.4573617
0.3450292 -0.1888708 0.8964929
0.1637427 -0.3120765 1.643979
0.2573099 -0.1118298 0.8865254
0.4327485 -0.2375215 0.7938055
0.2222222 -0.2209901 1.166258
0.2573099 -0.2291281 1.168735
0.2280702 -0.1819193 1.104722
0.2573099 -0.3798522 1.322936
0.245614 -0.524375 0.8681323
0.4035088 -0.2656822 0.8844293
0.3333333 -0.2097455 0.8000196
0.3684211 -0.2239612 0.8947971
0.2339181 -0.1341248 1.022937
0.2280702 -0.1377411 1.055328
0.2748538 -0.2027104 1.055639
0.2163743 -0.2191082 1.138041
0.251462 -0.04422363 0.7601468
0.2339181 -0.1991878 1.026248
0.3567251 -0.166563 0.795342
0.4269006 -0.2924736 0.9051921
0.3216374 -0.2516538 1.01621
0.1871345 -0.2199755 1.138604
0.2397661 -0.09540301 0.8978801
0.3508772 -0.0335161 0.4602951
0.2690058 -0.3513123 1.266952
0.2046784 0.08385652 0.2001236
0.2690058 -0.1830358 1.009467
0.1871345 -0.2149556 1.293599
0.3040936 -0.3651092 1.016957
0.2573099 -0.01782885 0.569205
0.3859649 -0.1794908 0.8612262
0.1812865 -0.4771697 1.843019
0.2046784 -0.565685 1.580928
