0.245614 -0.5126085 1.131108
0.2222222 -0.2851587 0.9130909
0.3216374 -0.2376533 1.012439
0.4853801 -0.3096026 0.7917223
0.5204678 -0.183344 0.6484984
0.4444444 -0.1833328 0.7377509
0.6023392 -0.2974756 0.7725138
0.1637427 -0.8401652 1.725314
0.3333333 -0.249185 0.8812236
0.245614 -0.05663339 0.8454374
0.2339181 -0.2618441 1.207806
0.2690058 -0.1629245 0.8499532
0.3216374 -0.2659865 0.9874811
0.2748538 -0.2885161 1.117637
0.3157895 -0.33505 1.060476
0.4327485 -0.2977909 0.8965848
0.3918129 -0.2729143 0.8477463
0.2631579 -0.3163533 1.214237
0.3333333 -0.4338342 1.043488
0.3391813 -0.1243574 0.775808
0.245614 0.1319704 0.02667666
0.2748538 -0.3150303 1.171329
0.2631579 -0.09263059 0.8263865
0.245614 -0.2140923 1.089895
0.2631579 -0.1519151 0.9424471
0.3976608 -0.24549 0.8832315
0.3157895 -0.3456215 1.112592
0.3859649 -0.2959791 0.921843
0.2573099 -0.2287332 1.125054
0.2807018 -0.1001455 0.8455749
0.3333333 -0.2346396 0.9326427
0.3099415 -0.191056 0.9482634
0.380117 -0.2275201 0.8963001
0.2748538 -0.3593923 1.094783
0.2865497 -0.3429542 1.117615
0.3216374 -0.329267 1.117238
0.251462 -0.2709688 1.069364
0.4736842 -0.03568912 0.2215575
0.2163743 -0.2817041 1.431888
0.5380117 -0.350323 0.8371294
0.2397661 -0.414139 1.261571
0.251462 -0.3532502 1.218338
0.2923977 -0.2367289 1.018462
0.251462 -0.3858088 1.17238
0.2105263 -0.5080406 1.630343
0.3216374 -0.2116199 0.9372315
0.2163743 -0.2405763 1.303441
0.2807018 -0.2205469 1.038513
0.2923977 -0.2579055 1.033268
0.380117 -0.06339687 0.6801416
0.2046784 -0.8780024 1.182152
0.2631579 -0.2268528 1.138249
0.2807018 -0.4283527 0.9325729
0.3157895 -0.1801086 0.7622612
0.4327485 -0.1667477 0.7618558
0.4678363 -0.1936088 0.7108825
0.3274854 -0.2562111 1.012198
0.4210526 -0.1841915 0.5715887
0.3216374 -0.2048167 0.9450054
0.3508772 -0.3425024 1.01755
0.3216374 -0.237785 0.9677147
0.3157895 -0.2551289 1.050081
0.1929825 -0.2960365 1.488404
0.2573099 -0.3008003 1.144888
0.3157895 -0.1794593 0.9291359
0.3040936 -0.05231447 0.4254492
0.4152047 -0.1806917 0.7590673
0.3567251 -0.08557317 0.7751838
0.2865497 -0.3095563 1.151892
0.3391813 -0.1779272 0.8370445
0.2807018 -0.3117892 1.106512
0.245614 -0.5054998 1.527224
0.5146199 0.01026586 0.4215672
0.3391813 -0.3281516 1.063389
0.3391813 -0.1734613 0.7531456
0.3099415 -0.1924075 0.8605786
0.2105263 -0.4625683 1.605702
0.2163743 -0.08857772 0.903265
0.1754386 -0.3606952 1.230221
0.3508772 -0.1881763 0.8625958
0.3976608 -0.2049614 0.8365572
0.2807018 -0.2310438 1.091768
0.3333333 -0.2465413 0.8445516
0.3333333 -0.3591244 1.101958
0.3684211 -0.08491218 0.7084866
0.2163743 -0.4269587 1.184553
0.3040936 -0.2122433 0.99336
0.502924 -0.3088001 0.8117379
0.380117 -0.1546573 0.8102536
0.2280702 -0.2547868 1.296473
0.3274854 -0.2756277 0.9336091
0.2163743 -0.4784176 1.609852
0.3625731 -0.1552681 0.8392333
0.3274854 -0.3088509 1.065622
0.2339181 -0.3491574 1.296234
0.3567251 -0.2198363 0.8983909
0.3040936 -0.2394856 0.9408416
0.2748538 -0.06109103 0.7119237
0.2748538 -0.2315618 0.8893214
0.5204678 -0.2125055 0.7218815
0.3625731 -0.2497242 0.9602239
0.4561404 -0.2624555 0.8394555
0.4795322 -0.1880608 0.7155859
0.2690058 -0.4882897 1.286637
0.2163743 -0.3903997 1.439777
0.4619883 -0.2589788 0.8053039
0.2280702 -0.1841803 1.077087
0.2865497 -0.319463 1.204967
0.2807018 -0.2513493 1.054164
0.1871345 -0.6015604 1.825743
0.3274854 -0.09943719 0.7409592
0.1929825 -0.06998978 0.8709312
0.3274854 -0.3476035 1.080495
0.3157895 -0.3526977 1.115944
0.3859649 -0.2032307 0.8141154
0.3274854 -0.27903 1.033554
0.3391813 -0.3599501 1.014672
0.3157895 -0.03521864 0.6602613
0.2280702 -0.2330151 1.142705
0.374269 -0.2128094 0.8432154
0.3157895 -0.2028171 0.9539101
0.2807018 -0.2520845 1.056009
0.1520468 -0.08959226 1.052127
0.2046784 -0.04983811 0.8318328
0.2865497 -0.443625 1.23613
0.3157895 -0.3250412 1.095989
0.4561404 -0.1637505 0.7062742
0.2865497 -0.2642161 0.6692082
0.2280702 -0.2416697 1.236385
0.4093567 -0.3560526 0.8543659
0.2748538 -0.2215542 0.9302097
0.2982456 -0.2420505 1.040072
0.2690058 -0.4576299 1.212504
0.2222222 -0.2954753 1.294205
0.3157895 0.03349037 0.5257891
0.3157895 -0.1549032 0.95622
0.2280702 -0.3159209 1.099379
0.4678363 -0.1702335 0.7204013
0.2397661 -0.1946254 1.103161
0.2923977 -0.3672482 1.176038
0.3450292 -0.2991719 0.940582
0.2807018 -0.2300358 0.9977192
0.3099415 -0.2521737 0.8966944
0.3391813 -0.3010611 1.056657
0.2163743 -0.04197196 0.8231801
0.3157895 -0.287861 1.019554
0.3099415 -0.1995298 0.8470054
0.3508772 -0.1554872 0.8188855
0.2690058 -0.1691132 1.019288
0.2631579 -0.5177433 1.200731
0.245614 -0.2592404 1.128552
0.3333333 -0.3014029 1.076574
0.3391813 -0.327586 1.094183
0.2163743 -0.5056015 1.512868
0.251462 -0.2738049 1.163765
0.2339181 -0.07410474 0.5212271
0.4619883 -0.258869 0.7952894
0.2807018 -0.09176555 0.8235592
0.4736842 -0.1440097 0.715724
0.2748538 -0.2609791 1.101924
0.3391813 -0.09410911 0.8071384
0.2397661 -0.2271721 1.194804
0.2631579 -0.02908887 0.6205653
0.251462 -0.4707425 1.286864
0.2748538 -0.3739044 1.188799
0.3567251 -0.1906535 0.7521805
0.3216374 -0.3008547 1.037941
0.4327485 -0.2655257 0.8846664
0.3567251 -0.3039319 0.981591
0.2982456 -0.2614056 1.041399
0.4210526 -0.2644596 0.793091
0.2982456 -0.1549624 0.934536
0.3157895 -0.1890341 0.9077374
0.4210526 -0.2489603 0.8555712
0.1929825 -0.1712547 0.9486227
0.1929825 -0.09118141 0.9216331
0.2046784 -0.5200506 1.708871
0.2923977 -0.1341928 0.8820205
0.3333333 -0.1989194 0.9117972
0.245614 -0.2928282 1.25507
0.1812865 -0.3984838 1.576967
0.2163743 -0.2044687 1.025017
0.3450292 -0.3238126 1.062718
0.2807018 -0.2991978 1.134235
0.374269 -0.1842127 0.8414006
0.3333333 -0.2195915 0.898339
0.2573099 -0.2646075 1.175022
0.3099415 -0.1891367 0.9472797
0.3567251 -0.138579 0.8258318
0.245614 -0.2696176 1.011715
0.3391813 -0.2142974 0.9452911
0.3099415 -0.3248763 1.163984
0.2807018 -0.1343863 0.8025121
0.4152047 -0.1843047 0.7915291
0.2631579 -0.2162008 1.090392
0.2631579 -0.1564942 0.8402641
0.251462 -0.2751355 1.199485
0.251462 -0.1484369 1.036746
0.2046784 -0.1864253 1.228209
0.3333333 -0.2671505 0.9864778
0.251462 -0.2704939 1.170928
0.3859649 -0.1034461 0.644512
0.3918129 -0.252738 0.8510814
0.3099415 -0.290273 1.108912
0.3157895 -0.2902781 1.033376
0.3450292 -0.1453732 0.8555417
0.3099415 -0.2462604 0.9744021
0.3040936 -0.1397571 0.8767417
0.4619883 -0.1996118 0.7525315
0.3684211 -0.05046416 0.6934317
0.4444444 -0.1748884 0.7712579
