0.4385965 -0.6788956 0.4094671
0.4853801 -0.3248796 0.9070684
0.4736842 -0.2827022 0.8900797
0.4795322 -0.3610582 0.9224955
0.3450292 -0.00974786 -0.2610331
0.5146199 -0.3011461 0.8743555
0.4561404 -0.2860671 0.9304288
0.8362573 -5.733116 6.173903
0.4502924 -0.309764 0.9195459
0.7368421 -0.197297 0.6663129
0.7251462 -0.2165895 0.6771372
0.380117 -0.3430694 1.18393
0.4093567 -0.3110759 0.9885517
0.5847953 -0.204671 0.7033902
0.5380117 -0.3187241 0.8437693
0.3508772 -0.4545731 1.364539
0.2748538 -0.628093 1.77166
0.8187135 -0.09542882 0.5252095
0.7309942 -0.003883498 0.3688718
0.4795322 -0.3616263 0.9927777
0.7719298 -0.08212004 0.5003246
0.5906433 -0.440335 0.8897221
0.4795322 -0.3978396 0.9340009
0.5964912 0.912695 -0.9880589
0.4327485 -0.2386243 0.8927747
0.8538012 0.365647 0.02179082
0.7836257 -0.1399809 0.5692709
0.871345 -6.550313 6.994239
0.8187135 -0.05990991 0.4797167
0.4269006 -0.350605 0.9852788
0.4269006 -0.3832154 1.018456
0.7602339 -0.780007 1.193281
0.3391813 -0.3920564 1.235705
0.8011696 -0.5287606 0.9340695
0.6374269 -0.2038998 0.7150968
0.6140351 -0.2617459 0.7442898
0.871345 -1.588436 2.076975
0.7134503 -0.2709474 0.7131993
0.7017544 -0.4608338 0.8824486
0.7309942 -0.2048551 0.644011
0.8304094 -1.712709 2.128532
0.4912281 -0.2104278 0.5252316
0.9649123 -5.772663 6.752398
0.2690058 -0.4737529 1.740412
0.6315789 -2.868086 3.197799
0.6900585 -0.3974862 0.8271294
0.5087719 -0.2920581 0.8614954
0.8070175 -0.08241183 0.555838
0.380117 -0.377671 1.132684
0.4269006 -0.342866 0.9871168
0.5380117 -0.2451994 0.8131037
0.6140351 -0.4496023 0.8971747
0.5906433 -0.3237687 0.8046905
0.3099415 -0.3339155 1.232833
0.625731 -0.3716437 0.8217427
0.6140351 -0.3084636 0.8102628
0.6725146 -0.3115257 0.7773577
0.4561404 -0.4360976 1.575334
0.8245614 -0.1923956 0.7215488
0.6374269 -0.2908721 0.7354236
0.8654971 -1.781837 2.200616
0.7953216 -0.2490058 0.66565
0.6959064 -0.1833018 0.6286837
0.6842105 -0.05689237 0.5240026
0.6549708 -0.2195034 1.208032
0.5087719 -0.2043834 0.8135206
0.6140351 -0.1325434 0.6380447
0.7368421 -0.4323569 0.8660387
0.3976608 -0.3920536 1.091941
0.4678363 -0.0949114 0.5537755
0.5730994 -0.3133098 0.8176006
0.5672515 -0.2057334 0.7612351
0.8070175 -2.118725 2.49511
0.6783626 -0.3411384 0.7873867
0.4795322 -0.2583765 0.8756629
0.7836257 -1.585047 1.98726
0.6842105 -0.6807239 1.166599
0.5847953 -0.3038601 0.816656
0.7309942 -0.4142261 0.834803
0.6666667 -0.3135634 0.7855538
0.8304094 0.2221691 0.1313211
0.2923977 -0.5984539 1.629032
0.4385965 -0.3410248 0.9604734
0.7368421 -0.1960306 0.6205027
0.9298246 -5.838698 6.395184
0.4152047 -0.4218827 1.093626
0.497076 -0.3021671 0.8665602
0.7076023 -0.2656823 0.7057199
0.9356725 -6.62302 7.237687
0.3216374 -0.7082431 1.581165
0.5964912 -0.2941596 0.7923498
0.6842105 -0.2762203 0.7190007
0.9298246 -6.290711 6.84215
0.5906433 -0.6653909 1.053493
0.3391813 -0.4244611 1.263853
0.4385965 -0.3243401 0.945096
0.6432749 -0.4074734 0.8439851
0.7894737 -1.243862 1.653466
0.7953216 -0.4942684 0.8859154
0.8128655 -1.036735 1.438555
0.6900585 -0.2733579 0.7283355
0.5438596 -0.3297119 0.8367816
0.5906433 -0.2658836 0.767444
0.4561404 -0.3010767 0.9761572
0.877193 -2.301444 3.572558
0.871345 -1.187348 2.293267
0.871345 -0.4684646 0.8588022
0.7134503 -1.097129 1.473669
0.6842105 -0.2820765 0.7402557
0.6432749 -0.09710814 0.5500435
0.5204678 -0.3047357 0.8462448
0.5964912 -0.2181586 0.725583
0.4327485 -0.3347582 0.9928717
0.625731 -0.2999216 0.7659073
0.8187135 -0.8088019 1.227267
0.4912281 -0.313088 0.8776214
0.5438596 -0.3279326 0.8304888
0.7836257 -0.1756398 0.6105325
0.5263158 -0.2229993 0.7792966
0.9707602 -6.328442 10.14001
0.8947368 1.173468 -0.806915
0.2807018 -0.6164214 1.923994
0.3567251 -0.3200193 1.105913
0.3216374 -0.4206363 1.329753
0.4444444 -0.3447852 0.9656142
0.8304094 0.6092582 -0.1748542
0.8479532 -5.055155 5.605118
0.7309942 -0.3826648 0.8028597
0.5789474 -0.06099789 0.3020576
0.6081871 -0.6547545 1.209116
0.6608187 -1.196929 1.578046
0.7017544 -0.01907712 0.2561589
0.7368421 -0.2785698 0.7244246
0.6140351 -0.5100268 0.9044015
0.7777778 -0.670736 1.076793
0.6491228 -0.1768214 0.6492816
0.6959064 -0.2847393 0.752717
0.5555556 -0.02608557 0.5759095
0.5204678 -0.3263555 1.57463
0.374269 -0.5365749 1.372963
0.5614035 -0.2237522 0.7333899
0.4678363 -0.2920362 0.89319
0.4269006 -0.4770055 1.284736
0.619883 -0.1689022 0.6809558
0.5204678 -0.2548549 0.8001915
0.4152047 -0.3731522 1.202587
0.5087719 -0.3379079 0.8788122
0.5380117 -0.3376079 0.8578719
0.380117 -0.3889941 1.135669
0.4327485 -0.2770854 0.9158138
0.3684211 -0.4183244 1.245305
0.4678363 -0.2914148 0.9542645
0.7719298 0.8483609 -0.3646148
0.5438596 -0.3135996 0.8256737
0.5380117 -0.3067894 0.8386877
0.5614035 -0.2494183 0.7738543
0.3567251 -0.4784172 1.290607
0.5438596 -0.2374165 0.7717701
0.4327485 -0.3350791 0.9703137
0.3333333 -0.3437141 1.220077
0.9473684 -2.108454 3.792072
0.625731 -0.5654447 0.9769637
0.6432749 -0.4703721 0.8894455
0.6666667 -0.6228815 1.03226
0.4678363 -0.3375531 0.9385212
0.8830409 -6.360141 6.79545
0.748538 -0.413105 0.8439673
0.5438596 -0.2028732 0.8116133
0.5204678 -0.1413934 0.6944187
0.5380117 -0.3127935 0.8380638
0.5087719 -0.3307561 0.8685846
0.6315789 -0.5805382 0.9941718
0.6081871 -0.3993763 0.8543388
0.7192982 0.2651937 0.1756995
0.5263158 -0.233378 0.7817004
0.871345 -9.10382 9.555836
0.5730994 -0.2469064 0.7785868
0.7426901 -0.9888955 1.119555
0.3684211 -0.4001432 1.202424
0.3099415 -0.3483583 1.322844
0.5146199 -0.2867887 0.8446457
0.3099415 -0.6413288 1.80261
0.754386 -0.7332125 1.135769
0.502924 0.3889921 0.8779822
0.3333333 -0.35338 1.2395
0.4736842 -0.571649 1.269504
0.4269006 -0.2618905 0.9294065
0.7134503 -0.7405976 1.173503
0.5730994 -0.3754172 0.8478762
0.7426901 -0.6049879 1.011836
0.502924 0.125651 0.2550561
0.4619883 -0.2769404 0.7252625
0.748538 -0.5503337 0.9549566
0.3216374 -0.5170857 1.467279
0.5614035 -0.2835275 0.7849457
0.7894737 -2.081028 2.486027
0.3157895 -0.4463903 1.37556
0.7134503 -0.4519872 0.8607604
0.8421053 1.297174 -0.7217224
0.4736842 -0.3467168 0.9148494
0.4269006 -0.3565376 1.014307
