0.6374269 -0.09966088 0.5437864
0.2982456 -0.3146944 1.167262
0.2222222 -0.2357818 1.251769
0.380117 -0.2034443 0.8453879
0.1812865 -0.4596367 1.648744
0.3040936 -0.281662 1.089092
0.3157895 -0.3688006 1.123839
0.3450292 -0.2040653 0.9172901
0.3918129 -0.262778 0.9039797
0.2690058 -0.1837376 0.9524076
0.2865497 -0.232585 1.086537
0.6725146 -0.1989316 0.6565855
0.625731 0.1459211 0.3103601
0.5497076 -0.3572232 0.7898926
0.3684211 -0.3199158 0.96813
0.7251462 -0.002708689 0.3601352
0.6374269 -0.04766822 0.4595105
0.4269006 -0.2427946 0.8265452
0.3625731 -0.2740704 0.9667155
0.3040936 -0.116059 0.7935526
0.4210526 -0.1781486 0.8400763
0.5730994 -0.1149879 0.5929863
0.3099415 -0.1734094 0.932754
0.5263158 -0.09929916 0.584188
0.6374269 -0.4403523 0.8290252
0.497076 -0.272326 0.8294106
0.7777778 -0.2411202 0.6475079
0.3099415 -0.1995912 0.8962617
0.4035088 -0.158171 0.7455477
0.5847953 -0.1676919 0.6438309
0.5730994 -0.2803408 0.7431872
0.4561404 -0.4724902 0.7589955
0.5438596 -0.301421 0.7962103
0.6432749 -0.1834322 0.6235614
0.619883 -0.2743282 0.7098961
0.4269006 -0.2496668 0.8296944
0.4678363 -0.1052357 0.5188527
0.4502924 -0.1169889 0.7049766
0.3567251 -0.1419223 0.7220012
0.3976608 -0.2779151 0.9218841
0.2923977 -0.2972124 0.9529092
0.2748538 0.07536167 0.4016032
0.4912281 -0.1226119 0.6518473
0.251462 -0.2641557 1.083624
0.4210526 -0.265692 0.8326081
0.5497076 -0.2245911 0.7298152
0.1929825 -0.3358533 1.517315
0.6549708 0.2150359 0.2706188
0.2923977 -0.286275 1.134843
0.374269 -0.1538098 0.709382
0.3040936 -0.1823048 0.975687
0.3450292 -0.1741525 0.7977823
0.4853801 -0.04993207 0.4865305
0.6374269 -0.009249206 0.46587
0.5789474 0.09784891 0.3751959
0.4444444 -0.2454496 0.8605822
0.3684211 -0.2735043 0.922096
0.5146199 -0.3016145 0.8440972
0.6140351 -0.2755455 0.7590544
0.3684211 -0.2369525 0.8310864
0.5497076 -0.1736578 0.6893385
0.3099415 -0.208045 0.9690439
0.4093567 -0.1968018 0.7822033
0.2573099 -0.1429757 0.9863176
0.4561404 -0.07040557 0.5318763
0.3567251 -0.1671128 0.5744272
0.3859649 -0.3240974 0.971552
0.4912281 -0.3374705 0.8565176
0.374269 -0.2070569 0.8543154
0.1871345 -0.4137559 1.317009
0.3684211 -0.1413219 0.7640831
0.2690058 -0.3236435 1.229846
0.374269 -0.2078907 0.8429718
0.3274854 -0.1683138 0.860257
0.1988304 -0.2562966 1.413182
0.374269 -0.2132244 0.8101596
0.3450292 -0.2458083 0.9269467
0.2982456 -0.1427089 0.8380492
0.1929825 -0.3154385 1.285143
0.5614035 0.05757105 0.3818702
0.3391813 -0.202469 0.8528801
0.4210526 -0.1382036 0.6955507
0.2865497 -0.08206914 0.8044365
0.4502924 -0.09719743 0.5356296
0.4385965 -0.2257505 0.6487658
0.2982456 -0.3343426 1.165426
0.502924 -0.3268768 0.8325767
0.4678363 -0.1114601 0.6182868
0.4502924 -0.2834955 0.8501798
0.4678363 -0.2313971 0.7585053
0.4269006 -0.1283363 0.7307802
0.4327485 -0.1887881 0.8189908
0.2339181 -0.279728 1.216138
0.251462 -0.3864271 1.071496
0.4385965 -0.1309046 0.6464167
0.1988304 -0.09211349 1.059222
0.3333333 -0.2930282 1.052349
0.4210526 -0.2059259 0.8167031
0.3684211 -0.1227412 0.711686
0.1929825 -0.5376241 1.621678
0.3040936 -0.1075369 0.7595455
0.4269006 -0.1207003 0.7836543
0.245614 -0.1766477 1.003661
0.4795322 -0.2645394 0.8249063
0.3918129 -0.2539253 0.9132961
0.4385965 -0.1998269 0.7855144
0.2982456 -0.2159156 1.012675
0.3333333 -0.06867893 0.7387583
0.5438596 -0.2060859 0.7305293
0.3859649 -0.2133382 0.8389022
0.7309942 -0.09018705 0.5648274
0.4035088 -0.2118061 0.8397462
0.625731 -0.1051902 0.5541079
0.3976608 -0.1663486 0.7529842
0.619883 -0.1625737 0.6307662
0.6374269 -0.258926 0.7169308
0.2573099 -0.2112737 1.11902
0.3625731 -0.1860991 0.8903744
0.4561404 -0.2357195 0.8393217
0.4269006 -0.07954845 0.6816013
0.4152047 -0.1126198 0.6665864
0.497076 -0.1493628 0.6559065
0.3684211 -0.1571368 0.83761
0.3625731 -0.203103 0.8076195
0.1929825 -0.464401 1.369893
0.3625731 -0.1512144 0.8409115
0.3508772 -0.2767586 0.9150782
0.4502924 -0.245303 0.7948689
0.2397661 -0.09120439 0.5412038
0.2748538 -0.2875958 1.14912
0.3216374 -0.1649771 0.9082234
0.3508772 -0.1577108 0.8313693
0.4093567 -0.3151307 0.9853623
0.374269 -0.309211 0.9780936
0.4093567 -0.2632517 0.8881065
0.6491228 -0.3079167 0.6981123
0.2982456 -0.1401958 0.8493894
0.4619883 -0.2694723 0.8182665
0.374269 -0.1158183 0.7359034
0.4736842 -0.1540697 0.692884
0.3450292 -0.0639582 0.7227535
0.3216374 -0.2340988 0.9836129
0.245614 -0.1629372 0.9007456
0.3274854 -0.176729 0.895233
0.3625731 -0.2584784 0.9604746
0.3157895 -0.2583912 1.046845
0.3040936 -0.1067483 0.7682398
0.3157895 -0.2138324 0.9772081
0.2690058 -0.2355638 0.840628
0.4269006 -0.2177308 0.8496641
0.2163743 -0.3917471 1.538326
0.4619883 -0.1120316 0.6827112
0.5263158 -0.267612 0.7789799
0.497076 0.03074458 0.3767565
0.3216374 -0.1894532 0.9421738
0.245614 -0.2755989 1.222272
0.2748538 -0.3886458 1.283332
0.4619883 -0.2770405 0.8917601
0.2280702 -0.3285216 1.372084
0.380117 -0.1414115 0.7367027
0.4210526 -0.1183021 0.7024559
0.2397661 -0.1636398 0.8928534
0.5906433 -0.2328236 0.6889085
0.3274854 -0.1682621 0.8100961
0.2690058 -0.140986 1.036678
0.2807018 -0.1543103 0.9067646
0.6081871 0.02837967 0.4436992
0.4795322 -0.1462505 0.6674917
0.5614035 -0.1000353 0.5688476
0.8479532 -1.396492 1.836048
0.4561404 -0.1612527 0.7113502
0.3918129 -0.204212 0.8436844
0.4269006 -0.2326439 0.826134
0.3040936 -0.2130448 0.9209799
0.502924 -0.3080257 0.7995057
0.3918129 -0.3242084 0.965487
0.4795322 -0.09373698 0.6363118
0.2982456 -0.235565 0.9745681
0.4619883 -0.1123993 0.6411137
0.5964912 -0.1965628 0.6732416
0.6549708 0.02783198 0.35865
0.5146199 -0.2119365 0.7146706
0.251462 -0.2702051 1.062491
0.4444444 -0.3071142 0.8478258
0.5321637 -0.2516128 0.736745
0.4152047 -0.07676518 0.7082635
0.2222222 -0.1287054 0.9360308
0.3918129 -0.1757682 0.5261452
0.3157895 -0.2840133 1.082562
0.374269 -0.2572061 0.9183213
0.5730994 -0.1992808 0.7315957
0.2397661 -0.2338672 0.9815932
0.4035088 -0.05502183 0.6509549
0.3274854 -0.3093593 1.063912
0.2982456 -0.323211 1.055245
0.1871345 -0.177671 1.224204
0.3157895 -0.2777877 1.05966
0.3976608 -0.1203032 0.7417907
0.4502924 -0.2469627 0.8103395
0.4853801 -0.2648723 0.7950927
0.4561404 -0.1589438 0.7395475
0.3859649 -0.1940943 0.8329723
0.245614 -0.3689761 1.33791
0.497076 -0.09560277 0.6015495
0.3625731 -0.2195441 0.88994
0.3625731 -0.1920244 0.850893
0.374269 -0.05147306 0.6594457
0.3625731 -0.2200574 0.8916538
0.2807018 -0.2826955 1.14571
0.3391813 -0.2018319 0.8519923
0.4035088 -0.1362697 0.7840259
0.5087719 0.06099553 0.3554381
0.3450292 -0.1753792 0.8196761
0.3976608 -0.1883339 0.8228527
0.4035088 -0.3422926 0.9570372
