0.5847953 -0.110544 0.5071435
0.3976608 -0.1786759 0.7690344
0.5555556 -0.3473494 0.8257394
0.5555556 -0.2795337 0.7599852
0.502924 -0.1950012 0.6844297
0.4619883 -0.1745761 0.718002
0.5087719 0.3027564 0.2311645
0.3274854 -0.122633 0.7744698
0.6081871 -0.1386838 0.5905241
0.6023392 -0.3176102 0.7528245
0.5497076 -0.04700647 0.5486729
0.3684211 -0.2651087 0.9108931
0.3040936 -0.262631 1.072437
0.7017544 -0.3165148 0.72387
0.4444444 -0.3428639 0.9034211
0.7426901 -0.1642776 0.5885825
0.6374269 -0.2898784 0.7164168
0.748538 -0.4827582 0.8676915
0.5906433 0.05565399 0.3454834
0.5204678 -0.2453411 0.7605996
0.497076 -0.3443492 0.8300233
0.3684211 -0.0758279 0.7544295
0.3391813 -0.2143079 0.9071726
0.6900585 -0.3172556 0.724965
0.3333333 -0.2723166 1.017651
0.5438596 -0.1619686 0.5678626
0.2222222 -0.2222143 1.253952
0.5146199 -0.08047529 0.5486199
0.4678363 -0.2748612 0.8016389
0.5380117 -0.2261987 0.7416753
0.380117 -0.214 0.8388685
0.374269 0.01434757 0.4276211
0.5964912 -0.1029183 0.5762446
0.3391813 -0.2538917 0.9612444
0.5204678 -0.05138186 0.5572278
0.619883 -0.2078895 0.6821856
0.3391813 -0.07080124 0.7199062
0.4152047 -0.1886209 0.788341
0.5204678 -0.2960984 0.8040277
0.3391813 -0.07212679 0.7047941
0.3099415 -0.2073743 0.9524163
0.5614035 -0.2288729 0.7124825
0.5847953 -0.1535172 0.5929579
0.6432749 -0.3258554 0.7514161
0.5847953 -0.1492313 0.6440104
0.5964912 -0.137268 0.5591141
0.4795322 -0.198883 0.7470196
0.5438596 -0.1147925 0.6092106
0.4152047 -0.1953608 0.8234634
0.5380117 -0.217618 0.7286495
0.5321637 -0.4214316 0.7971484
0.7953216 -0.4896093 0.8844744
0.4502924 -0.1633501 0.7079776
0.6081871 -0.06432665 0.5039197
0.4269006 -0.2641714 0.8658677
0.4385965 -0.09335424 0.6565524
0.4327485 -0.1151614 0.7454821
0.4210526 -0.1730914 0.7647477
0.380117 -0.1059114 0.703649
0.5263158 -0.3023658 0.7853731
0.4853801 -0.3240762 0.8200698
0.5789474 0.01428439 0.5104951
0.5730994 -0.2667047 0.7399515
0.3976608 0.03667791 0.4808207
0.3567251 -0.179805 0.8119942
0.6783626 -0.2228047 0.6698234
0.2923977 -0.3056612 1.02094
0.4093567 -0.3444259 0.9210526
0.4269006 -0.2095333 0.7950333
0.4385965 -0.1396955 0.7390435
0.6783626 -0.03746565 0.4307878
0.8011696 -0.1664935 0.5599358
0.4736842 -0.1428393 0.6430845
0.4912281 -0.09878231 0.5962222
0.497076 -0.2335114 0.7666055
0.380117 -0.1579021 0.7949627
0.3274854 -0.2131545 0.9142508
0.3274854 -0.2241151 0.9135783
0.2923977 -0.2637717 1.038883
0.4152047 -0.07739461 0.5993652
0.3157895 -0.2199043 0.9946752
0.4385965 -0.1235655 0.7126109
0.2222222 -0.1244238 0.7903374
0.3040936 -0.3531334 0.9079918
0.2865497 -0.2084056 1.034574
0.2631579 -0.2158836 0.7915099
0.2807018 -0.2000117 1.020638
0.4502924 -0.2177301 0.788323
0.251462 -0.3457167 1.248114
0.4678363 -0.1958552 0.7385498
0.6081871 -0.1792827 0.6562374
0.5964912 -0.08347168 0.5201806
0.3859649 -0.2349466 0.9110666
0.6842105 -0.1694239 0.6274942
0.5847953 -0.009900601 0.4687027
0.5964912 -0.1347008 0.5911107
0.7426901 -0.304669 0.7289214
0.4327485 -0.30695 0.8861018
0.3918129 -0.459598 0.9531182
0.3450292 -0.1709573 0.841135
0.2982456 -0.2122397 0.9760886
0.6491228 -0.2700426 0.6973661
0.3157895 -0.1551734 0.8687614
0.4678363 -0.1515605 0.6766708
0.2631579 -0.5301527 1.467251
0.4093567 -0.04744985 0.609418
0.3391813 -0.1553502 0.8409288
0.3918129 -0.1519655 0.6903019
0.2865497 -0.16612 0.9317055
0.4385965 -0.3296408 0.8748868
0.3216374 -0.3238033 1.080774
0.2923977 -0.1405729 0.7424023
0.4152047 -0.1675355 0.7167625
0.4736842 -0.2584634 0.828301
0.2631579 -0.2315861 1.03687
0.380117 -0.05869178 0.6935207
0.5847953 -0.3031417 0.7727573
0.2807018 -0.5128022 1.380666
0.5906433 -0.2343062 0.7134478
0.3567251 0.02161749 0.5314318
0.380117 -0.08124319 0.6981914
0.502924 -0.1839455 0.7098287
0.6140351 -0.1172162 0.5552445
0.7309942 -0.46025 0.8627336
0.5380117 -0.2243578 0.726503
0.4912281 -0.1874372 0.7565199
0.3567251 -0.1587397 0.7941917
0.5672515 -0.1237503 0.613668
0.3508772 -0.1734764 0.7962427
0.4210526 -0.2256381 0.8722449
0.2807018 -0.3007433 1.090271
0.5614035 -0.08261044 0.523904
0.5438596 -0.1343588 0.6665021
0.6666667 -0.2995364 0.7390449
0.4502924 -0.1215592 0.5905194
0.4795322 -0.2501925 0.7855666
0.6608187 -0.1000522 0.5404211
0.4444444 -0.349053 0.8862084
0.4210526 -0.107151 0.7266445
0.4269006 -0.2377872 0.8253466
0.2690058 -0.183639 1.013708
0.2163743 -0.1602723 1.164028
0.1929825 -0.2068313 1.299188
0.3333333 -0.3458993 0.8701268
0.5555556 -0.4063036 1.069527
0.619883 -0.1530534 0.6077047
0.497076 -0.1857734 0.7809849
0.4561404 -0.3123623 0.8641228
0.4444444 -0.04764205 0.578739
0.5321637 -0.182268 0.6651387
0.4444444 -0.2035634 0.7793375
0.2748538 -0.2097896 1.081661
0.4853801 -0.337614 0.8298506
0.3391813 -0.08380459 0.7576581
0.4619883 -0.2771023 0.8223891
0.5087719 -0.2150347 0.7013986
0.3391813 -0.2142989 0.8979663
0.4035088 -0.1423846 0.7434149
0.3040936 0.01349919 0.4111827
0.5847953 -0.1885539 0.7135099
0.2690058 -0.1405814 0.9250275
0.3918129 -0.1949432 0.8756993
0.2807018 -0.1864699 0.9666503
0.3333333 -0.1455886 0.7660096
0.4035088 -0.1845584 0.7479756
0.245614 -0.2129877 0.9615551
0.3040936 -0.2476383 0.9689217
0.3040936 -0.2708404 0.9877706
0.4385965 -0.2489264 0.8233237
0.3274854 -0.2764838 1.054601
0.2631579 -0.2835826 1.164407
0.2865497 -0.2163323 1.034037
0.3508772 -0.3049622 1.053497
0.4561404 -0.08314604 0.6247793
0.2163743 -0.3811144 1.497584
0.4444444 -0.06371064 0.5926862
0.5497076 -0.256565 0.6936415
0.5672515 -0.0268128 0.4921373
0.4853801 -0.1781883 0.7336547
0.2748538 -0.1749269 1.04718
0.374269 -0.2576412 0.9037001
0.4152047 -0.1090767 0.6640831
0.3216374 -0.007392634 0.4651805
0.5087719 -0.2134253 0.7432619
0.380117 -0.0732045 0.6919431
0.2923977 -0.2799271 1.026239
0.5380117 -0.1810104 0.7017339
0.502924 -0.06246079 0.5416833
0.4269006 -0.1439941 0.7575486
0.5438596 0.008115884 0.4014849
0.3625731 -0.2329971 0.9456991
0.4853801 -0.1952168 0.729421
0.6140351 -0.2463343 0.7251822
0.4736842 -0.1814508 0.7116593
0.4678363 -0.2121034 0.7608851
0.4444444 -0.05959637 0.5849319
0.3508772 -0.09403748 0.7861617
0.619883 -0.0534638 0.521469
0.5964912 -0.1271945 0.5891535
0.8070175 -0.3926093 0.7723769
0.4619883 -0.1121634 0.6474783
0.5263158 -0.2519278 0.7812674
0.2631579 -0.5053176 1.481489
0.380117 -0.2938651 0.9790916
0.4385965 -0.3181791 0.8717949
0.3040936 -0.1482465 0.9309092
0.4385965 -0.215516 0.7956001
0.6315789 -0.141529 0.5876901
0.2280702 -0.6840392 1.633306
0.2690058 -0.3109722 1.250158
0.4035088 -0.07714094 0.6504432
0.3684211 -0.07728486 0.7425542
0.497076 -0.08326919 0.5949658
0.4152047 -0.2310552 0.8367763
0.4035088 -0.1460333 0.7073872
0.4561404 -0.1429475 0.6716268
0.3508772 -0.1185916 0.7687491
0.4561404 -0.1797742 0.7458308
0.5380117 -0.1972994 0.6876503
0.3918129 -0.1891809 0.8518232
0.5847953 -0.254533 0.7348826
0.4853801 -0.1829655 0.7769102
0.245614 -0.3006608 1.255717
0.4795322 -0.1557947 0.7122343
0.4444444 -0.2020284 0.755162
0.374269 -0.1644634 0.821633
0.2631579 -0.001145697 0.6953782
0.2748538 -0.06351661 0.7531467
0.3157895 -0.2571356 0.9124564
0.3274854 -0.5753166 1.026192
0.3040936 -0.2672444 1.086149
0.4327485 -0.188229 0.6913853
0.4619883 -0.0804801 0.5706582
0.5555556 -0.01494129 0.4077875
0.5146199 -0.2724711 0.737968
0.4853801 -0.06296248 0.5473625
0.3274854 -0.2400075 0.957232
0.4502924 -0.1215786 0.6300314
0.6900585 -0.3380633 0.7565691
0.5497076 -0.2386084 0.7583968
0.5380117 -0.1508339 0.6330982
0.3391813 -0.1630953 0.8080735
0.2397661 -0.05562987 0.8342299
0.380117 -0.2517488 0.9480339
0.4093567 -0.2134719 0.8078167
0.3859649 -0.3210874 0.9257001
0.4502924 -0.2092171 0.8033647
0.4035088 -0.27294 0.8628513
0.7017544 -0.1420087 0.5295409
0.5964912 -0.211587 0.6969094
0.6315789 -0.2196242 0.5693061
0.5087719 -0.2317514 0.7354033
0.6081871 -0.3510084 0.7948591
0.4269006 -0.1718136 0.7970996
0.3625731 -0.36041 1.094943
0.3333333 -0.2045539 0.9033682
0.6432749 0.08167038 0.3531319
0.7602339 -0.1976936 0.588185
0.4678363 -0.2042605 0.7388844
0.6140351 -0.1263087 0.6018188
0.3508772 -0.04021808 0.5932808
0.2807018 -0.2899761 1.146151
0.5789474 -0.2027399 0.6912782
0.374269 -0.209296 0.8754464
0.3391813 -0.2378696 0.8633224
0.3918129 -0.1596061 0.7685082
0.2163743 -0.4243727 1.543774
0.380117 -0.2489206 0.9135609
0.4736842 -0.291319 0.8619931
0.4093567 -0.2914728 0.9284778
0.3859649 -0.2160867 0.8625737
0.5730994 -0.1936849 0.692782
0.5146199 -0.1086854 0.6063311
0.7602339 -1.122156 1.504776
0.5672515 -0.3418879 0.8050604
0.3684211 -0.1851274 0.8339844
0.3157895 -0.2189453 0.9656789
0.3859649 -0.07825028 0.6858886
0.5497076 -0.1891934 0.6530518
0.3684211 -0.2103826 0.8941511
0.6315789 -0.1376619 0.5496615
0.3625731 -0.1569309 0.8440531
0.3333333 -0.2626726 1.032579
0.2339181 -0.08381291 0.9261775
0.3567251 -0.05847017 0.6933516
0.2807018 -0.3575942 1.141429
0.7192982 0.2740344 0.0918687
0.2865497 -0.1652999 0.9665167
0.3391813 -0.1410999 0.7751906
0.2923977 -0.2483184 1.047923
0.4093567 -0.3412069 0.9070928
0.4035088 -0.1497521 0.6957681
0.5614035 -0.2517083 0.6963807
0.5672515 -0.252923 0.7350754
0.3157895 -0.3228963 1.144292
0.3508772 -0.3041366 1.020977
0.4853801 -0.1998158 0.7145626
0.4795322 -0.06326347 0.6229355
0.3450292 -0.2986899 1.024649
0.3625731 -0.1777078 0.7465203
0.3099415 -0.3746093 1.124294
0.3918129 -0.1178647 0.7428873
0.4327485 -0.1612096 0.7240004
0.2807018 -0.3133411 1.181318
0.3216374 -0.1330281 0.7621591
0.4736842 -0.1701154 0.7268654
0.5964912 0.1706902 0.3357142
0.4502924 -0.1384979 0.6777901
0.4912281 -0.2636081 0.8031943
0.3274854 -0.2081087 0.9476821
0.502924 -0.2222441 0.751495
0.5672515 -0.2392742 0.72813
0.4327485 -0.2449561 0.7848387
0.6666667 0.06785328 0.2798276
0.4853801 -0.1770997 0.707843
0.2923977 -0.1964171 1.032852
0.3391813 -0.2679717 1.00688
0.502924 -0.2899983 0.8228467
0.502924 -0.210227 0.7368913
0.5555556 -0.1418435 0.6081719
0.4619883 -0.255549 0.8106122
0.2222222 -0.3230926 1.421533
0.3508772 -0.2399289 0.9198933
0.2631579 -0.2947639 1.125356
0.3567251 0.002574554 0.6185555
0.4619883 -0.1345967 0.5933426
0.3976608 -0.1575571 0.7637357
0.3274854 -0.1892461 0.8884006
0.2046784 -0.1288963 1.104729
0.2163743 -0.03388917 0.74892
0.4795322 -0.06592186 0.5191923
0.3274854 -0.3236723 1.13395
0.6725146 -0.4278418 0.8330787
0.497076 -0.254258 0.7592701
0.6081871 -0.1921376 0.5873129
0.6374269 -0.2343727 0.7195109
0.4853801 -0.1767376 0.6716453
0.4444444 -0.2622818 0.8749477
0.3333333 -0.2547547 1.005295
0.5964912 -0.1188874 0.5533028
0.4444444 -0.1314145 0.686996
0.5789474 -0.2265984 0.7238666
0.2748538 -0.1372197 0.936678
0.6549708 -0.1163436 0.5703817
0.5555556 -0.3711833 0.8380983
0.4736842 -0.09436265 0.6652154
0.2865497 -0.1938079 0.9794628
0.748538 -0.1449529 0.5437718
0.625731 -0.1735611 0.6321765
0.3918129 -0.1902387 0.8187982
0.4736842 -0.1692391 0.7388747
0.5087719 -0.3093256 0.8147578
0.4444444 -0.198309 0.7721837
0.625731 0.0137213 0.45965
0.5789474 -0.2340448 0.6970082
0.625731 -0.2619812 0.7071514
0.5789474 -0.2274466 0.7182341
0.3391813 -0.161834 0.8727881
0.4444444 -0.2991115 0.8870374
0.4444444 -0.06938411 0.6200436
0.5847953 -0.08968513 0.4848596
0.4502924 0.04022249 0.5062395
0.3859649 -0.2821259 0.978634
0.4385965 -0.08452617 0.553023
0.2923977 -0.2861176 1.096969
0.4795322 -0.09924795 0.5198872
0.2105263 -0.07189486 0.9602162
0.4502924 -0.349684 0.8652145
0.4619883 -0.1511321 0.714976
0.4502924 -0.2030403 0.8045874
0.4502924 -0.1678831 0.7605924
0.4385965 -0.06132379 0.601078
0.4561404 -0.1595255 0.685874
0.6023392 -0.03526044 0.4881127
0.4619883 -0.2662479 0.8161617
0.6023392 -0.1909822 0.6470528
0.6900585 0.09901541 0.3198696
0.7368421 0.4135365 0.04367461
0.5730994 -0.2666686 0.7397448
0.4327485 0.1535131 0.3775894
0.6900585 -0.03564738 0.4137292
0.5380117 -0.1510603 0.6555869
0.4210526 -0.1398556 0.6746517
0.3918129 -0.1145816 0.7499378
0.6023392 0.02504639 0.4203096
0.5204678 -0.1985675 0.8066582
0.374269 -0.09598106 0.6570532
0.4619883 -0.0793784 0.690561
0.3859649 -0.09782902 0.7376591
0.3918129 -0.3035007 0.9797732
0.5438596 -0.1663791 0.6979664
0.4853801 -0.2288492 0.7893274
0.2631579 -0.3676566 1.34359
0.4093567 -0.1442344 0.7202972
0.4736842 -0.1742578 0.6678227
0.6081871 -0.2883833 0.7345039
0.5672515 -0.1728873 0.694132
0.5964912 -0.1993752 0.6625498
0.6783626 -0.1817679 0.5795824
0.4678363 -0.1748242 0.7410697
0.5906433 0.09799531 0.3298092
