0.3684211 -0.2832521 1.002401
0.5847953 -0.3396996 0.7844842
0.6140351 -0.4686568 1.290231
0.5614035 0.03897987 0.384347
0.3859649 -0.3362414 0.9851109
0.5087719 -0.09015351 0.5970942
0.4678363 -0.03845127 0.4829523
0.3918129 -0.09712626 0.6330903
0.3391813 -0.1558483 0.8677572
0.3450292 -0.205894 0.9591543
0.5672515 -0.1408587 0.6105088
0.5380117 -0.1070748 0.6029586
0.5497076 -0.237634 0.7479204
0.4385965 -0.3036969 0.8769559
0.7894737 -0.5753068 0.2352575
0.5263158 -0.4588708 0.8915867
0.4035088 -0.2611647 0.8997432
0.5263158 -0.3715994 0.8545072
0.497076 -0.2257879 0.8088773
0.5789474 -0.2632359 0.7742756
0.7309942 0.3529908 0.1008023
0.6959064 0.006531444 0.4741245
0.497076 -0.1364569 0.7259731
0.3216374 -0.3871972 1.161187
0.2631579 -0.227595 1.123932
0.5380117 -0.1527124 0.67982
0.4385965 -0.2898861 0.9021218
0.6432749 -0.3510787 0.8473824
0.619883 -0.06948236 0.5282015
0.5263158 -0.2703885 0.8586589
0.2573099 -0.6187495 1.695377
0.6374269 -0.1672883 0.6274223
0.6023392 -0.2236864 0.8205682
0.5497076 -0.2754821 0.8221768
0.4853801 -0.2929473 0.8881338
0.6725146 -0.1896679 0.6666695
0.3859649 -0.2082249 0.8757503
0.625731 0.1223832 0.2962878
0.380117 -0.2166045 0.8894126
0.4561404 -0.2041867 0.7953216
0.5906433 -0.009358178 0.5327246
0.5380117 -0.2201908 0.7349711
0.5789474 -0.2501841 0.749386
0.4736842 -0.04941644 0.662552
0.4035088 -0.2634417 0.892791
0.4327485 -0.2244739 0.8459323
0.7719298 0.2036626 0.2483139
0.3859649 -0.2836495 0.9707935
0.619883 -0.09599579 0.5546824
0.7017544 0.01140993 0.4070219
0.7134503 -0.2047752 0.66407
0.625731 -0.1747122 0.6428889
0.5438596 -0.2517255 0.748958
0.4035088 -0.2037485 0.8409802
0.5555556 -0.2772543 0.7601357
0.502924 -0.2998466 1.208931
0.5263158 -0.2648466 0.815343
0.4619883 -0.2131633 0.7931594
0.502924 -0.1834619 0.7261944
0.7777778 -0.1047449 0.4749604
0.6315789 -0.1538856 0.7066368
0.4912281 -0.1732115 0.7127632
0.4327485 -0.09166843 0.6532843
0.4736842 -0.2310119 0.8172221
0.6023392 -0.2999934 0.7483483
0.4736842 -0.1564458 0.724119
0.6315789 -0.1698339 1.443238
0.4678363 -0.3026927 0.8842706
0.6023392 -0.2285156 0.7028785
0.4736842 -0.2080816 0.797835
0.6140351 -0.2273423 0.7459075
0.3333333 0.00307787 0.5983031
0.5263158 -0.316283 0.8097666
0.3274854 -0.5081291 1.147258
0.7076023 0.2914217 0.1158443
0.4444444 -0.1615263 0.7429119
0.5380117 -0.2485417 0.755965
0.619883 -0.1035307 0.5681472
0.4619883 -0.2536367 0.8396256
0.4912281 0.04511143 0.5021114
0.3625731 -0.2854599 1.019038
0.3040936 -0.1397907 0.9672271
0.6374269 -0.2575827 0.7150371
0.6140351 -0.1062008 0.6053143
0.3157895 -0.3606008 1.156756
0.4444444 -0.2834498 0.8565231
0.3567251 -0.2775344 1.025154
0.4912281 -0.05977316 0.620687
0.7134503 -0.1778322 0.6013022
0.5380117 -0.1598958 0.6242278
0.6374269 -0.209391 0.7323841
0.5555556 -0.1037041 0.6353097
0.6315789 -0.007057486 0.4766556
0.3976608 -0.2259186 0.8650861
0.6432749 -0.2249711 0.6854939
0.6666667 -0.3064793 0.7196808
0.4853801 -0.2294513 0.8140649
0.6140351 -0.07144185 0.5809766
0.625731 -0.2225727 0.7360513
0.4269006 -0.1504955 0.7612528
0.3567251 -0.150438 0.8301015
0.7076023 -0.005033201 0.4178939
0.5263158 -0.1844889 0.6878854
0.7134503 -0.2214095 0.6776282
0.4736842 -0.2591322 0.8399261
0.3508772 -0.2564649 1.026321
0.7836257 0.8554283 -0.3601628
0.5438596 -0.102701 0.5716835
0.5964912 -0.3034942 0.797435
0.4093567 -0.2149907 0.8877517
0.6491228 0.1571438 0.3037569
0.6432749 -0.1067869 0.5170422
0.2982456 -0.2918236 1.12823
0.4561404 -0.243932 0.8604504
0.5614035 -0.1712804 0.6770246
0.6315789 -0.1338633 0.6427744
0.6959064 -0.115959 0.5700378
0.5789474 -0.2538326 0.7512156
0.5087719 0.04494797 0.4683124
0.5964912 -0.2247431 0.6918472
0.6842105 -0.171963 0.6574009
0.3450292 -0.3795858 1.176148
0.4093567 -0.1453583 0.8234991
0.5263158 -0.2563067 0.8095288
0.5730994 -0.2632138 0.741341
0.374269 -0.2315446 0.9433918
0.3040936 -0.2643769 0.9910494
0.4912281 -0.3640997 0.8162328
0.4561404 -0.2500451 0.8212319
0.5672515 0.01372983 0.374395
0.4561404 -0.03753965 0.550822
0.6783626 -0.1647179 0.6036924
0.3450292 -0.2229478 0.9514714
0.4152047 -0.1953358 0.8150237
0.5847953 -0.3171403 0.7864815
0.5964912 -0.128659 0.5739954
0.4093567 -0.2049192 0.8290258
0.6549708 -0.2998523 0.7830129
0.3625731 0.03170087 0.575622
0.2690058 -0.2702951 1.227028
0.3391813 -0.03039975 0.6768288
0.4093567 -0.2179595 0.8416192
0.8654971 0.6657952 -0.2164889
0.7309942 -0.2496914 0.6562892
0.251462 -0.4565556 1.472368
0.871345 -7.748383 8.210411
0.8011696 -0.2449384 0.6459913
0.6549708 0.3612782 0.0906387
0.7426901 -0.3559948 0.7545802
0.3333333 -0.2748705 1.055633
0.4912281 -0.3183269 0.8597203
0.4795322 -0.2087033 0.7850082
0.4853801 -0.2533609 0.8456694
0.4327485 -0.2663925 0.8855701
0.4912281 -0.2374891 0.7645873
0.3333333 -0.1435906 0.8686431
0.3918129 -0.04119361 0.6579907
0.5263158 -0.2147373 0.7356859
0.4385965 -0.1336239 0.6963016
0.5380117 -0.2186605 0.6914311
0.1988304 -0.5572856 1.525673
0.4444444 -0.262696 0.8646369
0.497076 -0.1844578 0.7105674
0.9122807 0.9559143 -0.4888423
0.2339181 -0.445214 1.556783
0.4385965 -0.3367123 0.9111632
0.8011696 -0.2528829 0.6790669
0.5321637 -0.01446403 0.2559918
0.4385965 -0.2272662 0.8023396
0.6023392 -6.231611 15.9493
0.6491228 -0.2449408 1.161024
0.7368421 0.04742412 0.359808
0.5263158 -0.1446668 0.6736073
0.6666667 0.2444425 0.1436273
0.5263158 -0.1220072 0.6540196
0.5321637 -0.2034846 0.7587039
0.3450292 -0.2357565 0.9846589
0.3391813 -0.2774961 1.05828
0.5672515 -0.1937052 0.6869015
0.7134503 -0.2513765 0.6817328
0.7953216 -0.04320709 0.507988
0.2807018 -0.3670387 1.254588
0.5672515 -0.1695726 0.6521416
0.3684211 -0.3464911 1.035424
0.4912281 -0.2723161 0.8307622
0.7309942 -0.1756603 0.5632563
0.4444444 -0.1740244 0.7731092
0.4385965 -0.2492315 0.7436789
0.380117 -0.1806129 0.8683682
0.4385965 -0.08265769 0.5017255
0.2163743 -0.3735514 1.471415
0.5321637 -0.1816155 0.6782811
0.625731 -0.04655992 0.5085719
0.5087719 -0.5615442 1.407969
0.6081871 -0.1693775 0.7381558
0.5672515 -0.4558663 0.8607812
0.3859649 -0.3837088 1.005369
0.4912281 -0.1932776 0.7726233
0.2397661 -0.3543257 1.409021
0.5380117 -0.1259734 0.544288
0.4678363 -0.2907303 0.8615925
0.374269 -0.3187563 1.00958
0.6608187 -0.2478703 0.7187879
0.4561404 -0.1012401 0.701638
0.5614035 -0.2324384 0.7416418
0.5730994 -0.2213865 0.698493
0.5263158 -0.198962 0.7417291
0.5321637 -0.1281052 0.6628146
0.5555556 -0.2758581 0.7762045
0.3450292 -0.208972 0.9145957
0.4678363 -0.135347 0.6913665
0.5497076 -0.2016676 0.7178984
0.7192982 -0.009257215 0.3999577
0.374269 -0.2347945 0.9069552
0.4444444 -0.3001914 0.889907
0.4736842 -0.2254757 0.7986482
0.4093567 -0.1326956 0.7791252
0.3274854 -0.08552689 0.7944907
0.5906433 -0.2308021 0.7142769
0.5672515 -0.2099445 0.7211335
0.4619883 -0.2538652 0.8038106
0.3918129 -0.3107755 1.014619
0.380117 -0.2065453 0.8289215
0.5730994 -0.06116206 0.546141
0.5204678 -0.1648628 0.7363969
0.4561404 -0.1199645 0.650895
0.5789474 -0.238094 0.7083051
0.4444444 -0.24421 0.8455752
0.625731 -0.1837061 0.6629288
0.4444444 -0.2609387 0.741563
0.6549708 -0.2854612 0.7117361
0.7017544 -0.3557914 0.7999642
0.6023392 -0.3548957 0.8378979
0.6725146 -0.05338531 0.532492
0.5087719 -0.2359099 0.792407
0.5204678 -0.2956525 0.8207998
0.251462 -0.391737 1.418451
0.5204678 -0.2843106 0.7845981
0.5730994 -0.2065649 0.681501
0.7251462 -0.1430669 0.6298349
0.7309942 -0.1104524 0.5695845
0.4853801 -0.2126706 0.7972312
0.7602339 -0.4561321 0.877595
0.6315789 -0.2173387 0.6917674
0.6081871 -0.1542437 0.6162853
