0.3450292 -0.2448305 0.966084
0.2807018 -0.09425619 0.7716289
0.1812865 -0.3437238 1.508384
0.4210526 -0.1257275 0.5014447
0.4385965 -0.2186901 0.771284
0.2631579 -0.4114789 1.365961
0.3918129 -0.2136569 0.8638428
0.3508772 -0.3604821 1.073969
0.4385965 -0.2452012 0.8406214
0.7134503 -0.1703447 0.5807769
0.4795322 -0.3191203 0.8439485
0.3684211 -0.169884 0.7914174
0.3918129 -0.1032464 0.6312212
0.251462 -0.2448054 1.168318
0.4853801 -0.2325224 0.7652977
0.497076 -0.03971877 0.5188754
0.3216374 -0.2503533 1.016509
0.3508772 -0.2588612 0.9479902
0.4385965 -0.1078692 0.7345907
0.2631579 -0.2528399 1.143819
0.4912281 -0.196662 0.7323928
0.4385965 -0.233032 0.8128935
0.5555556 -0.08795268 0.564738
0.2982456 -0.7703222 1.311371
0.2339181 -0.2372828 1.198438
0.4035088 -0.263185 0.8668573
0.2222222 -0.2822991 1.180837
0.2631579 -0.2018017 1.056209
0.3684211 -0.2518667 0.9374139
0.1988304 -0.3307598 1.285099
0.4561404 -0.247165 0.824801
0.4795322 -0.3451712 0.8927291
0.502924 -0.1494719 0.6734052
0.4853801 -0.3161613 0.8382748
0.374269 -0.2537195 0.8942978
0.3157895 -0.5402304 1.128091
0.4035088 -0.3226711 0.9627516
0.3216374 -0.1786714 0.9153077
0.5087719 -0.3262653 0.8486697
0.4035088 -0.1447843 0.7806323
0.7134503 -0.3486166 0.7593919
0.4912281 -0.2124847 0.7271249
0.2982456 -0.2961235 1.094146
0.4502924 -0.2800236 0.8482797
0.3567251 -0.2213821 0.8923206
0.4619883 -0.2442979 0.7888972
0.374269 -0.08649252 0.7368035
0.2865497 -0.1215715 0.8807081
0.3450292 -0.2278205 0.9783141
0.2982456 -0.5068957 1.343232
0.2339181 -0.5399905 1.585708
0.3567251 -0.339285 1.085468
0.3625731 -0.08108618 0.681421
0.4853801 -0.2419238 0.7727729
0.4035088 -0.337277 0.9069786
0.4327485 -0.2063569 0.8144739
0.3099415 -0.3242257 1.155272
0.5263158 -0.1593107 0.6745723
0.4093567 -0.1141281 0.6939264
0.6140351 -0.2954594 0.7635072
0.3918129 -0.2905604 0.8781174
0.4093567 -0.1575368 0.7462778
0.3274854 -0.156603 0.831295
0.3391813 -0.1319238 0.8673854
0.3040936 -0.3228033 1.13631
0.497076 -0.1564427 0.6740607
0.5964912 -0.256555 0.7266793
0.5614035 -0.360642 0.8037505
0.7309942 -0.103732 0.5130327
0.3625731 -0.5827229 0.9996357
0.2280702 -0.2717586 1.227851
0.4269006 -0.143457 0.720878
0.2807018 -0.129076 0.9398926
0.2923977 -0.1796954 0.9414631
0.3099415 -0.3001152 1.081365
0.5263158 0.04612315 0.3946356
0.4795322 -0.2460645 0.7664844
0.3918129 -0.2052747 0.8530051
0.5087719 0.05619277 0.453791
0.251462 -0.422986 1.397917
0.4678363 -0.1104511 0.5828708
0.3508772 -0.2761101 1.00181
0.4269006 -0.2905455 0.8439659
0.2923977 -0.1440878 1.179808
0.3976608 -0.2891515 0.9333322
0.3391813 -0.1370292 0.8204729
0.3450292 -0.2711798 0.9855617
0.4853801 -0.141211 0.6401822
0.3918129 -0.191063 0.7809002
0.4327485 -0.2037469 0.7793772
0.5321637 -0.1803341 0.686382
0.3274854 -0.3171869 1.06829
0.6725146 -0.1933776 0.6139665
0.5087719 -0.2084347 0.7231384
0.4035088 -0.2089481 0.8335702
0.4795322 -0.1882744 0.7572788
0.5672515 -0.2224015 0.7381677
0.4678363 -0.3035482 0.8632948
0.4444444 -0.2439276 0.822644
0.380117 -0.2283526 0.8777422
0.2748538 -0.3110428 1.196421
0.3918129 -0.2385621 0.912917
0.4444444 -0.2279948 0.8368976
0.3216374 -0.2802494 1.097696
0.3391813 -0.2234693 0.936011
0.3040936 -0.1493619 0.9197156
0.4444444 -0.1605134 0.7307586
0.3157895 -0.2094642 0.963387
0.2690058 -0.3773828 1.321796
0.1812865 -0.180989 1.28407
0.374269 -0.1334857 0.7771761
0.4035088 -0.2800197 0.9423807
0.4444444 -0.2515579 0.8234599
0.5438596 -0.3043104 0.8156128
0.6666667 -0.321412 0.7537065
0.2807018 -0.240284 1.123636
0.502924 -0.2395172 0.7519953
0.5614035 -0.3506665 0.8087914
0.374269 -0.2757237 0.9161138
0.4152047 -0.1392591 0.7102165
0.3099415 -0.1292881 0.7898339
0.4502924 -0.1135056 0.6343956
0.2105263 -0.3382521 1.499628
0.4678363 -0.1522986 0.7132935
0.6432749 -0.3536461 0.7970358
0.871345 -0.3705494 0.7944498
0.3040936 -0.2278759 1.041312
0.4678363 -0.3261989 0.8637624
0.3918129 -0.2883536 0.9500751
0.3391813 -0.20897 0.9403221
0.2280702 -0.230925 1.28694
0.4385965 -0.1950124 0.7589351
0.6315789 -0.2253351 0.6952052
0.4327485 -0.3230311 0.9004808
0.4327485 -0.2660263 0.8703316
0.4444444 -0.1995816 0.78562
0.3976608 -0.2333181 0.8467669
0.4736842 -0.2462034 0.8038869
0.5263158 -0.2892847 0.7859848
0.4678363 -0.1747682 0.7704467
0.4269006 -0.143442 0.7046685
0.3625731 -0.2791078 0.9932852
0.4561404 -0.1821553 0.7731971
0.2982456 -0.1994952 0.987476
0.4152047 -0.0886906 0.6532559
0.380117 -0.07594651 0.6194137
0.3099415 -0.3764216 1.193788
0.4444444 -0.07338259 0.5704287
0.245614 -0.2697542 1.250176
0.3450292 -0.3551425 1.059542
0.2748538 -0.2863271 1.131684
0.2573099 -0.2551371 1.153338
0.5087719 -0.1147918 0.5911938
0.3684211 -0.1065309 0.7970937
0.2982456 -0.3009218 1.186953
0.2105263 -0.4376548 1.637878
0.6666667 -0.2185345 0.6862857
0.3333333 -0.1928471 0.9286773
0.2631579 -0.1321574 0.955549
