0.3040936 -0.2593371 1.095975
0.4035088 -0.2241681 0.8356446
0.2807018 -0.403651 1.308235
0.2339181 -0.3943853 1.473587
0.380117 -0.06522075 0.580447
0.619883 -0.1813322 0.6364009
0.3567251 -0.07406236 0.7150666
0.4269006 -0.2566219 0.8528712
0.5438596 -0.1112556 0.5542123
0.2748538 -0.2352839 1.050944
0.2923977 -0.416962 1.189733
0.4736842 -0.2030217 0.7548646
0.4385965 -0.2260088 0.875894
0.2748538 -0.3725017 1.337458
0.4152047 -0.2418234 0.8579957
0.3040936 -0.3905628 1.217019
0.245614 -0.4393285 1.40447
0.374269 -0.3329988 1.052699
0.4385965 -0.3241099 0.8781992
0.3976608 -0.2857005 0.920816
0.4152047 -0.1518087 0.760403
0.4152047 -0.19181 0.7799238
0.4152047 -0.2257413 0.8546336
0.3157895 -0.2188475 0.9425623
0.4912281 -0.2657535 0.7717465
0.2982456 -0.3120738 1.094699
0.3976608 -0.1769674 0.7995039
0.3216374 -0.2542984 1.007671
0.3567251 -0.2287715 0.9069672
0.3099415 -0.1985086 0.9944652
0.3274854 -0.1948041 0.9018534
0.2982456 -0.2086006 1.027833
0.2982456 -0.3030611 1.134931
0.3508772 -0.3224747 1.009342
0.625731 -0.1156467 0.5512115
0.4561404 -0.07661359 0.5365093
0.251462 -0.1645901 0.8789035
0.3625731 -0.3070031 0.9712087
0.2748538 -0.3347769 1.254905
0.3684211 -0.2472982 0.9375478
0.5204678 -0.3392814 0.8461895
0.4678363 -0.205475 0.7597881
0.497076 -0.2904087 0.8156351
0.3333333 -0.1293573 0.7987282
0.2982456 -0.330613 1.107942
0.2748538 -0.1932303 1.054044
0.4035088 -0.2774557 0.8708246
0.5146199 -0.3357919 0.8395803
0.4152047 -0.1694001 0.7470995
0.6023392 -0.1211383 0.5661654
0.4619883 -0.3997195 1.079626
0.4327485 -0.3182722 0.9107252
0.2923977 -0.1961894 0.9817362
0.3391813 -0.1693697 0.7665844
0.3333333 -0.3091017 1.089424
0.5380117 -0.1252008 0.6254697
0.4561404 -0.6979367 1.136223
0.5847953 -0.1313878 0.6267677
0.5789474 -0.2629802 0.7583408
0.4795322 -0.07206017 0.5476379
0.3859649 -0.2626169 0.8986383
0.3333333 -0.07245441 0.723758
0.4269006 -0.07271627 0.5586867
0.4795322 -0.2927404 0.8371703
0.3450292 -0.2074658 0.9207391
0.2982456 -0.1100336 0.7765285
0.5087719 -0.1988649 0.6890847
0.2982456 -0.09806107 0.8577054
0.4093567 -0.2062406 0.8178421
0.5847953 -0.2280706 0.6613388
0.4561404 -0.2286959 0.8144134
0.3216374 -0.1708747 0.8709455
0.4269006 -0.1817775 0.77005
0.3391813 -0.2013226 0.8504168
0.5204678 -0.2848911 0.7904599
0.3333333 -0.2929731 1.078766
0.4561404 -0.3229351 0.8623293
0.3216374 -0.2983701 1.051393
0.3567251 -0.3116901 1.028078
0.2865497 -0.0690993 0.8439234
0.3918129 -0.2082412 0.7879695
0.3918129 -0.2542095 0.9203878
0.5146199 -0.3171229 0.8099692
0.3450292 -0.26145 1.023285
0.3508772 -0.2231949 0.9568842
0.2280702 -0.1862801 1.078853
0.2690058 -0.2060359 1.063422
0.2631579 -0.2524426 0.9361016
0.3625731 -0.09738909 0.7123449
0.4678363 -0.2320053 0.8317974
0.6842105 -0.1738112 0.6413182
0.4678363 -0.1764213 0.718638
0.4502924 -0.2585999 0.8611359
0.1988304 -0.006330101 0.8496733
0.6023392 -0.03861651 0.535392
0.3391813 -0.235526 0.9889398
0.6549708 -0.1038738 0.5425149
0.4678363 -0.1557773 0.6939774
0.3859649 -0.2191304 0.8344014
0.2690058 -0.2886656 1.164821
0.3099415 -0.1560518 0.9380501
0.4678363 -0.1862085 0.6953265
0.380117 -0.1243113 0.7575422
0.6081871 -0.2142938 0.6913907
0.3684211 -0.2242812 0.9098459
0.4035088 -0.1439144 0.6489604
0.3918129 -0.2862001 0.9662888
0.3391813 -0.2747916 1.017043
0.3567251 -0.3206289 1.034505
0.625731 -0.204647 0.6206638
0.2690058 -0.1096774 0.8350703
0.5672515 -0.2870763 0.7694563
0.497076 0.03226939 0.3932462
0.3099415 -0.07123606 0.6800546
0.2865497 0.04362157 0.6981355
0.2982456 -0.2797158 1.027568
0.2631579 -0.4366517 1.433551
0.4619883 -0.2302423 0.71425
0.245614 -0.4282037 1.397425
0.5438596 -0.3715123 0.8331425
0.497076 -0.1895788 0.7006497
0.4093567 -0.1723732 0.7778332
0.4561404 -0.09586215 0.6483219
0.4912281 -0.1707563 0.71082
0.2865497 -0.258064 1.081918
0.3567251 -0.3275064 1.043993
0.3391813 -0.2032814 0.9256272
0.4269006 -0.3308574 0.9245928
0.251462 -0.3335016 1.280022
0.3099415 -0.2482446 0.9401428
0.5263158 -0.1307554 0.6274632
0.2397661 -0.6798738 1.307267
0.3567251 -0.1721986 0.8217687
0.2982456 -0.2009107 0.9933335
0.3099415 -0.2324644 1.025572
0.3391813 -0.3257207 1.045387
0.3859649 -0.1443655 0.7047492
0.3157895 -0.1370226 0.3977832
0.2397661 -0.3103273 1.20987
0.2807018 -0.253456 0.9789126
0.5438596 -0.2236198 0.7358565
0.6666667 -0.2679215 0.7073619
0.4853801 -0.233676 0.7953372
0.4619883 -0.1847448 0.7063404
0.5380117 -0.207843 0.7327272
0.3450292 -0.2971359 1.07041
0.4561404 -0.2577405 0.8521491
0.3274854 -0.1332132 0.7853073
0.5146199 -0.1017854 0.6358121
0.4327485 -0.2112244 0.8156738
0.3391813 -0.2545451 0.9914799
0.4912281 -0.3203841 0.8326968
0.9122807 -6.192092 6.663141
0.3450292 -0.2209728 0.7939102
0.4152047 -0.2917254 0.9098158
0.251462 -0.3598457 0.9061378
0.3684211 -0.1116406 0.6415547
0.3391813 -0.2233529 0.9517168
0.2923977 -0.2117024 1.020187
0.380117 -0.1198983 0.6300077
0.4619883 -0.06769356 0.5923054
0.6023392 -0.1928426 0.6867356
0.5087719 -0.2115533 0.7325105
0.6315789 -0.1956634 0.6502617
0.4093567 -0.3082149 0.9184771
0.7192982 -0.1608567 0.6371168
0.5146199 -0.4595361 1.205625
0.4444444 -0.1241683 0.7217604
0.4093567 -0.2073386 0.7796516
0.3508772 -0.2894384 1.012273
0.2631579 -0.3622788 1.314655
0.380117 -0.3840214 0.9977062
0.3625731 -0.2006039 0.8732903
0.4210526 -0.323863 0.9132419
0.5555556 -0.2276626 0.7288874
0.4678363 -0.2212828 0.7955068
0.6491228 -0.1865603 0.6284578
0.380117 -0.2098756 0.9168313
0.3625731 -0.3063896 0.9967862
0.5087719 -0.1922081 0.6971726
0.4152047 -0.2655089 0.841555
0.380117 -0.3052032 0.943125
0.5380117 -0.1709639 0.6871717
0.4093567 -0.1301086 0.6776438
0.4093567 -0.130432 0.6755512
0.5321637 -0.1319476 0.6361118
0.4269006 -0.2756937 0.8781137
0.4093567 -0.09588792 0.6447636
0.497076 -0.3349891 0.8600736
0.6959064 -0.2598484 0.6977019
0.3216374 -0.2948264 1.086239
0.5730994 -0.2425556 0.71984
0.4912281 -0.2614412 0.8366099
0.5497076 -0.2127061 0.6951212
0.3508772 -0.2820217 1.0111
0.4912281 -0.2172904 0.7786303
0.6549708 -0.2361395 0.705919
0.3391813 -0.2833695 1.026023
0.5730994 -0.2493882 0.7251263
0.3450292 -0.1699715 0.775363
0.4269006 -0.2671551 0.8780493
0.3157895 -0.2270205 0.979684
0.2982456 -0.3169567 1.111611
0.4210526 -0.2124735 0.8419557
0.245614 -0.07074136 0.838241
0.3859649 -0.2585693 0.935547
0.374269 -0.1763088 0.843527
0.3040936 -0.3291421 1.11916
0.4327485 -0.2141468 0.802192
0.4795322 -0.1886347 0.7558075
0.380117 -0.1911608 0.8529664
0.4210526 -0.1926498 0.6569161
0.7251462 -0.4162691 0.8209337
0.5146199 -0.3188782 0.8310467
0.3684211 -0.1853593 0.8530614
0.3684211 -0.3375137 1.017052
0.4561404 -0.192665 0.7546822
0.2865497 -0.3009059 1.179633
0.3567251 -0.154177 0.8134823
0.3040936 -0.3699643 1.130148
0.3333333 -0.3390419 1.048952
0.3567251 -0.1655709 0.8384847
0.3216374 -0.2665068 1.071724
0.7368421 0.3826596 0.06600236
0.5204678 -0.2497335 0.7628825
0.497076 -0.1025243 0.639323
0.4619883 -0.1888601 0.7157868
0.5146199 -0.2107922 0.7373895
0.4678363 -0.3175942 0.848322
0.5906433 -0.2540469 0.689257
0.4912281 -0.2185238 0.7562093
0.7076023 -1.013271 1.387317
0.2690058 -0.2672589 1.234357
0.5847953 -0.4200909 0.8665965
0.4795322 -0.1641689 0.6951694
0.3567251 -0.2790555 1.011205
0.3625731 -0.3343288 1.045295
0.5204678 -0.1934735 0.7064604
0.374269 -0.1726968 0.8191212
0.5730994 -0.1557913 0.6324771
0.3976608 -0.2394238 0.9152581
