0.6315789 -0.2835292 0.743884
0.9590643 -6.956756 7.624329
0.7719298 -0.1319039 0.5540367
0.748538 -0.1366485 0.543815
0.6374269 -0.03876204 0.489127
0.5321637 -0.393647 0.8578513
0.6725146 -0.3334628 0.7731096
0.3859649 -0.2760807 0.9736819
0.4561404 -0.3502399 0.9300998
0.5730994 -0.2493179 0.7599884
0.4502924 -0.1343982 0.2562998
0.5847953 -0.2873028 0.7559626
0.6666667 -0.4358583 1.130879
0.9707602 -5.237513 6.037183
0.619883 -0.3772729 0.7967499
0.7017544 -0.2346062 0.6828114
0.502924 -0.07956853 0.6218647
0.9707602 -6.867304 8.127793
0.9766082 -17.40325 18.85515
0.7192982 -0.4719608 0.9442988
0.9005848 -4.848373 5.27172
0.625731 -0.2352571 0.7085299
0.5614035 -0.1614281 0.6287289
0.5438596 -0.4200495 0.8556219
0.8245614 -0.28637 0.7410086
0.5146199 0.08389204 0.4080587
0.5730994 -0.1406671 0.63772
0.6783626 0.101946 0.2885251
0.6666667 -0.4205416 0.8350075
0.8421053 -0.6311962 1.014065
0.6140351 -0.2188799 0.6714495
0.5964912 -0.2523304 0.7077438
0.5672515 -0.3180564 0.7637141
0.6959064 -0.2518807 0.6908012
0.9181287 0.2433805 0.2640095
0.8830409 -1.07542 1.459502
0.8245614 -0.5684613 0.9620847
0.8421053 -0.7574578 1.123541
0.7368421 -0.4978349 0.9157849
0.4444444 -0.2066808 0.7744896
0.6023392 -0.1576178 0.6120695
0.5438596 -0.09728394 0.5537233
0.6023392 -0.5323282 1.084741
0.4678363 -0.2183211 0.370611
0.502924 0.05742071 0.4254681
0.9356725 -6.647138 7.196163
0.8011696 -0.7235142 1.108296
0.6432749 -0.3872702 0.8077677
0.8245614 -0.6841924 1.028967
0.9298246 -5.680112 6.229054
0.7192982 -0.9505411 1.32541
0.619883 -0.3507238 0.8438839
0.3976608 -0.2627323 0.9619692
0.9356725 0.7604045 -0.1840498
0.6666667 -0.4201946 0.857969
0.7368421 -0.03387943 0.4266152
0.8245614 -0.6999766 1.096247
0.6081871 -0.2419962 0.7124985
0.7894737 -0.4753217 0.8733854
0.6374269 -0.2608895 0.7221279
0.7777778 -0.5747796 1.178196
0.6432749 -0.1998453 0.6527344
0.8011696 0.3520165 0.0543135
0.4619883 -0.4377217 1.277852
0.619883 -0.2685577 0.7327221
0.7836257 -0.4906334 0.9049164
0.877193 -0.4901131 0.8597372
0.7953216 -0.1504697 0.5395696
0.8538012 -0.9809215 1.393653
0.8654971 0.5432556 -0.2077591
0.5964912 -0.3010259 1.035753
0.5555556 -0.3426807 0.8015687
0.6842105 -0.1159765 0.5797975
0.8421053 -1.276816 1.674689
0.6842105 -0.05524728 0.4924001
0.6900585 -0.2217515 0.6600593
0.748538 -0.234365 0.6329839
0.7660819 0.02226404 0.4212785
0.4035088 -0.1957693 0.894251
0.8596491 -1.919878 2.357829
0.4619883 -0.2378278 0.8251778
0.8538012 0.6365308 -0.233782
0.9005848 -0.8189706 1.581449
0.5497076 -0.2684103 0.7459381
0.7251462 -0.3315194 0.7623946
0.6666667 -0.286606 0.7058805
0.3625731 -0.3753437 1.08186
0.6900585 -0.02697501 0.4443136
0.6725146 -0.3505162 0.7642957
0.7134503 -0.3968695 0.7799051
0.8304094 -1.013473 1.410806
0.6081871 -0.1969086 0.651216
0.8421053 0.2663859 0.08095478
0.754386 -0.2167464 0.6008899
0.5730994 -0.3748517 0.8386276
0.4678363 -0.251853 0.8497615
0.7719298 -0.3000729 0.637998
0.6842105 -0.5820178 0.9865487
0.7368421 -0.4167208 0.8137986
0.3625731 0.03766561 1.233918
0.6666667 -0.4517906 0.8706752
0.7076023 -0.3538676 0.7762969
0.8654971 0.3843842 -0.04328232
0.6900585 -0.5853431 0.9880226
0.7426901 -0.2925572 0.6884049
0.6549708 -0.2989394 0.7435492
0.9415205 -1.877239 2.852752
0.9766082 -5.993314 6.636054
0.4444444 -0.2066746 0.8234492
0.5672515 -0.1303628 0.6255755
0.5847953 -0.186239 0.6460324
0.7017544 -0.341023 0.7677204
0.5964912 -0.2267168 0.727084
0.6959064 -0.2803426 0.6964369
0.5847953 -0.2187454 0.7112961
0.7953216 -0.5040608 0.9269753
0.9239766 -5.619913 6.119609
0.7777778 -0.6490562 0.9990667
0.8654971 -0.03632277 0.3838605
0.6432749 -0.2084704 0.6732796
0.8538012 -0.7498951 1.137257
0.3157895 -0.397879 1.274446
0.6549708 -0.1108326 0.5539802
0.7719298 -0.423332 0.850758
0.7719298 -0.2585176 0.619944
0.8245614 -0.8457396 1.243253
0.6140351 -0.3760767 0.8444967
0.8538012 -1.059772 1.479245
0.7134503 -0.2507285 0.7004277
0.7017544 -0.3572728 0.7791604
0.7836257 -0.6059136 1.004225
0.7660819 -0.6080317 1.0116
0.877193 -1.625117 2.039235
0.8187135 -0.0923477 0.4664759
0.5789474 -0.4277957 0.8686016
0.8011696 -0.1258361 0.5266572
0.625731 -0.2582987 0.7106859
0.5380117 -0.2417038 0.7503138
0.7836257 0.07986792 0.2903616
0.7309942 -0.2376485 0.5946839
0.6783626 -0.1047155 0.5268626
0.3216374 -0.3358482 1.067973
0.8187135 -0.4640751 0.8684022
0.7251462 -0.1194363 0.5279801
0.5146199 -0.1991637 0.738133
0.8362573 -1.021391 1.44244
0.8128655 -0.428067 0.8320064
0.7660819 -0.436716 0.8304822
0.619883 -0.2313939 0.6413512
0.748538 -0.1358825 0.5423165
0.871345 -3.442663 3.312797
0.7251462 -0.3588338 0.7576989
0.8128655 -0.8524456 1.254859
0.7894737 -0.2011949 0.6098644
0.6549708 -0.217754 0.6559568
0.7894737 -0.1636828 0.5773772
0.7017544 -0.008834539 0.4492761
0.8362573 -0.2064582 0.5939994
0.619883 -0.2354584 0.6779966
0.7192982 -0.2519162 0.6690015
0.6432749 -0.03978127 0.5266839
0.3918129 -0.2153594 0.8724772
0.6491228 -0.5174902 0.4990745
0.5263158 -0.1883084 0.6920072
0.7017544 -0.008213391 0.3820107
0.7953216 -0.2525984 0.6214375
0.625731 -0.3616974 0.7940787
0.8187135 -0.7088686 1.094648
0.6140351 -0.07633666 0.5030758
0.6959064 -0.03276916 0.3497924
0.5555556 -0.27482 0.7705453
0.502924 -0.2816222 0.8099649
0.7076023 -0.1576036 0.5854448
0.6374269 -0.4020186 0.8297328
0.5380117 -0.3350976 0.8158793
0.6549708 -0.3469714 0.7661387
0.6023392 -0.2438032 0.7200698
0.7894737 -0.4616612 0.84318
0.7719298 -0.6737973 1.466312
0.5087719 -0.3322226 1.180009
0.5263158 -0.1746559 0.6854529
0.7719298 0.1127405 0.2982582
0.5263158 -0.1947951 0.7091598
0.4912281 -0.2755842 0.804448
0.5321637 -0.2679723 0.804606
0.7719298 -0.3856299 0.8275803
0.6959064 -0.1067572 0.5548909
0.5204678 -0.2789082 0.8011645
0.3391813 -0.1175029 0.8056591
0.2807018 -0.2926495 1.159064
0.4327485 -0.2913471 0.9042236
0.6432749 -0.1209959 0.5738507
0.3918129 -0.1858742 0.8281206
0.7076023 -0.8681803 1.256362
0.5497076 -0.3538973 0.8412184
