0.4385965 -0.0771717 0.3214372
0.4502924 -0.1972931 0.7491865
0.5204678 0.02085593 0.3992795
0.1871345 -0.2401649 1.24279
0.251462 -0.02007147 -0.1208229
0.2631579 -0.2330137 1.088006
0.380117 -0.3267153 0.9738313
0.3918129 -0.09452758 0.6975009
0.3157895 -0.1696063 0.821977
0.7134503 -0.3929694 0.8144145
0.4678363 -0.1396094 0.6940252
0.2690058 -0.1478081 0.9451207
0.2865497 -0.08787328 0.8029803
0.4502924 0.05828932 0.430428
0.2865497 -0.05361738 0.7007821
0.3859649 -0.1311761 0.6613877
0.2807018 -0.185518 0.9619047
0.3157895 -0.1689977 0.8829506
0.4795322 -0.0889185 0.6075666
0.5263158 -0.1240488 0.6357882
0.5964912 -0.2472054 0.6944804
0.2105263 -0.4609206 1.32442
0.5263158 -0.3883407 0.8495071
0.3567251 -0.03659571 0.6676308
0.5380117 -0.1213366 0.528204
0.4853801 -0.3058428 0.8040274
0.380117 -0.1446824 0.7482487
0.3391813 -0.2436294 0.9023143
0.3976608 -0.1363733 0.7411296
0.251462 -0.1977314 1.045548
0.3625731 -0.1812319 0.7983761
0.2631579 -0.3109563 1.214833
0.2865497 -0.341258 1.068125
0.4502924 -0.1725169 0.6558007
0.2982456 -0.07390023 0.6678623
0.3450292 -0.1721109 0.8017094
0.4736842 0.01140247 0.484406
0.3216374 -0.171708 0.9015312
0.2631579 -0.2442316 1.189968
0.3859649 -0.2658492 0.9239685
0.5614035 -0.1809023 0.6472918
0.3859649 -0.1860578 0.8653751
0.2339181 -0.3211751 1.01
0.4093567 -0.02738311 0.570009
0.5146199 -0.1636276 0.6650521
0.4619883 -0.3047575 0.8798054
0.4444444 -0.270376 0.8406534
0.619883 -0.5964595 1.143245
0.5847953 -0.3626836 0.8104738
0.619883 -0.2439418 0.6874475
0.4619883 -0.2444355 0.7747942
0.6491228 -0.411012 0.7917061
0.4210526 -0.006984887 0.6170895
0.245614 -0.2756978 1.213708
0.2982456 -0.2695591 1.066799
0.4327485 -0.0365312 0.6235156
0.3157895 -0.1984626 0.9601018
0.2748538 -0.1759885 0.9241501
0.1988304 -0.4281362 1.578581
0.3391813 -0.2329793 0.9297059
0.3216374 -0.1756158 0.9151362
0.2631579 -0.07711027 0.7785279
0.4093567 -0.1391937 0.7586375
0.2046784 -0.3115234 1.454798
0.3333333 -0.2589152 1.012598
0.7134503 0.1582372 0.3894628
0.2923977 -0.1334657 0.8435765
0.2339181 -0.05658795 0.5510167
0.3859649 -0.2192308 0.871723
0.3157895 -0.07092043 0.6821411
0.502924 -0.2203103 0.7282959
0.5672515 -0.2446899 0.7329812
0.2631579 -0.1360336 0.948164
0.2923977 -0.2521942 1.062081
0.4035088 -0.03555444 0.5210541
0.4561404 -0.2101055 0.7597507
0.3918129 -0.1443127 0.7182652
0.3625731 0.00178879 0.5105688
0.3976608 -0.07271083 0.6248888
0.4035088 -0.2022003 0.8285274
0.5730994 0.0134627 0.3402344
0.4444444 -0.2736786 0.8454324
0.374269 -0.04652732 0.6592926
0.4561404 -0.2144191 0.7894904
0.4210526 -0.1054118 0.7447018
0.619883 -0.009948708 0.460895
0.251462 -0.1377756 1.028054
0.2923977 -0.4180205 1.239099
0.2807018 0.05151786 0.4446573
0.2748538 -0.03227093 0.6350656
0.4152047 -0.2061276 0.8231838
0.3216374 -0.118513 0.7628448
0.3976608 -0.1121287 0.7252596
0.2690058 -0.07289395 0.8506094
0.3099415 -0.105323 0.7520816
0.2339181 -0.1070033 0.9976005
0.374269 -0.07110004 0.6731795
0.3450292 -0.1546293 0.8244755
0.2573099 -0.1508222 0.880226
0.2690058 -0.2930507 1.19312
0.374269 -0.160855 0.760114
0.3274854 -0.08021263 0.5350071
0.2105263 -0.1817354 1.213041
0.4678363 -0.00914753 0.5612579
0.3391813 -0.246227 0.9221509
0.2982456 -0.2607464 1.07273
0.3099415 -0.1522512 0.831914
0.3391813 -0.1274321 0.7552564
0.251462 0.1658341 0.4217492
0.3508772 -0.1307838 0.6182111
0.4093567 -0.131903 0.748749
0.3216374 -0.2303832 0.9525234
0.3216374 -0.1913494 0.7918392
0.3274854 -0.2871554 1.039467
0.4561404 -0.2010592 0.761799
0.2280702 -0.2014906 0.7776109
0.2339181 -0.1200967 0.8926946
0.3274854 -0.2006728 0.9337815
0.502924 -0.2199471 0.7636824
0.4795322 -0.1074899 0.6412255
0.4853801 -0.03742058 0.5166223
0.4210526 -0.2124582 0.8562226
0.5672515 -0.2484423 0.711909
0.3625731 -0.1791556 0.8547893
0.4502924 -0.2183692 0.7378454
0.4152047 -0.2260541 0.8231595
0.380117 -0.2557507 0.9241578
0.4385965 -0.2659321 0.8749907
0.497076 -0.2924187 0.8107986
0.3625731 -0.162985 0.8649205
0.3157895 -0.2347876 0.9785921
0.4385965 -0.1965623 0.7788526
0.3684211 -0.1856266 0.8034
0.3859649 -0.3022146 0.9594675
0.5204678 -0.07972853 0.6068736
0.2631579 -0.09869629 0.7207134
0.5204678 -0.1014123 0.591059
0.3099415 -0.0001821246 0.434124
0.2397661 -0.1437378 1.036288
0.2865497 -0.192574 1.013425
0.3918129 -0.1386206 0.7295257
0.3157895 -0.1361676 0.7314373
0.4444444 -0.1556916 0.674173
0.1988304 -0.4517566 1.744296
0.3333333 -0.4019183 0.9464865
0.2807018 -0.2454712 1.040212
0.3274854 0.02827356 0.4939338
0.3508772 -0.1494904 0.7831294
0.4269006 -0.203178 0.8084449
0.4093567 -0.2221375 0.8427576
0.4035088 -0.2073514 0.8084358
0.3450292 -0.1241781 0.6831
0.4444444 -0.1457703 0.6919585
0.4912281 0.04472185 0.4828225
0.5497076 -0.2145154 0.6804674
0.4385965 -0.1860366 0.7188247
0.3216374 -0.1800941 0.9049248
0.4152047 -0.2457468 0.8610199
0.4678363 -0.02968198 0.5501987
0.3976608 -0.161525 0.7380863
0.4795322 -0.1112137 0.5516216
0.2923977 -0.1894824 0.9384559
0.2280702 -0.2636359 1.080277
0.2280702 -0.3179665 1.337531
0.2631579 -0.2594638 0.9061541
0.3216374 -0.2191299 0.9883811
0.6666667 -0.1696151 0.5615135
0.1929825 -0.3734655 1.529248
0.3450292 -0.3010853 0.9597151
0.4912281 0.0006562743 0.4692673
0.5263158 -0.2352226 0.7246814
0.3157895 -0.03895649 0.6912315
0.5263158 -0.02550062 0.5452112
0.3859649 -0.1703736 0.7761802
0.2865497 -0.09380093 0.8272272
0.251462 -0.1033701 0.9381104
0.1812865 -0.4915231 1.621669
0.3333333 -0.2379741 0.9176409
0.2923977 0.004184417 0.6388754
0.245614 -0.1721273 1.081508
0.3040936 -0.1257512 0.8820401
0.3333333 -0.07846098 0.7516116
0.5321637 -0.1205206 0.6370315
0.5614035 -0.2384584 0.688649
0.4853801 -0.1018636 0.5459821
0.4795322 -0.1361711 0.5479001
0.251462 -0.3752653 1.305681
0.2397661 -0.2127906 1.123781
0.3274854 -0.1823829 0.8613209
0.2339181 -0.5194687 1.421928
0.3859649 -0.2406379 0.8853833
0.3567251 -0.338143 1.012977
0.3274854 -0.2282177 0.9549855
0.2807018 -0.2102176 1.021482
0.2865497 -0.1791107 0.8995019
0.3684211 -0.1212314 0.7773979
0.2339181 -0.1668977 0.962007
0.2807018 -0.1791925 1.006556
0.2631579 -0.1158352 0.8559005
