0.5263158 -0.2614832 0.7858301
0.3976608 -0.2863265 0.9369779
0.5847953 -0.1276778 0.5934096
0.6023392 -0.2637708 0.7927993
0.5964912 -0.06095389 0.5259629
0.2690058 -0.3277436 1.229494
0.4444444 -0.230161 0.8210965
0.5263158 -0.2286955 0.7525561
0.7192982 -0.03493968 0.4590811
0.3391813 -0.2361753 0.9741269
0.4736842 -0.3433328 0.8952337
0.5672515 -0.3357239 0.7917342
0.4619883 -0.1425505 0.7128376
0.4444444 -0.2207628 0.8083043
0.5087719 -0.2411154 0.7998689
0.3918129 -0.2112396 0.8677383
0.3859649 -0.2404703 0.9203603
0.5555556 -0.0321737 0.5556308
0.251462 -0.1333654 0.9588979
0.4678363 0.01766713 0.4651806
0.2748538 -0.1247738 0.9500371
0.5730994 -0.6389978 1.433736
0.3333333 -0.1983309 0.9201737
0.6374269 0.07221383 0.4096198
0.4678363 -0.1625599 0.7061273
0.3859649 -0.2767291 0.8997476
0.5380117 -0.2913884 0.7949743
0.3859649 -0.1340779 0.7909776
0.3216374 -0.2218104 0.9736668
0.4035088 -0.2602109 0.9194036
0.4444444 -0.2509465 0.8447827
0.4093567 -0.1802341 0.7441916
0.2982456 -0.137842 0.7973903
0.4444444 -0.1496316 0.7426401
0.3391813 -0.1445578 0.8178799
0.4736842 -0.05358162 0.6144118
0.374269 -0.1942257 0.7789829
0.4795322 0.02507425 0.4171879
0.3391813 -0.2381288 0.9407911
0.245614 -0.2933405 1.095554
0.3099415 -0.257851 0.8254332
0.3976608 -0.219163 0.8114228
0.3450292 -0.1574451 0.6968176
0.3157895 -0.1687245 0.8805225
0.2631579 -0.3211694 1.209311
0.2807018 -0.4734753 1.34931
0.6140351 -0.2019598 0.6855828
0.2690058 -0.3598265 1.324721
0.4502924 -0.2410879 0.8134068
0.3859649 -0.1453972 0.8169656
0.4385965 -0.1675125 0.7199912
0.4444444 -0.1841397 0.7821242
0.6432749 -0.2168164 0.617709
0.4444444 -0.2235751 0.8266815
0.5146199 -0.2235043 0.7476695
0.4502924 -0.2173271 0.7689784
0.2397661 -0.147174 0.8950815
0.4795322 0.0347475 0.7938831
0.3567251 -0.1629316 0.8061273
0.6608187 -0.1226749 0.5830437
0.3216374 -0.1126606 0.6885971
0.2339181 0.009580043 0.845026
0.3274854 -0.21487 0.9274905
0.2573099 -0.2474032 1.059153
0.3625731 -0.2965528 1.007474
0.3625731 -0.3137294 0.9653367
0.2807018 -0.1617242 0.9277221
0.1929825 -0.2562053 1.256714
0.5146199 -0.2240929 0.7979168
0.3625731 -0.1492549 0.7128441
0.6432749 -0.179433 0.6396185
0.3274854 -0.3821854 1.111476
0.5321637 -0.2295591 0.7191809
0.8830409 -3.219366 4.474861
0.5321637 -0.1310762 0.5945854
0.497076 -0.2267755 0.752046
0.7017544 0.4456723 -0.04972063
0.5789474 -0.09536041 0.6056162
0.2748538 -0.4008887 1.249539
0.2807018 -0.2000039 1.019895
0.6491228 -0.2567855 0.7378168
0.5730994 -0.3372902 0.794568
0.3099415 -0.2619296 1.01518
0.5906433 -0.3228704 0.8235819
0.5497076 -0.111014 0.571618
0.3274854 -0.2653411 0.9713362
0.1871345 -0.498698 1.402474
0.5204678 -0.3128829 0.8267614
0.2690058 -0.1862305 1.044052
0.619883 -0.1954269 0.674816
0.3508772 -0.2805101 1.025276
0.2748538 -0.2290449 1.060733
0.4502924 -0.1908763 0.7310732
0.3333333 -0.09851359 0.7342359
0.4327485 -0.09939745 0.6713475
0.4385965 -0.261333 0.8898148
0.4502924 -0.134181 0.6702488
0.4795322 -0.2145588 0.7490024
0.502924 -0.06629996 0.532358
0.380117 -0.06253835 0.6450706
0.5146199 -0.1797092 0.739078
0.5730994 -0.1776168 0.6803725
0.3625731 -0.3366362 1.017426
0.3450292 -0.1558252 0.838469
0.251462 -0.2173873 1.146015
0.3450292 -0.1827583 0.880712
0.3099415 -0.490424 1.372332
0.5146199 -0.1903735 0.7653418
0.4093567 -0.2189445 0.8370731
0.4853801 -0.287124 0.81438
0.4795322 -0.2162287 0.7398727
0.380117 -0.1681588 0.8709591
0.4210526 -0.3144724 0.927843
0.2748538 -0.4453811 1.357003
0.4327485 -0.2010599 0.8086173
0.3157895 -0.2734074 1.033025
0.5087719 -0.2260229 0.7310618
0.4210526 -0.1431243 0.7028746
0.4210526 -0.2192341 0.8405466
0.3684211 -0.2337637 0.8853079
0.3391813 -0.2134864 0.9459223
0.2923977 -0.3116618 1.134093
0.7192982 -0.2675344 0.6679875
0.5204678 -0.2610093 0.7706626
0.4269006 -0.2607709 0.9027877
0.5204678 -0.262849 0.7738694
0.4152047 -0.1884456 0.8158102
0.4385965 -0.2040387 0.7325382
0.4444444 -0.1188808 0.6643715
0.251462 -0.3202601 1.353984
0.5146199 -0.1209536 0.6459337
0.3333333 -0.334969 1.043182
0.3274854 -0.1359017 0.7433961
0.8011696 -0.2617913 0.6689947
0.3157895 -0.01824298 0.6082525
0.3333333 -0.2783758 0.9968564
0.5146199 -0.2551728 0.790904
0.4152047 -0.2676662 0.859293
0.3918129 -0.1706657 0.8050971
0.251462 -0.1060066 0.92687
0.2690058 -0.2106777 1.105053
0.2748538 -0.3889335 1.1799
0.3684211 -0.251532 0.9159026
0.4093567 -0.1803462 0.8145069
0.5204678 -0.2187181 0.7679266
0.4678363 -0.124098 0.6528795
0.7192982 -0.1072924 0.5259702
0.4327485 -0.1879845 0.7959973
0.5614035 -0.2189565 0.7143117
0.3859649 0.02568434 0.5936001
0.2865497 -0.2833704 1.120054
0.4093567 -0.2540492 0.9268228
0.2631579 -0.3228341 1.209128
0.5730994 0.05603131 0.3396002
0.5380117 -0.2447777 0.7798953
0.3684211 -0.1978624 0.8735613
0.4736842 -0.2391112 0.7602594
0.5614035 -0.1577854 0.6576179
0.4385965 -0.2602712 0.7874553
0.3333333 -0.1999842 0.8912691
0.5497076 -0.174413 0.728075
0.5555556 -0.1950218 0.6777571
0.5497076 -0.2195522 0.7159963
0.380117 -0.1423696 0.7833862
0.3684211 -0.1545916 0.7237396
0.3918129 -0.2638146 0.9583967
0.245614 -0.1418359 1.011591
0.6491228 -0.2169077 0.6582536
0.4912281 -0.184216 0.733349
0.374269 -0.203574 0.8774968
0.5380117 -0.3085566 0.8330761
0.3976608 -0.2725945 0.9213033
0.3859649 -0.3313287 0.9864613
0.5906433 -0.09085396 0.5162388
0.3333333 -0.3096726 1.067334
0.380117 -0.162824 0.7891257
0.6140351 -0.2048781 0.6802235
