0.2631579 -0.1675801 0.9287172
0.4210526 -0.284139 0.9042556
0.3333333 -0.3677885 0.9673758
0.4795322 -0.2130914 0.7157597
0.1929825 -0.1165594 1.029067
0.3567251 -0.2608819 0.9306259
0.3976608 -0.2438417 0.8651585
0.4035088 -0.19523 0.8469746
0.3391813 -0.3203135 1.047762
0.5321637 -0.2178177 0.7155176
0.3567251 -0.261069 0.9042699
0.4093567 -0.1822898 0.6993073
0.4210526 -0.03163214 0.5232227
0.2923977 -0.6416567 1.006957
0.497076 -0.2095497 0.7425874
0.4327485 -0.1019106 0.6827168
0.4093567 -0.2325085 0.8345178
0.5321637 -0.2359591 0.7322402
0.5263158 -0.06929407 0.5925015
0.4210526 -0.2082351 0.7744142
0.3391813 0.07812069 0.5612706
0.2397661 -0.234617 1.115567
0.2982456 -0.2572692 1.073712
0.3157895 0.03306861 0.5260387
0.3157895 -0.265738 1.075724
0.4678363 -0.2031673 0.7572735
0.245614 -0.1001579 0.7377316
0.1812865 -0.4145402 0.1656227
0.2923977 -0.2317648 1.032941
0.2690058 -0.3407226 1.221113
0.4093567 -0.2140455 0.8137663
0.3567251 -0.1282731 0.7777309
0.3274854 -0.1598613 0.8206925
0.3391813 -0.1252232 0.7590525
0.2573099 -0.1368708 0.9199364
0.4385965 -0.159871 0.7542976
0.4619883 -0.1819615 0.7306278
0.4152047 -0.1017301 0.6878658
0.3625731 -0.1330343 0.8230611
0.3157895 -0.2126953 0.8854255
0.2923977 -0.08778474 0.676479
0.2046784 -0.2340581 1.17242
0.4795322 0.03036621 0.4852257
0.3859649 -0.3618128 0.9186832
0.2923977 -0.1675742 0.9081913
0.2690058 -0.2383162 0.9277421
0.3918129 -0.07989832 0.6427858
0.3333333 -0.3155239 0.9963411
0.2573099 -0.2160147 0.9081843
0.4152047 -0.3105446 0.9099296
0.3625731 -0.2562816 0.8749074
0.4152047 -0.2476361 0.8835468
0.5614035 -0.04448381 0.5705601
0.3216374 0.002832124 0.546758
0.3216374 -0.2594802 1.011235
0.3508772 -0.1805589 0.8836781
0.4561404 -0.2529111 0.8201047
0.2807018 -0.1544396 0.8986973
0.5964912 -0.1820364 0.6284244
0.4502924 -0.1615571 0.7555453
0.2573099 -0.2827627 1.171048
0.380117 -0.02359868 0.6144219
0.2865497 -0.2662055 1.104882
0.4678363 -0.1034423 0.6472624
0.3625731 -0.2550848 0.9135939
0.4444444 -0.1775267 0.7207044
0.6140351 -0.1271427 0.6042337
0.374269 -0.06264434 0.7075402
0.3216374 -0.3954945 0.8978391
0.4444444 -0.09964584 0.6821217
0.502924 -0.1786192 0.7205718
0.5497076 -0.3154892 0.7943419
0.4853801 -0.1981444 0.7532925
0.4152047 -0.2666018 0.9234449
0.6608187 0.5106691 -0.01098236
0.3333333 -0.3296912 1.064571
0.3976608 -0.2860814 0.941551
0.5847953 -0.1327137 0.5700138
0.3684211 -0.2658909 0.761339
0.5263158 -0.04153962 0.4958172
0.4795322 -0.2014129 0.7379874
0.3099415 -0.1962297 0.9241422
0.4152047 -0.02415679 0.431073
0.3625731 -0.2130925 0.7621369
0.4736842 -0.29962 0.8318081
0.4327485 -0.2392885 0.8661719
0.2865497 -0.258528 1.074888
0.4444444 -0.2634484 0.8649224
0.5438596 -0.05438829 0.559845
0.4561404 -0.1774481 0.763792
0.3684211 -0.1312739 0.7651717
0.3040936 -0.2358831 1.022445
0.6315789 -0.0425381 0.2083509
0.3450292 -0.2331387 0.9620266
0.5555556 -0.2969715 0.7835617
0.3099415 -0.04153871 0.6712645
0.5380117 -0.02248768 0.5372397
0.1695906 0.06640516 0.5782474
0.3391813 -0.3938019 1.084753
0.251462 -0.4322153 1.496303
0.4444444 -0.2942386 0.8518917
0.4327485 -0.1463075 0.6322635
0.2923977 -0.3905763 1.182232
0.3099415 -0.1451698 0.8808658
0.3567251 -0.2867993 0.9515456
0.3040936 -0.1291139 0.8119172
0.3450292 -0.06633683 0.7067774
0.2807018 -0.06735144 0.6669402
0.2105263 -0.5984539 1.327732
0.3099415 -0.2984455 1.156944
0.4093567 -0.3136705 0.9206694
0.502924 -0.2000546 0.6686362
0.3216374 -0.3133336 1.078504
0.4912281 -0.08628506 0.6012032
0.4853801 -0.2217664 0.791601
0.3040936 -0.1309078 0.848175
0.2105263 -0.02335728 0.6010863
0.3333333 -0.3622728 1.105099
0.1988304 -0.5428329 1.649472
