0.4853801 -0.09935563 0.6349972
0.5204678 -0.2287494 0.748519
0.2807018 -0.469287 1.354281
0.5204678 -0.114858 0.624105
0.5204678 -0.2988269 0.7745624
0.5321637 -0.02146672 0.4913696
0.4152047 -0.235568 0.8729817
0.5204678 -0.1939061 0.7401297
0.4619883 -0.1466193 0.6971945
0.2748538 -0.1830389 1.028745
0.3216374 -0.21722 0.9823624
0.2631579 -0.2772372 1.239584
0.3333333 -0.2802211 1.02597
0.4269006 -0.1936117 0.8355949
0.4269006 -0.07778875 0.6495369
0.3625731 -0.1274175 0.8108913
0.251462 -0.2630682 1.019828
0.4152047 -0.3102869 0.9469036
0.2807018 -0.3078868 1.129632
0.3391813 -0.1434552 0.8357243
0.4795322 -0.270244 0.8244821
0.4385965 -0.3041251 1.110866
0.3333333 -0.2904471 1.053907
0.6666667 -0.07089081 0.5158892
0.5263158 -0.3268874 0.8066279
0.6666667 -0.1162087 0.558125
0.6374269 -0.02583787 0.4708119
0.3157895 -0.1344235 0.7674508
0.4502924 -0.1788819 0.755518
0.4093567 -0.3698459 0.8937895
0.2631579 -0.09607892 0.8806102
0.2397661 -0.06231269 0.7906594
0.2573099 -0.4493813 1.367144
0.3508772 -0.1869102 0.8583941
0.4502924 -0.2118015 0.7854465
0.5555556 -0.2570679 0.7685572
0.3625731 -0.1431211 0.76117
0.4795322 -0.3118601 0.8450651
0.3391813 -0.3513762 1.089593
0.2222222 -0.2855541 1.308887
0.3391813 -0.3239217 1.085718
0.6432749 -0.06645169 0.4565398
0.5087719 -0.3146774 0.8222987
0.5087719 -0.05610019 0.5549954
0.6432749 -0.08725613 0.5076188
0.7426901 -0.1076515 0.5352767
0.6315789 0.06831209 0.3762293
0.5730994 -0.1864409 0.6698378
0.3391813 -0.1383599 0.8506079
0.2690058 -0.1526901 0.9818973
0.3333333 -0.1914446 0.8987656
0.2573099 -0.1440913 1.007372
0.4035088 -0.2271617 0.8633926
0.2690058 -0.3691446 1.288942
0.3684211 -0.2295838 0.9139065
0.2690058 -0.2022892 1.034878
0.380117 -0.04300336 0.6263889
0.625731 -0.1203265 0.5582342
0.3567251 -0.1742643 0.8470299
0.4912281 -0.1346447 0.6760429
0.3508772 0.03504584 0.4129442
0.2339181 -0.1248217 0.9944036
0.2748538 -0.2242313 1.044382
0.4210526 -0.2549042 0.8689958
0.2397661 -0.3668619 1.107313
0.3040936 -0.2747383 1.030853
0.251462 -0.2846459 1.085704
0.380117 -0.2760887 0.953447
0.4210526 -0.1170849 0.7628377
0.2690058 -0.1043257 0.9234201
0.3216374 -0.1794357 0.9948795
0.3976608 -0.1413327 0.7532462
0.4561404 -0.1546964 0.684991
0.3450292 -0.3129046 1.096346
0.3157895 -0.1915756 0.8620113
0.3274854 -0.1682551 0.9251625
0.2573099 -0.1043679 0.5619311
0.6959064 -0.173933 0.6444769
0.625731 -0.2356848 0.7125267
0.4795322 -0.170971 0.7226367
0.5380117 -0.2353859 0.7648922
0.4093567 -0.2256315 0.8823959
0.2865497 -0.1377586 0.8429287
0.380117 -0.1872661 0.8119071
0.3099415 -0.1237508 0.8551277
0.2222222 -0.2914507 1.302453
0.2222222 -0.3250482 1.134501
0.3333333 -0.2954484 1.029741
0.3508772 -0.1304854 0.8078525
0.3684211 -0.2617041 0.9676783
0.4736842 -0.1974168 0.6829209
0.2163743 -0.05365976 0.963275
0.3391813 0.04954603 0.4452148
0.2280702 -0.1831355 1.10759
0.2573099 0.07205597 0.5311777
0.2865497 -0.1539047 0.8494963
0.4093567 0.1110509 0.4727387
0.2690058 -0.1812837 0.7874161
0.3040936 -0.1818878 0.9373018
0.4152047 -0.1599605 0.8207337
0.3684211 -0.2194197 0.918623
0.3625731 -0.2629793 0.9648697
0.3099415 -0.3050866 1.058197
0.3216374 -0.1607025 0.8893394
0.245614 -0.2775582 1.254927
0.4385965 -0.09650553 0.6145892
0.497076 -0.1279988 0.6908769
0.4619883 -0.1882532 0.8130896
0.4853801 -0.2186883 0.777387
0.2982456 -0.2717545 1.077114
0.2280702 -0.2270476 1.230017
0.2690058 -0.3060005 1.189333
0.4385965 -0.1757559 0.7610273
0.3976608 -0.2454739 0.8880885
0.6900585 -0.2495341 0.6716494
0.5614035 -0.2543679 0.7615578
0.4736842 -0.08776614 0.5551494
0.4853801 -0.186743 0.7307462
0.4678363 -0.06060958 0.5375897
0.6900585 -0.3175759 0.7138656
0.5497076 -0.1614184 0.6813432
0.245614 -0.1853389 1.128082
0.4736842 -0.09429377 0.6291069
0.2573099 -0.1975521 1.120313
0.5789474 -0.01522435 0.4048237
0.4619883 0.03498486 0.5463521
0.2982456 -0.2081524 1.023429
0.3040936 -0.009727055 0.6942011
0.2748538 0.06567793 0.4021178
0.2982456 -0.178206 0.8935827
0.3625731 -0.2386279 0.8957667
0.4385965 0.0446993 0.4529469
0.2573099 -0.300223 1.181185
0.625731 -0.04721665 0.5336152
0.2923977 -0.1838608 0.9663214
0.3567251 -0.1901685 0.9197622
0.4795322 -0.3051364 0.7967014
0.2748538 -0.2353328 1.120063
0.245614 -0.2752738 1.294308
0.380117 -0.1892464 0.9037394
0.251462 -0.4494632 1.536223
0.6432749 -0.2485942 0.6705548
0.6842105 0.1385002 0.2929766
0.6900585 -0.1008246 0.5296854
0.6140351 -0.2605127 0.7075725
0.3567251 -0.1952605 0.8516124
0.4269006 -0.2631001 0.8851294
0.2573099 -0.1686748 1.08981
0.3508772 -0.3423728 1.035768
0.6315789 -0.1698655 0.6065499
0.6608187 -0.517424 0.8849943
0.7368421 -0.5777897 0.9732933
0.7426901 -0.1334541 0.4801503
0.7134503 -0.2650181 0.6504138
0.6140351 -0.3434568 1.446005
0.5146199 -0.1763838 0.7031928
0.3859649 -0.1450654 0.7917392
0.6549708 -0.09011449 0.4960448
0.5087719 -0.2969983 0.7960324
0.5789474 -0.136019 0.6154419
0.625731 -0.2438556 0.6948034
0.5087719 -0.1968134 0.7576986
0.5614035 -0.4368588 1.205704
0.4210526 -0.0831237 0.6858993
0.3976608 -0.2080381 0.7972714
0.2865497 -0.1425235 0.9909417
0.2163743 -0.2610449 1.265448
0.2046784 -0.06100852 0.299731
0.6608187 -0.02560545 0.4475862
0.2163743 -0.2792705 1.200027
0.2748538 -0.3860441 1.311585
0.5555556 0.009292811 0.4365854
0.3567251 -0.1465125 0.7854874
0.3157895 -0.1479313 0.825588
0.4152047 -0.1999311 0.8203097
0.374269 -0.1701323 0.8661594
0.3099415 -0.3652629 1.180497
0.4152047 -0.1358195 0.7615521
0.3625731 -0.18983 0.8661248
0.3567251 -0.1799227 0.848975
0.2807018 -0.1946732 1.01588
0.2807018 -0.0712431 0.7762659
0.2573099 -0.1413029 1.011633
0.2397661 -0.3524324 1.199057
0.3508772 0.07932851 0.3637704
0.2631579 -0.168263 1.051501
0.3508772 -0.08093416 0.7650195
0.2807018 -0.09058169 0.6227179
0.3040936 -0.2131516 0.9489655
0.3625731 -0.2327611 0.8308917
0.3918129 0.04604743 0.5455067
0.1871345 -0.007569509 0.5930356
0.245614 -0.1193058 0.9673261
0.2339181 -0.2440146 1.103931
0.3099415 -0.3928961 1.140433
0.3859649 -0.1762359 0.8397588
0.502924 -0.2446108 0.7748324
0.4327485 -0.1663725 0.7573974
0.3625731 0.01150355 1.154874
0.5555556 0.1043729 0.3342673
0.5555556 -0.3236657 0.7796814
0.5789474 -0.2798969 0.757198
0.6140351 -0.1187766 0.5685608
0.3508772 -0.09223462 0.741594
0.4678363 -0.2007967 0.7253289
0.374269 -0.2443442 0.8886828
0.3216374 -0.2667 1.066416
0.4444444 -0.1204796 0.7311383
0.8479532 0.5632684 -0.175067
0.3684211 -0.1514711 0.7681387
0.6666667 -0.2199189 0.6980495
0.8245614 -0.1181195 0.5617468
0.502924 -0.2096278 0.7499124
0.4561404 -0.2101558 0.7790458
0.3508772 -0.3276531 1.064739
0.4210526 -0.1533743 0.7560154
0.3099415 -0.1121841 0.7129794
0.5087719 -0.2626518 0.8058018
0.5087719 -0.2093249 0.7850655
0.4912281 -0.344778 0.8532416
0.4327485 -0.04316837 0.5606326
0.4269006 -0.09650313 0.729667
0.7777778 0.05202311 0.3575328
0.6725146 -0.3095283 0.734381
0.3976608 -0.3011623 0.9885417
0.6783626 -0.1577472 0.5897175
0.4444444 -0.1947677 0.8079258
0.5263158 0.04112037 0.4372571
0.5497076 -0.1702502 0.7279744
0.2280702 -0.6534968 1.992794
0.7426901 -0.06705322 0.4123173
0.1871345 -0.3722606 1.64501
0.4561404 -0.2008733 0.7822163
0.5146199 -0.2087678 0.723922
0.4327485 -0.08969673 0.6257538
0.3040936 -0.2792452 1.099829
0.3216374 -0.1423275 0.8363102
0.4093567 -0.08646071 0.6708472
0.4093567 -0.08224727 0.6028747
0.3333333 -0.2497365 1.007549
0.5847953 -0.1817434 0.668066
0.4385965 -0.173553 0.7903059
0.3508772 -0.2051417 0.9158929
0.380117 0.01404605 0.5358013
0.5906433 0.1571058 0.2446898
0.5263158 -0.1319968 0.6200963
0.5730994 -0.1310683 0.5700882
0.2690058 -0.1124144 0.904504
0.7426901 -0.2332751 0.7498634
0.6374269 -0.1772768 0.6351347
0.3976608 0.01461338 1.345602
0.3333333 -0.1967586 1.002912
0.4619883 -0.2682798 0.8697018
0.3040936 -0.2247332 1.075426
0.5672515 -0.2083111 0.6634648
0.2923977 -0.1219948 0.885676
0.2339181 -0.09709768 0.7421299
0.3976608 -0.1880335 0.7855636
0.3976608 -0.2964201 0.7967439
0.4269006 -0.1524226 0.7379548
0.4678363 -0.1143532 0.643282
0.3859649 -0.126015 0.6668581
0.3216374 -0.1063964 0.7631275
0.3274854 -0.2329944 0.9410753
0.3099415 -0.1307165 0.8304995
0.5672515 -0.1651867 0.6850176
0.4502924 -0.09964577 0.5967424
0.2807018 -0.1666363 0.9587101
0.3040936 -0.04576902 0.6582983
0.2865497 -0.1787894 0.9723376
0.251462 -0.2346447 1.034425
0.3450292 -0.1384542 0.8054993
0.3684211 -0.02211868 0.6139974
0.4210526 -0.1805465 0.8015864
0.4327485 -0.2003403 0.7330208
