0.6959064 -0.06105159 0.4047879
0.4385965 -0.2699827 0.8076725
0.2748538 -0.2457497 1.129287
0.4035088 -0.134821 0.7412664
0.2865497 -0.002656823 0.6392489
0.1695906 -0.50517 1.520494
0.1988304 -0.1325354 0.9914138
0.2690058 -0.2921326 0.9700525
0.4210526 -0.2332936 0.8540723
0.2163743 -0.264048 0.7871645
0.2865497 -0.2570182 0.9817661
0.2280702 -0.2360564 1.204609
0.3216374 -0.1393967 0.8366
0.3216374 -0.2252114 1.003449
0.3099415 -0.2049769 0.8193189
0.3450292 -0.1293365 0.7522413
0.4561404 -0.2361664 0.7796701
0.4912281 -0.2879269 0.8257573
0.3333333 -0.1423262 0.8825441
0.4210526 -0.06658534 0.620672
0.5964912 -0.1795037 0.6482337
0.502924 -0.1901067 0.7161587
0.6023392 -0.3128345 0.7736012
0.1812865 -0.4466214 1.810153
0.3859649 -0.2185415 0.7826117
0.3040936 -0.007025092 0.6114102
0.2280702 -0.3600616 1.456898
0.2631579 -0.1549663 0.9510915
0.4561404 -0.2181488 0.7641091
0.3099415 -0.2011163 0.9179215
0.5847953 -0.1661699 0.5815287
0.3216374 -0.2114798 0.9067159
0.3859649 -0.1846776 0.8013678
0.251462 -0.2555535 1.178815
0.2690058 -0.2653018 1.169764
0.2222222 -0.2077607 1.271945
0.4736842 -0.2611499 0.7817554
0.2982456 -0.2319335 1.016663
0.3976608 -0.2898303 0.895353
0.251462 -0.1098013 0.8632905
0.245614 -0.408086 1.350365
0.2923977 -0.205931 0.8627063
0.2807018 -0.1077116 0.5093259
0.3684211 -0.285344 0.9381215
0.4210526 -0.2935539 0.8950167
0.2865497 -0.2458288 1.079022
0.3274854 -0.2438217 0.951406
0.3040936 -0.2460283 0.9868802
0.1695906 -0.2586841 1.315506
0.3508772 -0.1851164 0.8901588
0.3684211 -0.2335564 0.8707321
0.3040936 -0.1445105 0.8086105
0.4152047 -0.1446466 0.7483615
0.497076 -0.1925315 0.7111274
0.2748538 -0.003609819 0.5560041
0.3099415 0.05621831 0.4850422
0.2397661 -0.271476 0.9222567
0.251462 -0.2347278 1.112077
0.2573099 -0.1384779 0.8788646
0.1929825 -0.2720355 0.8824475
0.374269 -0.4433264 1.024947
0.3040936 -0.3776634 1.081007
0.2280702 -0.2013542 1.053655
0.2222222 -0.2286406 1.092273
0.3567251 -0.2183227 0.7737116
0.3216374 -0.1724917 0.8401887
0.3918129 -0.1817559 0.7837005
0.2865497 -0.1926275 1.035681
0.3274854 -0.2740106 0.995898
0.4210526 -0.1215084 0.5859812
0.5204678 -0.1063077 0.6137048
0.374269 -0.167523 0.7836204
0.2222222 -0.2262634 1.124264
0.2280702 -0.1294061 1.082129
0.2923977 -0.308002 1.092369
0.2105263 -0.06407773 0.6936671
0.3859649 -0.08621048 0.6728645
0.3859649 -0.1720849 0.7691517
0.3216374 -0.01014022 0.5624805
0.2865497 -0.1265232 0.9627984
0.4327485 -0.1350483 0.6755845
0.3333333 -0.2692243 0.9916353
0.3625731 -0.2327186 0.9181666
0.5087719 -0.1730216 0.6821849
0.497076 -0.3011573 0.8541487
0.3567251 -0.165161 0.7555516
0.497076 -0.2457982 0.7614779
0.3567251 -0.1294467 0.7586907
0.3333333 -0.3156161 1.07499
0.497076 -0.2106038 0.7515458
0.3333333 -0.122758 0.8276741
0.4327485 -0.1078539 0.5518441
0.5146199 -0.2572897 0.7006576
0.3333333 0.0007651756 0.5251135
0.2748538 -0.4206437 1.068712
0.3450292 -0.2542436 0.9416167
0.3859649 -0.1970658 0.8748074
0.245614 -0.3999513 1.401251
0.5146199 -0.211387 0.6880888
0.1754386 -0.4970786 1.725475
0.4619883 -0.01309892 0.5580627
0.5321637 -0.1732435 0.6849413
0.4327485 -0.1780423 0.7196071
0.3274854 -0.1750325 0.8622258
0.4502924 -0.2741091 0.8253397
0.245614 -0.3636819 1.385989
0.4678363 -0.1567809 0.6324827
0.2923977 -0.1352222 0.9103518
0.2865497 -0.3354431 1.207009
0.3450292 -0.2645343 0.9910783
0.3567251 -0.02941395 0.5405614
0.2339181 -0.3533395 1.183801
0.4210526 -0.155074 0.7574092
0.3625731 -0.1960261 0.8990871
0.2982456 -0.2488658 0.82041
0.2105263 -0.2743303 1.313419
0.4327485 -0.2659044 1.089684
0.3567251 -0.240164 0.9428898
0.3274854 -0.2543309 0.8256306
0.2222222 -0.2823453 1.271395
0.4210526 -0.1847819 0.809074
0.3450292 -0.1494977 0.7293355
0.2748538 -0.3398593 1.171326
0.3859649 -0.1163251 0.6936025
0.2573099 -0.1537986 1.026972
0.2748538 -0.2634524 1.152912
0.2222222 -0.1434272 1.092096
0.3859649 -0.2392093 0.9057093
0.3391813 -0.2568625 1.006955
0.3508772 -0.1819588 0.8976156
0.2982456 -0.199046 0.9544686
0.3859649 -0.07475614 0.6789591
0.2339181 -0.216315 1.016094
0.1988304 -0.2758626 1.373917
0.3918129 -0.1875424 0.8225706
0.6023392 -0.2956402 0.7639927
0.245614 -0.1345501 0.9340714
0.4853801 -0.0600737 0.536791
0.4795322 -0.2412782 0.8253095
0.2280702 -0.1550036 1.067743
0.5087719 -0.08516277 0.5948506
0.2163743 -0.1706511 0.8277997
0.3040936 -0.1696538 0.8455466
