0.3391813 -0.2803806 0.860632
0.2222222 -0.1878004 0.768311
0.380117 -0.1502295 0.7159136
0.245614 0.1871554 -0.01904827
0.2280702 -0.05247507 0.7060521
0.3625731 -0.169472 0.8584978
0.374269 -0.15684 0.7840253
0.3099415 -0.1452938 0.8748696
0.2280702 -0.337732 1.351768
0.245614 -0.3549382 1.39542
0.2280702 -0.2954896 1.343193
0.2807018 -0.1466435 0.9458205
0.2748538 -0.1628145 0.8997703
0.2865497 -0.09019213 0.7502243
0.245614 -0.2429258 1.162241
0.2807018 -0.08529112 0.7637066
0.2807018 -0.1359213 0.682431
0.2865497 -0.2874669 1.044303
0.3040936 0.005636444 0.5881384
0.3099415 -0.1495429 0.7538243
0.5438596 -0.3087383 0.7577778
0.2982456 -0.2962919 0.8822965
0.2923977 -0.1689834 0.9306574
0.3918129 -0.3574183 0.9788187
0.2631579 -0.2086855 1.040222
0.3450292 -0.2099354 0.9049905
0.2573099 -0.178345 0.9515865
0.2631579 -0.2511909 1.091863
0.2748538 -0.2111716 0.7678496
0.1637427 -0.1130114 1.106614
0.3157895 -0.3452237 1.114605
0.3157895 -0.1356812 0.7461512
0.2163743 -0.3505507 1.425415
0.251462 -0.2715769 1.121939
0.2865497 -0.2081142 1.023377
0.2222222 -0.0891537 0.9276663
0.3918129 -0.2473385 0.8829968
0.1929825 -0.2351632 1.217747
0.2690058 -0.1454906 0.8781276
0.2573099 -0.3880374 1.247422
0.2807018 -0.1997532 1.021352
0.4736842 -0.1582065 0.6485747
0.3333333 -0.3036785 1.075003
0.2163743 -0.4054972 1.417507
0.4210526 -0.2106789 0.8148254
0.3859649 -0.2331143 0.860869
0.2280702 -0.2380791 0.9133629
0.4502924 -0.26263 0.8024341
0.2105263 -0.5188381 1.162507
0.1988304 -0.3426293 1.372213
0.3450292 -0.2273305 0.8706104
0.1695906 -0.5056775 1.523896
0.1871345 0.1587818 0.31371
0.2339181 -0.1098727 0.9900213
0.2631579 -0.3181067 1.240702
0.3391813 -0.06032273 0.6960766
0.3274854 -0.19129 0.9853452
0.3976608 -0.1364771 0.6892407
0.1695906 -0.179 1.363394
0.4502924 -0.1918307 0.729114
0.5672515 -0.1185621 0.5826225
0.2631579 -0.1625734 1.00848
0.3918129 -0.325675 0.9474996
0.2046784 -0.2117188 1.172419
0.3976608 -0.03657815 0.4887971
0.2748538 -0.294824 1.109237
0.3567251 -0.1593123 0.8740668
0.3333333 -0.1635508 0.7828764
0.3157895 -0.1310089 0.7697482
0.3274854 -0.1532989 0.7402523
0.245614 -0.3195244 1.027658
0.2339181 -0.6098167 0.9391217
0.2163743 -0.5027776 1.24798
0.374269 -0.3159966 0.9431558
0.4736842 -0.099186 0.5721608
0.4269006 -0.1699237 0.7622628
0.3508772 -0.2797563 0.9504076
0.3450292 -0.1837563 0.8513903
0.2397661 -0.01467663 0.1581997
0.3918129 -0.2094464 0.863229
0.3157895 -0.1428593 0.8299345
0.2807018 -0.1592403 0.8528056
0.245614 -0.2434231 1.164405
0.3040936 -0.2529286 1.040593
0.3391813 -0.1155851 0.7845814
0.2923977 -0.1480514 0.8381397
0.3333333 -0.05173527 0.7020322
0.4093567 -0.2451949 0.7902072
0.3625731 0.07847975 0.3804082
0.3216374 -0.108564 0.7257241
0.2339181 -0.1370278 0.9946931
0.3567251 -0.1256514 0.7441779
0.1871345 -0.2409869 1.244981
0.1754386 -0.3202074 1.40837
0.2748538 -0.04013831 0.571706
0.1929825 -0.2882004 1.398626
0.3450292 -0.3155283 1.015399
0.3216374 -0.2340207 0.989906
0.2631579 -0.2757786 1.171071
0.3625731 -0.1837866 0.6831277
0.3391813 -0.2974601 0.9726242
0.2748538 -0.3761097 1.031356
0.245614 -0.2766272 1.19393
0.2690058 -0.07104258 0.7717897
0.1988304 -0.332879 1.296106
