0.6315789 0.03949598 0.3372802
0.2923977 -0.3242613 1.213347
0.6432749 -0.1024208 0.5308337
0.4502924 -0.204803 0.7848065
0.4327485 -0.2129351 0.819651
0.5321637 -0.1792745 0.6839347
0.2280702 -0.1899071 1.20661
0.3391813 -0.03011968 0.7091847
0.5087719 -0.06028855 0.5415315
0.619883 0.06967846 0.4482155
0.6666667 -0.1052793 0.5600975
0.5555556 -0.08138218 0.5972513
0.3450292 -0.1291189 0.7785326
0.619883 -0.255198 0.7160326
0.2631579 -0.2524698 1.147931
0.5321637 -0.05888327 0.5376851
0.3157895 0.08008935 0.5583994
0.4093567 -0.1633282 0.8096893
0.374269 0.1512799 0.459486
0.2163743 -0.3169278 1.373454
0.3040936 -0.154489 0.945861
0.2631579 -0.3893385 1.413339
0.5087719 -0.1214232 0.6412549
0.5438596 -0.1967975 0.7263853
0.2631579 -0.0961182 0.9743951
0.374269 -0.1955993 0.8479918
0.4035088 -0.1437896 0.7655221
0.2982456 -0.2038719 1.037531
0.2280702 -0.2370476 1.238784
0.2046784 -0.3184609 1.484446
0.2923977 -0.2984283 1.167074
0.4502924 -0.1810911 0.7416595
0.2573099 -0.1842382 1.111897
0.5204678 -0.08553745 0.6232375
0.3508772 -0.2416992 1.009856
0.3274854 -0.158038 0.9382193
0.251462 -0.2072065 1.191236
0.2748538 -0.3284337 1.256412
0.4619883 -0.2227948 0.8155173
0.5146199 -0.265171 0.7767246
0.3918129 -0.2019807 0.8798335
0.5380117 -0.3907413 1.211844
0.2865497 -0.1533249 0.9526589
0.2923977 -0.283001 1.124908
0.1812865 -0.08538441 1.226645
0.4795322 -0.1687583 0.7387619
0.6432749 -0.1283062 0.5561113
0.2105263 -0.1816199 1.290197
0.5087719 -0.02592288 0.5640191
0.128655 -0.4305841 2.108296
0.6842105 -0.02319219 0.4577472
0.3333333 -0.1919858 0.9337125
0.3274854 -0.1955165 0.9414587
0.6959064 0.124322 0.3159707
0.3333333 -0.1312535 0.8447016
0.4912281 0.01402311 0.5031363
0.2923977 -0.31343 1.212937
0.3450292 -0.01875748 0.6204686
0.3216374 -0.2906848 1.11372
0.245614 -0.3619972 1.416021
0.2690058 0.04437816 0.7209277
0.3157895 -0.2410583 1.025155
0.4912281 -0.1878019 0.7355176
0.4210526 -0.3227768 0.9616605
0.4327485 -0.1686296 0.8201682
0.3684211 -0.03799656 0.6594877
0.3567251 -0.2304027 0.9478827
0.4736842 -0.1265971 0.691908
0.5789474 -0.2929455 0.7588378
0.2397661 -0.2374586 1.244632
0.2923977 -0.1302488 0.9175871
0.2865497 -0.02300587 0.8048199
0.4912281 -0.08433754 0.6277742
0.3099415 -0.1907083 0.9529547
0.374269 -0.2191176 0.9089022
0.3508772 -0.1875382 0.8769406
0.2046784 -0.3323075 1.538852
0.1754386 -0.4252344 1.730286
0.2807018 -0.2058827 1.074863
0.3216374 -0.1010453 0.8250356
0.3918129 -0.2515978 0.9524979
0.2046784 -0.3274849 1.462206
0.5964912 -0.161982 0.6282221
0.5614035 -0.2171294 0.6959912
0.2631579 -0.244918 1.17535
0.4619883 -0.1159173 0.7156125
0.2631579 -0.02797465 0.8010742
0.4502924 -0.1343907 0.7179011
0.4210526 -0.0847236 0.7108235
0.4210526 -0.169848 0.793199
0.4912281 -0.1608471 0.7034602
0.251462 -0.2769684 1.277559
0.245614 -0.4019493 1.464219
0.3216374 -0.1955401 0.9462593
0.5964912 -0.1995386 0.6919379
0.3391813 -0.1807748 0.8876798
0.5204678 -0.246577 0.8184016
0.3391813 -0.09226904 0.8129451
0.3391813 -0.1592168 0.8644938
0.374269 0.03003747 0.6142626
0.5087719 -0.09612831 0.6027746
0.3333333 -0.04122548 0.7450788
0.4035088 -0.09672541 0.7426522
0.2573099 -0.1143851 1.03808
0.1637427 -0.5061256 2.211049
0.4210526 -0.07026183 0.6786893
0.4619883 -0.133904 0.7383932
0.4561404 -0.161191 0.7603878
0.3391813 -0.2006418 0.9289623
0.1812865 -0.09312298 1.194347
0.3216374 -0.2509011 0.9748417
0.2163743 -0.6104292 0.6529193
0.4385965 -0.2141236 0.853676
0.3216374 -0.2611867 1.079747
0.2163743 -0.5104913 1.692398
0.245614 -0.2777213 1.264945
0.5555556 -0.2023255 0.6976436
0.5438596 -0.1960987 0.6900235
0.2865497 -0.2573939 1.148996
0.5263158 -0.1634686 0.733745
0.625731 0.2265888 0.1503546
0.4795322 -0.03883046 0.5503584
0.1929825 -0.09114601 1.234573
0.4502924 -0.1304171 0.6411011
0.4736842 -0.1056752 0.6540547
0.3859649 -0.2256341 0.8829971
0.374269 -0.2493212 0.9058987
0.3625731 -0.3056446 1.0009
0.3918129 -0.2431 0.9432127
0.3333333 -0.2482371 1.026624
0.374269 -0.1071706 0.7503158
0.3508772 -0.1754523 0.8673953
0.3391813 -0.2298211 0.9507831
0.3450292 -0.09482205 0.8154721
0.2748538 -0.2664759 1.224301
0.4736842 -0.2047847 0.7480043
0.5321637 0.02064005 0.4501415
0.5555556 0.04888194 0.3794221
0.1988304 0.05363057 0.9629294
0.4152047 -0.2531691 0.9376527
0.4093567 -0.1229028 0.7295818
0.2748538 -0.3937178 1.33501
0.380117 -0.2486239 0.9497788
0.4795322 -0.2648144 0.8162937
0.5672515 0.1191688 0.3916343
0.2280702 -0.1712602 1.157752
0.4795322 0.0122589 0.5391345
0.1695906 -0.2008543 1.397263
0.3918129 -0.04715229 0.6392921
0.245614 0.04167849 0.7621066
0.1812865 -0.125392 1.22441
0.1988304 -0.04201114 0.9275165
0.1695906 -0.2532077 1.6142
0.4210526 -0.03148737 0.5806332
0.3918129 -0.04708627 0.6299462
0.4502924 -0.1329172 0.728054
0.2982456 -0.07859098 0.767774
0.2807018 -0.1452847 0.9686453
0.4035088 0.03809539 0.5713567
0.1637427 -0.2581652 1.577552
0.4736842 -0.1810757 0.7645114
0.3216374 -0.06532446 0.7903277
0.2865497 -0.2228099 1.051184
0.4444444 -0.1908961 0.7899234
0.1988304 -0.078214 1.146846
0.4912281 -0.2126736 0.8006523
0.2690058 -0.02668925 0.84779
0.2573099 -0.1839358 1.023581
0.4736842 -0.2521395 0.8312871
0.2222222 -0.2559546 1.20868
0.1929825 -0.1578108 1.745247
0.2046784 -0.2970862 1.507228
0.2923977 -0.1774469 1.00071
0.3157895 -0.216271 1.032215
0.5614035 -0.2073205 0.6896308
0.2280702 -0.08370865 0.9807227
0.5730994 -0.1918141 0.693734
0.2046784 -0.3745142 1.626189
0.3684211 -0.00717489 0.6531487
0.6959064 -0.1980317 0.6510815
0.5146199 -0.2649369 0.7926936
0.251462 -0.1579091 1.08213
0.4795322 -0.1251681 0.6748246
0.6081871 -0.1261321 0.6043073
0.2105263 -1.014496 2.099624
0.1812865 -0.3555898 1.657893
0.1578947 -0.3086986 1.704592
0.4152047 -0.09747531 0.7237704
0.2631579 -0.1217552 1.008286
0.4152047 -0.02728681 0.5939022
0.2573099 -0.2285095 1.187598
0.3625731 -0.2349249 0.9140875
0.2923977 -0.1138052 0.8980059
0.3157895 -0.3082021 1.165085
0.5263158 -0.1436643 0.6783886
0.4327485 -0.2853797 0.8947983
0.625731 -0.02199391 0.4891821
0.3625731 -0.1485736 0.8057466
0.502924 -0.2125483 0.7653926
0.3333333 -0.02571732 0.7213488
0.4093567 -0.07633539 0.6093349
