0.2748538 -0.232573 0.9675135
0.2573099 -0.2034802 0.9993141
0.1988304 -0.1566871 1.147983
0.3274854 -0.2792373 1.027204
0.3508772 -0.0833216 0.7062765
0.3099415 -0.3717058 1.150007
0.2046784 -0.2488014 1.336611
0.2807018 -0.2503182 1.099075
0.2631579 -0.2126551 0.9426252
0.3859649 -0.2616149 0.8647185
0.3508772 -0.09931658 0.6923859
0.2748538 -0.2876998 0.9311775
0.380117 -0.1748897 0.7910538
0.2690058 -0.07259259 0.6405122
0.3391813 -0.3342714 0.7055271
0.3274854 -0.2887637 1.069684
0.3099415 -0.6284278 1.264882
0.2397661 -0.2899315 1.262663
0.2631579 -0.2431293 1.128287
0.3274854 -0.2208854 0.929857
0.2690058 -0.3182929 1.148355
0.3391813 -0.1085798 0.6669512
0.2982456 -0.0003500974 0.7167025
0.2865497 -0.1896067 0.7831082
0.2923977 -0.1762137 0.9199713
0.2631579 -0.1770684 0.7702396
0.4502924 -0.2321384 0.801226
0.4327485 -0.1732271 0.7313439
0.1988304 -0.2748175 1.266033
0.2222222 -0.3008559 1.363307
0.2631579 -0.3752018 1.231589
0.2865497 -0.1567345 0.8218181
0.2163743 -0.2022538 1.109631
0.1929825 -0.3874515 1.16874
0.3216374 -0.1390412 0.8716249
0.251462 -0.3252138 1.294347
0.3040936 -0.2935034 1.089215
0.2807018 -0.1624211 0.838076
0.3157895 -0.2872315 1.043212
0.3040936 -0.2535524 1.020865
0.3099415 -0.02725699 0.450857
0.2397661 -0.2784162 1.221302
0.3274854 -0.20579 0.8845658
0.3274854 -0.3603918 1.138888
0.1988304 -0.1506898 0.8157699
0.4385965 -0.2559667 0.7643079
0.2865497 -0.2612965 1.047459
0.3567251 -0.413811 1.087582
0.4385965 -0.3471172 0.8574372
0.2280702 0.06512621 0.6551225
0.374269 -0.2308838 0.8902342
0.3216374 -0.4060909 1.078655
0.3040936 -0.4115038 1.057392
0.2923977 -0.356774 1.15947
0.2046784 -0.3000641 1.362298
0.2923977 -0.2502095 1.061083
0.3040936 -0.3326499 1.086671
0.3859649 -0.1966357 0.7981321
0.374269 -0.1498302 0.8277381
0.374269 -0.1770419 0.809449
0.4678363 -0.1671016 0.7152996
0.3216374 -0.2085792 0.8525874
0.1929825 -0.1540691 1.107423
0.3976608 -0.02933316 0.4544273
0.2865497 -0.2689347 0.9473576
0.2982456 -0.257263 1.078047
0.2690058 -0.2933737 0.969754
0.245614 -0.1197603 0.9596892
0.4210526 -0.06528969 0.4959765
0.2923977 -0.2287299 0.9736809
0.2748538 -0.4120336 1.273928
0.2105263 -0.09578625 0.6906609
0.2573099 -0.1770977 1.074372
0.3508772 -0.247537 0.9601342
0.3508772 -0.09100459 0.6360801
0.2923977 -0.2219486 0.8673516
0.3859649 -0.1287293 0.7462346
0.2690058 -0.506066 1.297087
0.251462 -0.01862819 0.6237185
0.3099415 -0.08564705 0.591365
0.2865497 -0.01564019 0.665384
0.374269 -0.1618236 0.7936442
0.2631579 -0.2840045 1.113068
0.3157895 -0.09786796 0.6953469
0.4152047 -0.2264233 0.8378003
0.245614 -0.4547059 1.268007
0.2631579 -0.4091111 1.2366
0.3216374 -0.2827959 1.012563
0.3859649 -0.3199482 0.973633
0.2748538 -0.1847431 0.9678802
0.1988304 -0.1713596 1.015783
0.2280702 -0.3918124 1.344307
0.2046784 -0.273918 1.342815
0.2748538 -0.1259051 0.9472775
0.380117 -0.2427536 0.8980824
0.3976608 -0.1039808 0.7045843
0.2222222 0.0084661 0.0962501
0.2865497 -0.231505 1.042703
0.3274854 -0.1136584 0.6927004
0.4035088 -0.3008857 0.9090283
0.2573099 -0.180265 0.9371554
0.3391813 -0.3552463 1.074662
0.4912281 -0.06150435 0.55935
0.2163743 0.02192535 0.2603592
0.2631579 -0.1413803 0.8888205
0.2339181 -0.2853251 1.034029
0.2046784 -0.3524714 1.52486
0.3625731 -0.252879 0.9423535
0.3040936 -0.08265435 0.5706248
0.2923977 -0.09938435 0.6377152
0.4210526 -0.2464464 0.8516728
