0.4035088 -0.2132911 0.8161898
0.5263158 -0.2432497 0.7558117
0.251462 -0.2823742 1.191876
0.380117 -0.1513815 0.810055
0.2163743 -0.2200037 1.13964
0.3040936 -0.2626904 1.058194
0.3040936 -0.3163932 1.015889
0.4444444 -0.1930529 0.7889572
0.4912281 -0.2051866 0.7306949
0.2865497 -0.08755401 0.663379
0.4561404 -0.2214418 0.7831685
0.4210526 -0.137831 0.7035879
0.2222222 -0.7319753 1.424779
0.3040936 -0.2059373 1.00649
0.3625731 -0.1846004 0.888815
0.374269 -0.1501421 0.7091686
0.6315789 -0.1071103 0.5574356
0.5380117 -0.1823047 0.7030116
0.619883 -0.1552229 0.6357743
0.4912281 -0.009524981 0.4762749
0.2923977 -0.08661403 0.7730177
0.4795322 -0.2588625 0.7735923
0.4152047 -0.2523984 0.8934852
0.502924 -0.1510715 0.5834592
0.5321637 -0.06123718 0.5477651
0.6374269 -0.3444753 0.786278
0.6608187 0.04599567 0.3841967
0.502924 -0.1674753 0.694899
0.4678363 -0.2355259 0.7804516
0.4795322 -0.2730745 0.7908617
0.5672515 -0.07499135 0.5673859
0.2923977 -0.3228627 1.081212
0.2690058 -0.1643687 0.5630532
0.2339181 0.02971672 0.1552944
0.2923977 -0.1096319 0.8685016
0.4269006 -0.2481974 0.8554295
0.3040936 -0.1263966 0.8898096
0.2573099 -0.09841356 0.8811456
0.374269 -0.1713556 0.8319572
0.2690058 -0.3423761 1.184536
0.3859649 -0.1412586 0.7654872
0.3040936 -0.09081666 0.8464459
0.3391813 -0.1853157 0.7743646
0.2105263 -0.2539799 1.184042
0.2865497 -0.2604231 1.046678
0.4736842 -0.1823609 0.7375686
0.7076023 -0.1994821 0.6372733
0.619883 -0.3029703 0.7346326
0.3216374 -0.213911 0.9946466
0.6725146 0.3115172 0.1471303
0.7309942 0.3473899 0.001402653
0.380117 -0.01613463 0.56438
0.3684211 -0.1088682 0.7655214
0.3099415 -0.0629035 0.7586791
0.2748538 -0.2406884 1.122697
0.3333333 -0.1869805 0.9276615
0.3040936 0.008325025 0.6603915
0.4444444 -0.2294603 0.8545538
0.3391813 -0.2291572 0.9599914
0.5146199 0.08474047 0.2674057
0.5321637 -0.2971526 0.7992521
0.502924 -0.1930394 0.7019613
0.4327485 -0.289603 0.8746947
0.245614 -0.2883687 1.236171
0.5146199 -0.2020305 0.7149197
0.4736842 -0.2120995 0.8011772
0.754386 -0.2936092 0.6798333
0.4912281 -0.2541954 0.8423768
0.2339181 -0.3488798 1.375787
0.2923977 -0.2643347 1.073135
0.4035088 -0.1359496 0.7479861
0.4385965 -0.242618 0.8272647
0.4502924 -0.1767144 0.7472563
0.3157895 -0.1749631 0.9036029
0.2690058 -0.191134 1.003754
0.2573099 -0.2393356 1.145399
0.2339181 -0.1357029 0.9283074
0.2631579 -0.3629787 1.313832
0.2339181 -0.1058674 0.8895555
0.2690058 -0.3663134 1.166661
0.2573099 -0.5000002 1.339844
0.3099415 -0.385113 1.22518
0.3391813 -0.1920489 0.9325733
0.4561404 -0.164041 0.6465239
0.380117 -0.2985932 0.9785392
0.5555556 -0.2425274 0.7456116
0.4210526 -0.1409555 0.7509516
0.4678363 -0.1992435 0.7763737
0.4619883 -0.05545248 0.4950785
0.245614 -0.438992 1.478565
0.6023392 0.03795155 0.4261938
0.3859649 -0.1936985 0.7680092
0.2923977 -0.1354381 0.8343443
0.6315789 -0.1110033 0.5827779
0.4093567 -0.2486453 0.8724881
0.3099415 -0.04253962 0.7231305
0.3684211 -0.2611354 0.9373325
0.3333333 -0.2247057 0.9608882
0.3859649 -0.2847771 0.9369347
0.2163743 -0.4289609 1.186571
0.4035088 -0.196629 0.7817597
0.5438596 -0.160341 0.6457486
0.2573099 -0.1073525 0.7364487
0.2280702 -0.1541554 0.9898695
0.3918129 -0.3025335 0.9849162
0.3508772 -0.1029528 0.7269956
0.3450292 -0.215407 0.9007383
0.3274854 -0.2470545 0.9506241
0.5146199 -0.1765908 0.6839108
0.1812865 -0.3460216 1.627805
0.3274854 -0.1172069 0.8227624
0.5438596 -0.2047784 0.7127908
0.4385965 -0.1455208 0.5911717
0.4678363 -0.1793959 0.7152419
0.3567251 -0.2125409 0.8996395
0.4678363 -0.09313668 0.6208329
0.3274854 -0.249423 1.006693
0.3976608 -0.1635759 0.6966789
0.4327485 -0.2382092 0.802812
0.3859649 -0.1663044 0.8354901
0.6315789 -0.4914848 0.8950468
0.5087719 -0.1607781 0.6832073
0.380117 -0.1666868 0.8370005
0.4327485 -0.2222577 0.8388059
0.4152047 -0.1195858 0.7378831
0.3333333 -0.09322898 0.6401023
0.2280702 -0.07986446 0.8564614
0.5380117 -0.3068118 0.7898972
0.4093567 -0.2368913 0.8599777
0.3157895 -0.02697372 0.3733691
0.3391813 -0.09074359 0.802003
0.2807018 -0.205576 0.9971557
0.3567251 -0.1463101 0.715639
0.2573099 -0.2813067 1.129071
0.4444444 -0.1802457 0.7246583
0.4444444 -0.1686741 0.7321697
0.2163743 -0.1525539 1.08152
0.245614 -0.166056 0.7819735
0.1695906 -0.5889457 1.197936
0.1695906 -0.08619177 1.091033
0.2573099 -0.2732946 1.206198
0.2105263 -0.1797544 1.089847
0.3216374 -0.2398484 0.9263823
0.3918129 -0.2206924 0.865716
0.2339181 -0.1368372 1.016738
0.4210526 -0.2218668 0.7713503
0.5555556 -0.1590853 0.5842388
0.2865497 -0.3028065 1.117104
0.380117 -0.2551415 0.9004319
0.7251462 -0.02035096 0.454648
0.2865497 -0.1825061 0.9828682
0.4327485 -0.1025204 0.6122381
0.2923977 -0.2286552 1.004601
0.2748538 -0.3031267 0.9521176
0.4795322 -0.3166598 0.8452168
0.4619883 -0.2517326 0.8261249
0.3976608 -0.2888187 0.9375929
0.5204678 -0.1835575 0.7657471
0.4444444 -0.09958672 0.6367602
0.3216374 -0.2986544 1.092471
0.3099415 -0.3132432 1.142499
0.4385965 -0.2592176 0.9143364
0.5204678 -0.3449265 0.7996754
0.2982456 -0.2798359 1.094466
0.3508772 -0.3193198 1.041943
0.5906433 -0.1731583 0.6859323
0.3625731 -0.1718339 0.8484037
0.502924 -0.2245632 0.7953474
0.4619883 -0.07153338 0.6684034
0.4795322 -0.1438383 0.7097152
0.5321637 -0.2555344 0.7663442
0.3625731 -0.05184446 0.6942798
0.2748538 -0.1223728 0.9391761
0.4502924 -0.004782089 0.5340784
0.4561404 -0.2503309 0.8599317
0.6023392 -0.35018 0.7651352
0.3918129 -0.2309405 0.801435
0.3333333 -0.09602255 0.8046065
0.2222222 -0.302972 1.353603
0.5497076 -0.1623713 0.6568532
0.5789474 -0.3213691 0.7730952
0.3918129 -0.2911606 0.9500462
0.3274854 -0.1786876 0.8749763
0.2748538 -0.178107 1.030209
0.4444444 -0.1498246 0.6848235
0.3216374 -0.03496811 0.6045882
0.7076023 -0.08580317 0.4808981
0.3859649 -0.2081177 0.8204349
0.5087719 -0.07398049 0.5834962
0.5204678 -0.2381914 0.7756418
0.374269 -0.1064597 0.8004321
0.5672515 -0.1965324 0.7098771
0.4502924 -0.1732441 0.7325889
0.5087719 -0.1772624 0.7171065
0.2748538 -0.1448994 0.9282717
0.4210526 -0.0819407 0.7058595
0.2923977 -0.3103458 1.15038
0.3684211 -0.2803109 0.9277916
0.4502924 -0.1947989 0.7383812
0.3859649 -0.3273867 0.9716506
0.4327485 -0.2025854 0.782203
0.6725146 -0.2583561 0.6876885
0.4619883 -0.1188234 0.7159895
0.6491228 -0.1905513 0.7105702
0.4385965 -0.2140158 0.7981249
0.3274854 -0.1804486 0.8244646
0.502924 -0.1742066 0.7217719
0.2807018 -0.107979 0.7673927
0.4093567 -0.3750378 0.9216514
0.3859649 -0.04992831 0.6381542
0.2923977 -0.2082986 0.9888362
0.3625731 -0.1816702 0.8283721
0.4093567 -0.2214185 0.8185035
0.5438596 -0.3005537 0.834694
0.5263158 -0.4523353 1.240257
0.2807018 -0.1576315 0.9366734
0.502924 -0.262628 0.7743435
0.3918129 -0.1176337 0.760984
0.4035088 -0.2660757 0.8851996
0.3391813 -0.2008328 0.8733441
0.3157895 -0.2084347 0.9633922
0.4152047 -0.2468395 0.8728623
0.3391813 -0.2343513 0.967377
0.3450292 -0.2620926 0.8827667
0.251462 -0.1810103 0.9109464
0.2163743 -0.178846 1.149055
0.3216374 -0.2368226 1.003393
0.3216374 -0.2898695 0.9508349
0.5789474 -0.2291861 0.7545397
0.7602339 -0.155955 0.5854784
0.7076023 -0.06513152 0.4796101
0.5438596 -0.2468932 0.7523775
0.497076 -0.310372 0.8139162
