0.2865497 -0.3386399 1.19275
0.2046784 -0.4192077 1.528874
0.4502924 -0.1626489 0.7516469
0.3567251 -0.2715484 0.9517116
0.4853801 -0.02830851 0.5383266
0.3567251 -0.2722556 0.9436634
0.3508772 -0.01706739 0.4521419
0.3508772 -0.2721648 0.9840567
0.4795322 -0.2542006 0.8011562
0.4385965 -0.1887168 0.7974322
0.2397661 -0.4980529 1.562498
0.2865497 -0.3237824 1.111759
0.3918129 -0.2451588 0.9440276
0.4795322 -0.2692286 0.7899491
0.3157895 -0.4321234 0.9634022
0.3508772 -0.1961167 0.9079384
0.3918129 -0.2167931 0.8658677
0.4678363 -0.1619936 0.6293841
0.4093567 -0.2285772 0.7780282
0.4678363 -0.3506015 0.8608412
0.3274854 -0.5707278 1.164818
0.3567251 -0.1794424 0.888965
0.5438596 -0.01673209 0.5185909
0.3216374 -0.211777 0.7658832
0.3918129 -0.3870438 0.951402
0.3157895 -0.3450313 1.111949
0.3333333 -0.2550829 0.9964942
0.4561404 -0.1733306 0.7601916
0.3274854 -0.1657335 0.8954019
0.3157895 -0.304803 0.9400171
0.4444444 -0.1358491 0.7667142
0.4736842 -0.07702496 0.581177
0.2807018 -0.247837 1.039242
0.3157895 -0.1963569 0.88388
0.4035088 -0.2494571 0.8729105
0.2163743 -0.2212351 1.105395
0.4093567 -0.3177033 0.8345688
0.2748538 -0.4690835 1.184823
0.4912281 -0.1635734 0.5875594
0.3274854 -0.2747796 1.034584
0.2046784 -0.3535355 1.434265
0.4035088 -0.05278527 0.4008125
0.4327485 -0.2322425 0.7926437
0.3157895 -0.2407132 0.9605801
0.2573099 -0.1507185 0.9497262
0.3391813 -0.2056815 0.8729044
0.2923977 -0.302529 1.144094
0.245614 -0.2188149 1.117524
0.3333333 0.010605 0.4571888
0.3099415 -0.2034803 0.932964
0.2339181 -0.1977167 1.177766
0.3040936 -0.1933555 0.9144711
0.4093567 -0.1352194 0.7456598
0.3859649 -0.2085727 0.8504039
0.4210526 -0.2931907 0.8834398
0.2923977 -0.3737188 1.003276
0.2690058 -0.2476461 1.105845
0.2865497 -0.2443585 1.095663
0.4152047 -0.1341173 0.7401908
0.2748538 -0.3580577 0.9105002
0.2573099 -0.2661188 1.057495
0.1637427 -0.2475854 1.386994
0.2222222 -0.08607379 0.7107332
0.2339181 -0.5611818 1.290271
0.2690058 -0.008236556 0.5699196
0.3567251 -0.1676687 0.8437747
0.2397661 -0.517565 1.57084
0.3684211 -0.1827402 0.83464
0.3684211 -0.01923952 0.53013
0.1695906 -0.5889757 1.190193
0.4385965 -0.2157091 0.8288081
0.4327485 -0.2622678 0.7849445
0.5263158 -0.3018703 0.8163944
0.3450292 -0.1719483 0.8203915
0.2865497 -0.227357 0.879343
0.380117 -0.2866474 0.9679029
0.2631579 -0.2739921 1.154677
0.4502924 -0.264353 0.8569021
0.251462 -0.224298 1.136559
0.2865497 -0.08244192 0.8063254
0.3859649 -0.1632892 0.7356583
0.2222222 -0.274678 1.34469
0.3216374 -0.2305825 0.9495672
0.3567251 -0.2191421 0.8540338
0.2339181 -0.3084073 1.203161
0.4678363 -0.2224977 0.793412
0.2982456 -0.2122951 0.9957234
0.3099415 -0.3642314 1.149035
0.5847953 -0.1103686 0.5826423
0.251462 -0.4299637 1.437099
0.2923977 -0.3617127 1.21179
0.6081871 -0.3801735 0.8188979
0.2865497 -0.4226108 1.326215
0.374269 -0.1930016 0.8403942
0.380117 -0.2479569 0.9095948
0.2339181 -0.4216139 1.379246
0.3216374 -0.2385118 1.012792
0.5146199 -0.2373226 0.7352443
0.3684211 0.02890043 0.5641367
0.4502924 -0.1309537 0.6838608
0.4385965 -0.3277911 0.8898711
0.3859649 -0.1176507 0.7496682
0.2982456 -0.4507654 1.210095
0.3391813 -0.002178039 0.6723745
0.4269006 -0.1416994 0.7332958
0.5847953 -0.05944583 0.5149378
0.2339181 -0.165919 0.9887808
0.3333333 -0.3906551 1.155171
0.3333333 -0.1918039 0.9167501
0.3508772 -0.3601559 0.9826959
0.3625731 -0.002646259 0.6265472
0.2982456 0.04067173 0.5301401
0.4093567 -0.4055723 0.8479782
0.4327485 -0.1815832 0.7449651
0.4619883 0.005922561 0.4739335
0.3918129 -0.1883704 0.7551433
0.6666667 -0.4237 0.8571035
0.2397661 -0.2344326 0.9810634
0.4561404 -0.158101 0.7011392
0.2222222 -0.4578339 1.343368
0.2690058 -0.450234 1.239998
0.4444444 -0.1282705 0.6631055
0.3040936 -0.2252939 0.9813025
0.2982456 -0.1390108 0.7315903
0.3099415 -0.3686287 1.079387
0.2865497 -0.1319775 0.8793596
0.3157895 -0.3241858 1.159162
