0.3216374 -0.2901676 1.03847
0.2339181 0.06045708 0.3352287
0.3040936 -0.2823674 1.069279
0.2573099 -0.2911834 1.17891
0.2573099 -0.2889273 1.160136
0.3040936 -0.400351 1.160228
0.3099415 -0.009385671 0.7426355
0.3157895 -0.2843442 1.006166
0.2573099 -0.3043558 0.949125
0.3508772 -0.199697 0.9160163
0.1812865 -0.1046722 1.121061
0.2105263 -0.2944693 1.253159
0.1988304 -0.1529844 0.9817309
0.1754386 -0.1517239 0.3125719
0.2748538 -0.1351094 0.5381994
0.245614 -0.1081157 0.8838508
0.3391813 -0.08008534 0.6905356
0.2631579 -0.1619329 1.006542
0.2163743 -0.07646459 0.7593692
0.2280702 -0.1811244 1.116987
0.2222222 -0.2223498 1.227036
0.1871345 -0.01423155 0.8096803
0.3918129 -0.2732473 0.9476452
0.4269006 -0.06518725 0.5630619
0.2748538 -0.3137631 1.135615
0.3216374 -0.1881298 0.8840723
0.2748538 -0.179787 1.017074
0.3216374 -0.2738294 0.9820496
0.2163743 -0.31895 0.5788122
0.3216374 -0.3181976 1.099456
0.3040936 -0.1535348 0.894331
0.3391813 -0.09286908 0.8035641
0.2105263 -0.6280183 0.5782965
0.1461988 -0.2224019 1.13128
0.1695906 -0.1440173 0.8416996
0.3040936 -0.02973804 0.7004104
0.2280702 -0.2950065 1.384792
0.2748538 -0.2404015 1.153538
0.2923977 -0.1657804 0.9278517
0.2222222 -0.4402771 1.083167
0.2748538 -0.1491695 0.911464
0.4152047 -0.3266617 0.950672
0.3859649 -0.1517559 0.7861883
0.3157895 -0.1697946 0.915505
0.3040936 -0.01577477 0.6503374
0.3333333 -0.2222316 0.9578129
0.3391813 -0.1882891 0.7644901
0.2807018 -0.3263425 1.056545
0.3274854 -0.2352654 0.9950773
0.2573099 -0.2319379 0.9370819
0.2690058 -0.236578 1.13686
0.3274854 -0.2555552 0.9479114
0.2222222 -0.2054963 1.141801
0.251462 -0.2264424 1.122772
0.3684211 -0.128447 0.724511
0.3333333 -0.1940877 0.8363533
0.2982456 -0.1860388 0.9168482
0.3099415 -0.1028983 0.8106893
0.3040936 -0.03877767 0.6934752
0.3099415 -0.3082139 1.091866
0.3859649 -0.04140307 0.607199
0.2397661 0.02024038 0.5575699
0.2280702 -0.09640954 1.011998
0.2807018 -0.2396146 1.078857
0.2573099 -0.4770097 1.319625
0.1637427 0.03078505 0.7597874
0.2865497 -0.2478362 1.002524
0.1754386 -0.137583 0.5298695
0.2748538 -0.2693895 0.9035067
0.2397661 -0.2263923 0.6988482
0.3040936 -0.2135357 0.9949896
0.3450292 -0.1617542 0.8306327
0.1637427 -0.3430925 1.699895
0.2982456 -0.2639273 1.094733
0.1871345 -0.3314881 1.579171
0.2397661 -0.3431301 1.080274
0.374269 -0.1679384 0.8432788
0.2222222 -0.2920419 1.379904
0.3684211 -0.2569566 0.9491666
0.6374269 -0.1434225 0.5455749
0.2982456 -0.3259787 1.154272
0.2573099 -0.02175676 0.6048494
0.2982456 -0.1266161 0.7753063
0.2923977 -0.2720668 1.111131
0.3157895 -0.2696359 1.011415
0.2748538 -0.3068022 0.4824302
0.3450292 -0.2356594 0.9280131
0.2982456 -0.3269701 1.154496
0.3391813 -0.04246331 0.5625215
0.251462 -0.201065 1.040559
0.3099415 -0.1293343 0.8312027
0.1812865 -0.205951 1.011154
0.3157895 -0.2616254 1.011185
0.3684211 -0.2821626 0.9351174
0.1988304 0.004532958 0.8514378
0.3216374 -0.04627223 0.614513
0.3333333 -0.2279539 0.8465561
0.3274854 -0.09764847 0.7003029
0.3918129 -0.1749929 0.795362
0.3157895 -0.1628697 0.864781
0.2923977 -0.07629189 0.6998807
0.4152047 -0.1035714 0.6817214
0.2163743 -0.2542906 1.202043
0.2397661 -0.3342141 0.924007
0.4444444 -0.1356684 0.6918668
0.2280702 -0.01967573 0.8198699
0.2748538 -0.2773939 1.170642
0.251462 -0.3234321 1.272555
0.3333333 -0.2688979 0.9755341
0.2280702 -0.1270306 0.980932
0.2397661 -0.03516297 0.61935
0.2339181 -0.2307724 0.7205777
0.1871345 -0.4545121 1.36065
0.2339181 -0.002284899 0.7830074
0.2690058 -0.06493878 0.67247
0.3508772 -0.349607 1.091142
0.3157895 -0.2893347 1.061089
0.3567251 -0.1618922 0.7244756
0.3216374 -0.1160597 0.7558313
0.3567251 -0.1397973 0.8249892
0.2573099 -0.1216947 0.5964195
0.1929825 -0.2350036 1.213722
0.2163743 -0.3177912 1.266544
0.374269 -0.1917204 0.8342009
0.2397661 -0.1495337 0.9730677
0.3567251 -0.2607171 0.9579415
0.2982456 -0.214763 0.873725
0.245614 -0.04149608 0.8447999
0.4795322 -0.07084793 0.5817008
0.2397661 -0.3189879 1.253245
0.2748538 -0.1419678 0.7230059
0.3216374 -0.1556506 0.802537
0.251462 -0.1324316 0.9584165
0.3274854 -0.08363665 0.6911186
0.3567251 -0.3072107 0.9412801
0.3157895 -0.1647609 0.9032748
0.2807018 -0.2135694 0.5759516
0.2573099 -0.2760614 1.145374
0.3157895 -0.04862037 0.6846473
0.2748538 -0.1697613 0.5996653
0.4795322 -0.2201705 0.7545402
0.4035088 -0.2611787 0.885301
0.1988304 -0.1540895 1.082229
0.2923977 -0.1515668 0.9332601
0.3333333 -0.1394411 0.7781891
0.4035088 -0.1129763 0.6521067
0.251462 -0.0942195 0.9148299
0.2397661 -0.248888 0.891162
0.3976608 -0.2079946 0.6932274
0.2807018 -0.08505557 0.7746181
0.2222222 0.2378164 -0.210093
0.2982456 -0.2421451 0.8399727
0.2397661 -0.2880349 1.150118
0.2339181 -0.2714881 1.183799
0.3391813 -0.07241437 0.6876421
0.3508772 -0.1035074 0.5511077
0.2397661 -0.1348772 0.9263234
0.3918129 -0.2595653 0.9062598
0.3099415 -0.1844482 0.7319507
0.1637427 -0.1632125 1.21732
0.3625731 -0.2368698 0.899344
0.3274854 -0.2263306 0.9523327
0.251462 -0.1610706 0.9945245
0.1812865 -0.3201102 1.043376
0.2339181 -0.2656627 1.190857
0.2280702 -0.3853371 0.913649
0.3508772 -0.1480858 0.7993476
0.2046784 -0.5304226 1.176573
0.2339181 -0.256417 1.257417
0.3567251 -0.1820901 0.8107482
0.2982456 -0.1385767 0.8796831
0.1929825 0.03715568 0.5586536
0.3625731 -0.1724522 0.8640874
0.3391813 -0.3050547 0.7862117
0.3625731 -0.2037291 0.881943
0.4736842 -0.4007911 0.8411168
0.3508772 0.05541931 0.4543188
0.3040936 -0.2257524 0.9975025
0.2222222 -0.2046905 1.15651
0.251462 -0.2106893 1.113735
0.1929825 -0.1138715 1.022298
0.2865497 -0.2746924 0.7960106
0.3216374 -0.1996792 0.8736783
0.2748538 -0.1886175 0.989265
0.1520468 0.02960176 0.988032
0.2631579 -0.02714452 0.4681456
0.3040936 -0.1260058 0.6541619
0.2280702 -0.1183825 0.8078874
0.2163743 -0.2223974 1.107982
0.3567251 -0.2329817 0.4741196
0.2163743 -0.2133812 1.252976
0.251462 -0.1615112 0.9657521
0.245614 0.0496703 0.221993
0.2573099 -0.2882747 1.062674
0.502924 -0.03324401 0.5010711
0.2690058 -0.2098867 1.000411
0.2807018 -0.2488666 0.9966847
0.245614 -0.406611 1.302587
0.2280702 -0.3569923 0.5058413
0.2163743 -0.3320212 1.477287
0.2105263 -0.09412787 0.9094221
0.2923977 0.001291065 0.4485052
0.3157895 -0.1808878 0.6355383
0.3625731 -0.202841 0.8747004
0.2690058 -0.1822187 0.9599201
0.4327485 -0.2370656 0.8465373
0.2982456 -0.2813359 1.090559
0.3099415 -0.2494369 0.9465266
0.4035088 -0.03080713 0.5626181
0.3450292 -0.1935862 0.6898803
0.3859649 0.1213545 0.3313476
0.3157895 -0.06464687 0.6959778
0.380117 -0.3159221 0.8746049
0.4210526 -0.2666653 0.843343
0.2280702 -0.0173701 0.826103
0.245614 -0.290882 0.9244958
0.1988304 -0.06199984 0.7109378
0.2046784 0.0004975234 0.6174578
0.2573099 -0.180213 0.9123601
0.245614 -0.2692488 1.011776
0.1754386 -0.1469726 1.237206
0.3625731 -0.2378251 0.8979594
0.2573099 -0.4384427 1.404876
0.2631579 -0.2368173 0.9162199
0.3099415 -0.05828402 0.6186853
0.3040936 -0.1703816 0.8837823
0.2105263 -0.2451017 1.310782
0.2865497 -0.01520803 0.6329994
0.3099415 -0.2298578 1.014354
0.3567251 -0.03064417 0.3220923
0.251462 -0.2784349 1.10804
0.251462 -0.1202439 0.8953878
0.2748538 -0.2210197 1.0469
0.2222222 -0.06199318 0.5939551
0.2748538 -0.09792406 0.8853663
0.3274854 -0.000647942 0.5782767
0.1812865 -0.072518 0.9700104
