0.871345 -0.3461905 0.7251365
0.3216374 -0.2812459 1.063611
0.8830409 -0.7933012 1.215385
0.380117 -0.1351784 0.7153897
0.3157895 -0.2195574 0.9530921
0.4093567 -0.1494759 0.7595319
0.502924 -0.1881374 0.7287555
0.7660819 -0.2429905 0.6669693
0.3274854 -0.1945771 0.9264458
0.3508772 -0.2951012 1.073709
0.4093567 -0.1812715 0.8048663
0.3625731 -0.2884125 0.9883311
0.2865497 -0.5075193 1.470181
0.8830409 0.009433678 0.3768985
0.5730994 -0.1760374 0.6041924
0.3391813 -0.2687515 0.9683159
0.4152047 -0.3147206 0.8855916
0.5847953 -0.08680775 0.5515038
0.497076 -0.1344677 0.673784
0.3567251 -0.1929299 0.877522
0.2982456 -0.2803298 1.109012
0.5321637 -0.2117872 0.7551452
0.2573099 -0.5829378 1.438254
0.2690058 -0.3659558 1.1633
0.5438596 -0.2372649 0.7692319
0.4795322 -0.2849148 0.8547525
0.6432749 -0.1062829 0.5441313
0.5964912 -0.3486189 0.7950605
0.7076023 -0.1513857 0.5469002
0.5555556 -0.2299306 0.7003817
0.6842105 -0.2973379 0.7140253
0.7192982 -0.3038812 0.7348851
0.5204678 -0.2696488 0.7875798
0.6900585 -0.1637388 0.1241594
0.5380117 -0.2750932 0.7552593
0.7134503 -0.09643631 0.5859124
0.6374269 -0.5450467 0.9472307
0.4736842 -0.06724026 0.6339648
0.5730994 -0.2947833 0.7560877
0.3157895 -0.2022087 0.9239925
0.4502924 -0.05552204 0.5740495
0.2807018 -0.371717 1.07283
0.3684211 -0.2025406 0.8904128
0.4385965 -0.1450989 0.7429004
0.6725146 -0.2573835 0.6863812
0.4561404 -0.1678333 0.7457359
0.4795322 -0.2272267 0.7936383
0.3216374 -0.141206 0.8733187
0.4736842 -0.2324118 0.8107075
0.2690058 -0.2532696 0.9510565
0.6081871 -0.3120968 0.8119513
0.6842105 -0.1297924 0.5566475
0.3859649 -0.3402641 1.031332
0.380117 -0.07290696 0.6189287
0.5438596 -0.3030485 0.7920334
0.4912281 -0.1652323 0.7212546
0.4385965 -0.2021142 0.7864173
0.6666667 -0.324574 0.7920495
0.4619883 -0.1639985 0.7693287
0.5438596 -0.2795014 0.7564015
0.5672515 -0.06038598 0.5324345
0.245614 -0.1150184 0.7294996
0.4152047 -0.1623201 0.7465097
0.3040936 -0.3082419 1.140355
0.2865497 -0.2830784 1.13236
0.3391813 -0.3097621 1.093137
0.7719298 -0.2408657 0.6431819
0.7251462 -0.6346472 1.021859
0.5380117 -0.00468003 0.4506306
0.6842105 -0.3160435 0.756988
0.3625731 0.6592575 2.420305
0.2573099 -0.2340998 1.141236
0.4736842 -0.1093727 0.6528188
0.3333333 -0.3878007 1.096686
0.3157895 -0.05759214 0.6571978
0.374269 -0.2528805 0.9405294
0.2807018 -0.2271284 1.007981
0.374269 -0.05528637 0.6359405
0.3157895 -0.228441 0.9860071
0.3508772 -0.06435973 0.6749973
0.2748538 -0.5249237 1.456796
0.5321637 -0.2161459 0.7228566
0.497076 -0.2630546 0.7723327
0.4678363 -0.09934786 0.6056766
0.2748538 -0.2844936 1.191561
0.2339181 -0.2800932 1.330287
0.3684211 -0.2651573 0.9558388
0.4327485 -0.2633294 0.8645752
0.3567251 -0.3031203 1.018195
0.2982456 -0.2380239 1.043447
0.5263158 -0.2679232 0.7712496
0.2046784 -0.1602317 1.183726
0.3216374 -0.4167762 1.051207
0.4853801 -0.1570997 0.7226418
0.497076 -0.2312452 0.7901165
0.2982456 -0.1723959 0.9752097
0.5847953 -0.08314258 0.556852
0.4795322 -0.191763 0.7588922
0.4619883 -0.1285257 0.7055256
0.5204678 -0.161762 0.5694594
0.4678363 -0.3063998 0.8701131
0.3508772 0.0007112831 0.588427
0.5321637 -0.1935275 0.6742633
0.4795322 -0.284367 0.8373256
0.4619883 -0.06202716 0.5674169
0.380117 -0.1722456 0.8302702
0.4678363 -0.05752524 0.5845549
0.5672515 -0.1912766 0.6943496
0.7309942 -0.2936039 0.7241198
0.7017544 -0.05607943 0.4654931
0.5204678 -0.08983828 0.5097976
0.4561404 -0.1807497 0.7871473
0.3333333 -0.2429917 0.9716575
0.4912281 -0.2200157 0.7546929
0.3567251 -0.2895495 0.9763158
0.4152047 -0.1298091 0.7492709
0.7777778 0.628541 -0.2194246
0.4795322 -0.2377547 0.8578469
0.4210526 -0.2229215 0.8602494
0.8830409 1.157831 -0.7039141
0.4152047 -0.2647812 0.8667219
0.7777778 -0.1098 0.5326577
0.6725146 -0.904454 1.282649
0.7660819 -0.4537101 0.8601367
0.3450292 -0.05455759 0.6746884
0.5087719 -0.1079927 0.5852076
0.5497076 -0.331965 0.8080523
0.5204678 -0.235774 0.7372631
0.380117 -0.1702188 0.7499681
0.6666667 -0.2814985 0.7079678
0.3625731 -0.2886794 0.9810726
0.4152047 -0.186009 0.8023795
0.3333333 -0.2916148 1.07651
0.5789474 -0.2616996 0.7455842
0.4912281 -0.1532854 0.7025063
0.4619883 -0.3050964 0.859923
0.5906433 -0.00532196 0.3972552
0.6666667 -0.08727138 0.463033
0.4385965 -0.07957821 0.2476709
0.748538 0.03615529 0.3274749
0.4210526 -0.1892087 0.6830976
0.4444444 -0.2591315 0.8441233
0.6081871 -0.3034318 0.7531962
0.4385965 0.07404651 0.4299047
0.6608187 -0.08623005 0.4536459
0.245614 -0.2841652 1.303417
0.4619883 -0.1842129 0.7033437
0.5380117 -0.2888785 0.7881671
0.374269 -0.3055383 0.9711738
0.2982456 -0.2186845 1.044551
0.3625731 -0.2749368 0.940619
0.380117 -0.2119054 0.8952787
0.4502924 -0.1542351 0.6844432
0.6842105 -0.41977 0.8428185
0.7894737 -1.389322 1.786694
0.5614035 -0.1665976 0.6828595
0.380117 -0.153309 0.8056717
0.374269 -0.2510347 0.949827
0.3391813 -0.30764 1.095264
0.8245614 -0.3266123 0.7480129
0.8128655 -0.4112405 0.7857034
0.4444444 -0.2522758 0.8528001
0.5380117 -0.08701383 0.5606107
0.5730994 -0.2840203 0.7732724
0.4269006 -0.1247735 0.7148662
0.5730994 -0.2235834 0.7129435
0.4619883 -0.2321004 0.8498113
0.5321637 -0.1463712 0.6723613
0.2339181 -0.3306883 1.391293
0.2339181 -0.3958367 1.427151
0.3157895 -0.3036639 1.074506
0.6725146 -0.1437904 0.6402741
0.4678363 -0.3066885 0.8317596
0.754386 -0.04350649 0.4527327
0.4269006 -0.19283 0.7618388
0.3918129 -0.1178047 0.7827712
0.4093567 -0.3246759 0.9689956
0.3859649 -0.1558365 0.7570453
0.4795322 -0.2073256 0.7491267
0.8596491 -8.475693 8.875074
0.8187135 -1.430179 1.823899
0.2690058 -0.2315416 1.07445
0.5730994 -0.2795241 0.7660588
0.7894737 -0.06890785 0.4901816
0.6023392 -0.1605805 0.6315418
0.6081871 -0.3499671 0.797837
0.3625731 -0.1784834 0.8684794
0.3859649 -0.2978397 0.8969601
0.5847953 -0.1550993 0.6599496
0.6315789 -0.2247486 0.7009931
0.5555556 -0.08901684 0.6216815
0.5263158 -0.2470408 0.7634842
0.6315789 -0.2118679 0.6909138
0.5555556 -0.2161401 0.7220387
0.3859649 -0.407777 0.9365296
0.5204678 -0.4679742 0.8660327
0.6140351 -0.1838512 0.6309797
0.497076 -0.2476782 0.7807677
0.5672515 -0.08958682 0.5714591
0.4502924 -0.3023243 0.9105835
0.6140351 -0.2790576 0.8060369
0.3976608 -0.2965944 0.9442108
0.6081871 -0.1961489 0.6175761
0.4152047 -0.2582957 0.8832142
0.6081871 -0.2478505 0.6667037
0.4444444 -0.1941921 0.7783242
0.5614035 -0.06668942 0.5649086
0.2163743 -0.3370316 1.493552
0.2397661 -0.2922941 1.243385
0.5614035 -0.2967408 0.7733626
0.4619883 -0.165937 0.7086614
0.5321637 -0.2478589 0.7778481
0.5964912 -0.2382213 0.725708
0.7076023 -0.03183126 0.4567535
0.5087719 -0.1911329 0.8057916
0.4678363 -0.1692245 0.7265199
0.4619883 -0.2468121 0.7961311
0.3333333 -0.2053038 0.9579745
0.5789474 -0.2008636 0.7405473
0.5497076 -0.2678691 0.7842637
0.3684211 -0.2694316 0.9529866
0.6140351 -0.07249419 0.07071834
0.6374269 -0.2147377 0.6065499
0.3274854 -0.06464722 0.5701319
0.5789474 -0.2635589 0.7188614
0.4619883 -0.227129 0.7648886
0.5672515 -0.2298788 0.7330999
0.1988304 -0.5792679 1.890819
0.5146199 -0.2169745 0.7235793
0.2982456 -0.467578 1.292797
0.1754386 -0.2873406 1.613569
0.2046784 0.07766245 0.782525
0.3684211 -0.1878835 0.80613
0.4619883 -0.2077987 0.7808959
0.619883 -0.5155052 1.269566
0.8304094 -6.295031 6.777474
0.2339181 -0.2538811 1.267908
0.5497076 -0.0962177 0.5674058
