15-15_threshold_0.3
model:model<- ergm(g~kstar(2)+triangle+cycle(4),constraints=~edges)

Healthy
0.7777778 -0.4616407 2.008652 -0.08845905
0.5204678 -0.08855242 1.407084 -0.09199107
0.4619883 -0.1701438 1.325441 -0.06642236
0.4093567 -0.2037618 1.118035 -0.04856639
0.5087719 0.1241209 2.071945 -0.1758434
0.380117 -0.1311967 1.706517 -0.1518188
0.6432749 -0.3972186 1.002025 -0.01611602
0.4912281 -0.1081711 1.628099 -0.1513462
0.4269006 -0.04338219 1.880385 -0.225168
0.7134503 -0.001973729 1.010578 -0.04722673
0.4619883 -0.1903602 1.321339 -0.07881511
0.374269 1.056797 4.04208 2.440123
0.5847953 -0.007346952 1.581859 -0.09900338
0.3450292 -0.1870568 1.605319 -0.1161867
0.8596491 0.2603301 1.719415 -0.1247951
Disease
0.3450292 -0.03853683 1.950617 -0.2722572
0.6491228 0.02792765 1.605523 -0.1062092
0.5497076 -0.1118781 1.404091 -0.0799313
0.374269 -0.1588219 1.926103 -0.2430912
0.5497076 -0.1144247 1.39396 -0.07850447
0.374269 -0.1587545 1.932768 -0.244817
0.3625731 -0.235053 0.7737564 0.01022429
0.2807018 -0.09548854 1.651424 -0.1424181
0.4678363 -0.1565314 0.9073743 -0.0138319
0.502924 0.07878204 1.393828 -0.08239038
0.3099415 -0.08382489 1.494073 -0.1442397
0.5789474 -0.2682256 1.018459 -0.02983957
0.5321637 0.8140653 5.803136 0.238629
0.5847953 0.1722691 1.086288 -0.0746436
0.5730994 -0.3192487 0.9648383 -0.02216266
