Healthy
0.3333333 -0.04452559 0.7746593
0.1578947 -0.09191048 1.198111
0.2046784 -0.08635663 1.125677
0.07602339 0.2198367 0.5561958
0.2865497 -0.06955671 0.8890234
0.09356725 -0.8051145 3.281593
0.2923977 -0.08476283 0.8761991
0.2339181 -0.398445 1.478982
0.1578947 -0.2875556 1.67221
0.3099415 -0.0005042141 0.7350146
0.2105263 -0.2221426 1.296874
0.1695906 0.30365 0.8287143
0.3391813 0.1393139 0.6006347
0.05263158 0.4972479 1.991234
0.4035088 -0.2386779 0.907571
Disease
0.0877193 -0.08730908 0.8439319
0.2339181 -0.03413307 0.9142642
0.2397661 0.05794979 0.7572801
0.2280702 -0.07975156 1.050434
0.1345029 0.07263101 1.223869
0.1169591 -0.3935105 2.193614
0.07602339 -0.2595806 2.351096
0.03508772 -0.5645688 1.000000(Inf)
0.251462 -0.05613792 0.9242691
0.2046784 -0.2958209 1.440955
0.07017544 -0.04704137 2.066856
0.1169591 0.171457 1.057108
0.4269006 0.009941631 0.6593914
0.3918129 0.03388757 0.6281537
0.1988304 -0.1750618 1.313146