Healthy
-1.166409 0.5151096 2.900331
-1.786592 0.3599387 2.692982
-2.233066 0.7129161 3.408153
-2.093752 0.3282348 1.863784
-1.610366 1.281272 3.835173
-2.610026 0.849457 1.337422
-2.769437 1.68824 2.18199
-2.634856 1.428344 -0.1311125
-2.368456 0.8852365 0.5205668
-1.370759 0.538815 4.065037
-1.954455 0.5424306 1.568415
-1.498755 0.6736707 4.179377
-1.936551 1.900566 3.389935
-2.453285 0.5011278 1.765898
-1.449732 0.9707194 2.555153
Disease
-2.480117 0.5278145 1.057355
-1.669519 0.5130706 3.209266
-2.812155 1.573653 3.167898
-1.57467 1.168194 2.9035
-1.426029 -0.329913 4.085569
-2.812206 1.094988 -1.087067
-2.032166 0.1439692 1.339295
-3.096013 0.7468359 2.515106
-1.541682 0.8208693 4.533487
-1.915263 0.5995766 2.602148
-2.280274 0.1891367 2.297052
-2.193522 0.9068994 2.101639
-1.41303 0.9146944 6.434116
-1.945342 1.763829 4.417314
-1.986879 0.8253754 1.677994
Healthy
Disease
Healthy
Healthy
Healthy
Healthy
Healthy
Healthy
Healthy
Healthy
Disease
Healthy
Healthy
Healthy
Healthy
Healthy
Healthy
Healthy
Healthy
Disease
Healthy
Disease
Healthy
Disease
Healthy
Disease
Healthy
Disease
