2.400000000000000000e+01
2.400000000000000000e+01
2.500000000000000000e+01
2.750000000000000000e+01
1.950000000000000000e+01
2.175000000000000000e+01
2.100000000000000000e+01
2.825000000000000000e+01
1.800000000000000000e+01
1.125000000000000000e+01
2.375000000000000000e+01
1.800000000000000000e+01
6.750000000000000000e+00
2.200000000000000000e+01
1.650000000000000000e+01
2.600000000000000000e+01
2.950000000000000000e+01
1.775000000000000000e+01
1.200000000000000000e+01
1.950000000000000000e+01
2.450000000000000000e+01
2.200000000000000000e+01
2.075000000000000000e+01
1.575000000000000000e+01
2.300000000000000000e+01
2.250000000000000000e+01
1.850000000000000000e+01
1.150000000000000000e+01
9.000000000000000000e+00
2.600000000000000000e+01
2.900000000000000000e+01
2.275000000000000000e+01
1.775000000000000000e+01
1.500000000000000000e+01
2.325000000000000000e+01
1.075000000000000000e+01
2.500000000000000000e+01
1.950000000000000000e+01
2.800000000000000000e+01
3.175000000000000000e+01
2.825000000000000000e+01
2.550000000000000000e+01
3.233333333333333570e+01
2.025000000000000000e+01
2.475000000000000000e+01
2.850000000000000000e+01
3.400000000000000000e+01
2.575000000000000000e+01
2.250000000000000000e+01
2.375000000000000000e+01
2.325000000000000000e+01
3.150000000000000000e+01
3.450000000000000000e+01
3.500000000000000000e+01
1.825000000000000000e+01
0.000000000000000000e+00
1.875000000000000000e+01
2.375000000000000000e+01
2.391666666666667140e+01
2.700000000000000000e+01
3.250000000000000000e+01
2.500000000000000000e+01
1.975000000000000000e+01
3.000000000000000000e+00
1.900000000000000000e+01
3.075000000000000000e+01
2.250000000000000000e+01
1.950000000000000000e+01
3.625000000000000000e+01
2.500000000000000000e+01
1.875000000000000000e+01
2.875000000000000000e+01
2.875000000000000000e+01
3.300000000000000000e+01
3.700000000000000000e+01
2.525000000000000000e+01
2.575000000000000000e+01
2.700000000000000000e+01
2.500000000000000000e+01
1.575000000000000000e+01
2.125000000000000000e+01
0.000000000000000000e+00
3.350000000000000000e+01
3.525000000000000000e+01
3.250000000000000000e+01
3.600000000000000000e+01
3.475000000000000000e+01
2.850000000000000000e+01
3.125000000000000000e+01
2.700000000000000000e+01
2.475000000000000000e+01
2.650000000000000000e+01
2.600000000000000000e+01
2.775000000000000000e+01
2.625000000000000000e+01
2.950000000000000000e+01
1.800000000000000000e+01
2.475000000000000000e+01
2.575000000000000000e+01
2.850000000000000000e+01
2.775000000000000000e+01
2.850000000000000000e+01
1.275000000000000000e+01
2.475000000000000000e+01
1.875000000000000000e+01
3.000000000000000000e+01
