0.4269006 -0.2380534 0.8203807
0.2748538 -0.2031885 0.96154
0.3333333 -0.2588158 0.9421759
0.1695906 -0.2004533 1.282581
0.3157895 -0.09155264 0.7613407
0.3157895 -0.2576708 0.8188717
0.2573099 -0.3389626 1.163767
0.3684211 -0.2577725 0.9503877
0.1871345 -0.04588749 0.5824714
0.2046784 -0.09555221 0.8378616
0.3157895 -0.09906762 0.6100617
0.1812865 -0.2018074 1.187127
0.380117 -0.2844855 0.9493772
0.1988304 -0.2935675 1.155645
0.245614 -0.1876772 1.036907
0.3157895 -0.2300693 0.962167
0.2046784 -0.4697531 1.3511
0.3274854 -0.1870469 0.9259934
0.2865497 -0.3204579 1.087367
0.2397661 -0.03818005 0.6604761
0.2690058 -0.4499077 1.125634
0.3157895 -0.126076 0.6989137
0.4736842 -0.2028903 0.7698916
0.2982456 -0.2690408 1.100272
0.2397661 -0.4725662 1.200804
0.2046784 -0.2919896 1.141569
0.2807018 -0.2963557 1.134618
0.3157895 -0.2686123 1.051015
0.2163743 -0.2895312 1.256168
0.374269 -0.13756 0.6008627
0.4210526 -0.1952655 0.8052541
0.2105263 -0.001831905 0.2026976
0.2748538 -0.06151063 0.7598015
0.2865497 -0.2652973 1.063257
0.2105263 -0.5414392 1.583975
0.380117 -0.2353319 0.9020276
0.4444444 -0.1166729 0.6730339
0.1754386 -0.01183779 0.06789341
0.2397661 -0.2160751 1.100063
0.2923977 -0.08833487 0.6946922
0.2690058 -0.3408317 1.254945
0.3391813 -0.03691634 0.5995806
0.3216374 -0.05498888 0.6563903
0.3976608 -0.1871984 0.7750228
0.3216374 -0.1278835 0.8276393
0.2865497 -0.08947408 0.7923825
0.2748538 -0.1808547 0.90007
0.3918129 -0.2654601 0.8725929
0.380117 -0.2372679 0.8514307
0.3508772 -0.2615872 0.9741886
0.2690058 -0.3054873 1.05883
0.2865497 -0.03454356 0.5714345
0.2865497 -0.220121 1.030614
0.2923977 -0.6246645 1.217801
0.3391813 -0.1488635 0.7070991
0.3684211 -0.1741548 0.8865007
0.3157895 -0.1318998 0.7735727
0.2163743 -0.03940624 0.6744631
0.3391813 -0.2222925 0.7734274
0.245614 -0.1343208 0.9196448
0.3976608 -0.235818 0.8578664
0.380117 -0.1230469 0.6954192
0.2631579 -0.1483018 0.97056
0.3040936 0.1231506 0.4250244
0.2280702 -0.1803183 1.115852
0.2280702 -0.1359214 0.7909261
0.2690058 -0.2109364 1.075541
0.2397661 -0.4299283 0.9239271
0.251462 -0.263466 1.082416
0.1871345 -0.122686 0.740206
0.2690058 -0.1459681 0.5285939
0.5146199 -0.2248988 0.7286894
0.245614 -0.2869238 1.121474
0.251462 -0.1983166 0.9085852
0.2573099 -0.1513796 0.8547135
0.2690058 -0.4766669 1.143787
0.3333333 -0.1215714 0.6698679
0.2690058 -0.1452829 0.9019516
0.2748538 -0.3933607 1.127206
0.3391813 -0.2623141 0.9737863
0.4853801 -0.2476262 0.7957328
0.2807018 -0.2580458 0.8092116
0.2397661 -0.02972175 0.8452961
0.3391813 -0.1854514 0.8565844
0.3684211 -0.3237708 0.9443257
0.3099415 -0.1144685 0.5780276
0.3099415 -0.1492553 0.7513515
0.2865497 -0.2145189 1.014213
0.2163743 -0.1991637 1.1526
0.2046784 -0.96993 1.032946
0.3508772 -0.1804266 0.8556606
0.3274854 -0.2050025 0.9126671
0.3976608 -0.1927049 0.5911834
0.2280702 -0.2044511 1.022036
0.4210526 -0.2044133 0.7673483
0.2865497 -0.2332975 0.9399477
0.374269 -0.2446666 0.8669875
0.3216374 -0.2110706 1.013414
0.1695906 -0.4584056 1.880867
0.1812865 -0.2677842 0.7982636
0.2573099 -0.1376477 0.8255503
0.3157895 -0.1345896 0.875604
0.3684211 -0.1250301 0.7999564
0.2748538 -0.08671012 0.8298786
0.2573099 -0.1785638 0.9743932
0.2573099 -0.2823775 1.226914
0.2105263 -0.1306587 1.043037
0.2631579 -0.2186339 1.023908
0.245614 -0.2302713 1.139978
0.251462 -0.2500877 1.058926
0.245614 -0.6026285 1.008196
0.3450292 -0.2036541 0.873014
0.2865497 -0.04144689 0.6750012
0.3099415 -0.3036112 1.139323
0.1929825 -0.2279688 0.9493367
