0.245614 -0.292954 0.4595586
0.251462 -0.1481739 0.9541333
0.3099415 -0.1548035 0.8577924
0.2339181 -0.3271037 1.090405
0.2222222 -0.02682521 0.7061698
0.2280702 -0.2427327 1.047743
0.2573099 -0.179058 0.9344022
0.2163743 -0.09379659 1.008215
0.2046784 -0.1374274 0.5682372
0.4269006 -0.1533364 0.7160157
0.1988304 -0.07930457 0.6690921
0.3333333 -0.1841349 0.9012948
0.1461988 -0.2406645 0.02888716
0.1578947 -0.3453753 1.260988
0.2163743 -0.387772 1.436161
0.2397661 -0.07909501 0.2754114
0.3450292 -0.1979024 0.8996278
0.2397661 -0.4736148 1.394485
0.1345029 -0.246523 1.214733
0.2280702 -0.3285493 1.222852
0.1812865 -0.2015483 1.191388
0.2397661 -0.2045223 1.080442
0.2631579 -0.09975251 0.7502267
0.2046784 -0.2174391 1.092627
0.2339181 -0.3438681 1.257582
0.1929825 -0.3366478 0.3776309
0.1637427 -0.1297191 0.9276819
0.2573099 -0.2476498 1.154169
0.2982456 -0.3617667 0.9924841
0.2280702 -0.2570725 1.215032
0.251462 -0.2150902 1.045374
0.1578947 -0.3136438 0.6844378
0.2105263 -0.2558987 0.9900866
0.1578947 0.01610019 0.7010793
0.1695906 0.1043912 -0.609713
0.1929825 -0.2621699 1.200234
0.1520468 -0.1558002 1.30082
0.2748538 -0.4605652 1.140287
0.1929825 -0.1818515 0.7403236
0.1754386 -0.2910262 1.367213
0.2105263 -0.1654601 0.7389707
0.1929825 -0.07962275 0.9798249
0.1929825 -0.02224241 0.9348514
0.2339181 -0.03146333 0.2804003
0.1871345 0.1297582 -0.0927484
0.2046784 -0.1215537 1.145292
0.1988304 0.114452 0.1182151
0.1871345 -0.2844724 0.872096
0.2631579 -0.2640858 1.136979
0.1637427 -0.1184137 1.188392
0.2690058 -0.2087823 0.9948542
0.1871345 0.04353212 0.3711307
0.1812865 0.00426294 0.4463433
0.245614 -0.1815549 0.6115362
0.2865497 -0.2688363 0.7353031
0.1754386 -0.07682652 0.7341761
0.251462 -0.04435245 0.7717683
0.2982456 -0.07303806 0.733863
0.1929825 -0.5856723 1.569314
0.2105263 -0.2091063 1.197319
0.2105263 -0.4601794 1.324999
