0.4736842 -0.2529289 0.8019604
0.4093567 -0.1493961 0.7437991
0.4327485 -0.1793847 0.6568502
0.3391813 -0.2377397 0.8620262
0.3625731 -0.2073617 0.8914456
0.3157895 -0.2146829 0.9763226
0.2748538 -0.4050751 1.33624
0.2982456 -0.2960165 1.141127
0.4327485 -0.2236369 0.8079505
0.502924 -0.2408286 0.7177056
0.3918129 -0.231746 0.8420102
0.5555556 -0.3531651 0.8142216
0.4152047 -0.03662803 0.5297747
0.2982456 0.2047995 -0.01554626
0.374269 0.0162845 0.5103031
0.3157895 -0.1996967 0.8723545
0.3450292 -0.09308091 0.7778326
0.1988304 -0.1725698 0.9463755
0.3157895 -0.3047287 1.128226
0.3040936 -0.1282017 0.8240995
0.4093567 -0.1165272 0.6184768
0.5438596 -0.272183 0.7478161
0.3918129 -0.099469 0.7111457
0.3625731 -0.1700697 0.8236612
0.3333333 -0.2152438 0.9504504
0.3859649 -0.2860091 0.9571642
0.2748538 -0.06317089 0.7929749
0.4035088 -0.2037719 0.7536172
0.4035088 -0.229226 0.8397588
0.3391813 -0.1081395 0.723051
0.4853801 -0.2187286 0.7532938
0.3450292 -0.09853212 0.7000516
0.4385965 -0.2541019 0.819179
0.251462 -0.2268837 1.130352
0.4269006 -0.1161045 0.6750692
0.2280702 -0.1849921 1.077211
0.2690058 -0.3260825 1.289048
0.5321637 -0.113109 0.583953
0.2397661 -0.4039278 1.412328
0.3274854 -0.1669754 0.8835645
0.3157895 -0.2719747 1.053279
0.5555556 -0.1828975 0.6070957
0.3040936 -0.3233408 1.190475
0.2923977 -0.3307359 1.171676
0.1988304 -0.09298476 1.087606
0.4502924 -0.3036652 0.8451278
0.3099415 -0.1981577 0.8418865
0.3157895 -0.1761136 0.8988312
0.2748538 -0.3565852 1.229119
0.1988304 0.03767084 0.773768
0.2339181 -0.2735292 1.274325
0.3508772 -0.2660593 0.8994583
0.4210526 -0.252794 0.8326385
0.3216374 -0.07077123 0.7320175
0.4619883 -0.1366451 0.6774542
0.3040936 -0.2166501 0.9890531
0.3450292 -0.3275254 1.035675
0.2046784 -0.2914824 1.4378
0.2280702 -0.1239661 0.8978432
0.2046784 -0.563476 1.576025
0.3099415 -0.3254947 1.140515
0.4561404 -0.2734005 0.8259917
0.3508772 -0.08934792 0.6739544
0.2982456 -0.1768822 0.9532567
0.2690058 -0.07988351 0.8077008
0.1812865 -0.4551341 1.775011
0.2573099 -0.2376924 1.076848
0.1988304 -0.09337459 1.076075
0.2690058 -0.09436402 0.8372511
0.2865497 -0.08930049 0.66683
0.2690058 -0.06189705 0.8213461
0.4619883 -0.3623096 0.8773745
0.3450292 -0.3893749 0.7435904
0.245614 -0.1638239 1.057666
0.4444444 -0.1094435 0.6523849
0.4035088 -0.2338667 0.866734
0.3450292 -0.1982871 0.9318735
0.4385965 -0.08887848 0.5931641
0.2573099 -0.1519247 0.9207602
0.2865497 -0.212711 1.066701
0.4561404 -0.4760269 1.334646
0.2807018 -0.442906 1.372883
0.2923977 -0.2156159 1.004875
0.2982456 -0.2703854 1.06529
0.2865497 -0.1935882 0.9554833
0.1988304 -0.2698427 1.396439
0.4385965 -0.1723584 0.7502855
0.4385965 -0.2149373 0.7330162
0.6725146 -0.07258431 0.4243566
0.5204678 -0.2024353 0.7124765
0.5789474 0.2289864 0.2582417
0.6023392 -0.1458564 0.5825582
0.4269006 -0.2966908 0.8946132
0.3684211 -0.1031956 0.7038666
0.4035088 -0.2019466 0.7830948
0.7251462 -0.09910767 0.5369825
0.2046784 -0.09711031 1.05591
0.3567251 0.05801395 0.2205776
0.1929825 -0.2337108 1.215775
0.4561404 -0.1823422 0.7244746
0.3040936 -0.07993017 0.7405646
0.502924 -0.1915435 0.6998069
0.4736842 -0.04538986 0.415831
0.3391813 -0.1911207 0.9169342
0.5614035 -0.405455 0.8394794
0.245614 -0.1652085 1.139165
0.380117 -0.2010817 0.8638323
0.3859649 -0.05857042 0.6631123
0.2748538 -0.2324149 1.024982
0.3333333 -0.126417 0.8023296
0.5730994 -0.186878 0.6408423
0.502924 -0.135361 0.5924589
0.2573099 -0.1108739 0.7957147
0.4678363 -0.2805975 0.8094534
0.4678363 -0.3094063 0.8531465
0.6374269 -0.214213 0.6880318
0.4093567 -0.008670058 0.5379999
0.4561404 -0.0660702 0.6038102
0.3040936 -0.2120561 1.014461
0.3333333 -0.1207065 0.6537083
0.2280702 -0.226671 1.173545
0.3684211 -0.1081546 0.7440327
0.3157895 -0.1328269 0.8115648
0.2865497 -0.1167212 0.8638392
0.5204678 -0.1070893 0.5216617
0.6783626 -0.1959956 0.6265865
0.3391813 -0.1614006 0.8105962
0.374269 -0.1660605 0.7452987
0.2982456 -0.02521555 0.6933699
0.4093567 -0.1206492 0.7337245
0.502924 -0.1959834 0.7493666
0.4035088 -0.127709 0.6896882
0.3333333 -0.219895 0.9186448
0.4093567 -0.1994083 0.663736
0.4269006 -0.2090115 0.7980958
0.4327485 -0.03277742 0.5731275
0.2631579 -0.0873057 0.7248094
0.502924 -0.1658242 0.6918107
0.4678363 -0.02047295 0.5798735
0.5146199 -0.05683397 0.5584491
0.4210526 -0.1684635 0.7583988
0.625731 -0.05416828 0.4695141
0.5555556 -0.2554214 0.7505034
0.5672515 -0.02976596 0.4368005
0.6491228 -0.1525466 0.5752831
0.6608187 -0.119935 0.5045838
0.4385965 -0.1157941 0.6527231
0.5321637 -0.2810979 0.702451
0.5906433 -0.1678751 0.6018896
0.7192982 0.09634421 0.1648139
0.5321637 -0.2828897 0.7830041
0.4152047 -0.1408484 0.7403799
0.380117 -0.2574923 0.9273556
0.6900585 -0.2361949 0.659913
0.2748538 -0.1320463 0.9468139
0.4385965 -0.1206801 0.7069302
0.2982456 -0.1973075 0.879134
0.5321637 -0.2476064 0.6963419
0.3918129 -0.06361626 0.6141792
0.619883 -0.2551067 0.6877705
0.6315789 0.09203723 0.2916676
0.4269006 -0.2394241 0.8440683
0.4152047 -0.1676642 0.7199611
0.5789474 -0.228635 0.702852
0.5497076 -0.1672912 0.6362308
0.8947368 1.206268 -0.6891992
0.3508772 -0.2048064 0.8879624
0.3157895 -0.4093128 1.225906
0.5087719 -0.1580052 0.6821008
0.3216374 -0.1268891 0.8304345
0.3099415 -0.2528549 1.026678
0.245614 -0.3373868 0.9837464
0.3450292 -0.3264326 1.041205
0.1929825 -0.272884 0.883421
0.6432749 -0.04949518 0.4857414
0.1578947 -0.2208154 1.059085
0.2982456 -0.1764338 0.8228164
0.374269 -0.2857923 1.008075
0.3976608 0.01303058 0.5265762
0.2280702 -0.1374084 0.6612727
0.3684211 -0.1707173 0.7376501
0.1929825 -0.6319383 1.928989
0.3391813 -0.3419114 1.011095
0.1871345 -0.05402994 0.904027
0.3976608 -0.02724104 0.5523852
0.3508772 -0.07183408 0.5587367
0.2280702 -0.3295245 1.353666
0.4385965 -0.7032936 1.461004
0.3216374 -0.3378228 1.108387
0.5263158 -0.183508 0.6376883
0.4152047 -0.2320833 0.8553355
0.3625731 -0.02847162 0.5766134
0.5146199 -0.2144288 0.7666568
0.4444444 -0.2050745 0.8111728
0.2631579 -0.3080314 1.226282
0.3567251 -0.1524846 0.7808163
0.2865497 -0.09934151 0.8272315
0.2748538 -0.2876156 1.133038
0.4327485 -0.2665486 0.8257672
0.3567251 -0.1460634 0.715568
0.2923977 -0.1554641 0.7474034
0.3391813 -0.19086 0.9144208
0.4210526 -0.1729319 0.7757734
0.2105263 -0.2790589 1.297641
0.2631579 -0.21479 0.9468785
0.2397661 -0.1929049 1.109917
0.4327485 0.02226395 0.4438272
0.3391813 -0.184967 0.7716548
0.2339181 0.002010803 0.5168597
0.3274854 -0.04889473 0.6075583
0.2748538 -0.3272415 1.189212
0.2982456 -0.2127957 1.011699
0.251462 -0.323904 1.2977
0.2748538 -0.2726902 1.18425
0.497076 -0.06690839 0.5556894
0.502924 -0.2786479 0.8070147
0.1812865 -0.3677609 1.676031
0.4093567 -0.1509201 0.7824736
0.4619883 -0.3008697 0.8200129
0.5204678 -0.1722126 0.6764715
0.5789474 -0.1802526 0.6512032
0.251462 -0.2402773 1.015121
0.4736842 -0.1373345 0.6983573
0.2222222 -0.3027787 1.10348
0.1988304 -0.3242926 1.514545
0.2807018 -0.1923061 0.9404054
0.2923977 -0.03399769 0.5827783
0.4035088 -0.2853643 0.9230704
0.4502924 -0.1877903 0.7301707
0.5146199 -0.1925831 0.7194869
0.2865497 -0.2147606 0.944965
0.502924 -0.2512002 0.7649941
0.5555556 -0.2546573 0.729238
0.5438596 -0.0003118894 0.4214199
0.3391813 -0.1710378 0.8734465
0.2865497 -0.1054674 0.7369291
0.5730994 -0.2406683 0.7014561
0.4327485 -0.07649513 0.5998235
0.2397661 -0.4944782 1.068796
0.3099415 -0.2357142 0.9383455
0.2573099 0.05177239 0.2298072
0.5263158 -0.1293083 0.6736485
0.3508772 -0.2830036 0.921009
0.4502924 0.02353296 0.4751645
0.5146199 -0.2942129 0.8136045
0.5321637 -0.1316779 0.6128679
0.5789474 -0.1936425 0.6637137
0.4152047 -0.07668445 0.6965147
0.2923977 -0.1586053 0.8703217
0.3567251 -0.2113232 0.9299844
0.3157895 -0.2569556 1.048196
0.5263158 -0.04346663 0.4758741
0.5672515 -0.1948277 0.6698972
0.5438596 -0.2921936 0.7766142
0.5087719 -0.1089724 0.5907082
0.2807018 -0.08257344 0.7998833
0.4093567 -0.1393267 0.7494293
0.3684211 0.01286808 0.5649753
0.2163743 -0.08675997 0.8677313
0.3625731 -0.1243429 0.7485493
0.3333333 -0.09167879 0.7666218
0.7192982 -0.09762701 0.5359978
0.3099415 -0.2659882 1.047539
0.3508772 -0.2541077 0.9428239
0.2163743 -0.4862302 1.654839
0.4912281 -0.05706677 0.5597033
0.3333333 -0.17833 0.9283459
0.2982456 -0.1497916 0.9133965
0.4385965 -0.2966133 0.8978831
0.6432749 -0.3738933 0.783212
0.7660819 0.1123842 0.2212597
0.3157895 -0.1450544 0.827963
0.4678363 -0.1421341 0.6892717
0.2807018 -0.1346071 0.6787107
0.2807018 -0.4735757 1.254485
0.5380117 -0.1990944 0.6898825
0.4619883 -0.2315393 0.7927079
0.2807018 -0.3126737 1.038681
0.1403509 -0.5007223 2.195722
0.3625731 -0.2204099 0.8862133
0.6666667 -0.2316297 0.6726555
0.380117 -0.02783528 0.5133427
0.3099415 -0.2235637 1.010476
0.2222222 -0.1027701 1.032244
0.3918129 -0.2401845 0.8884984
0.380117 -0.1109973 0.7514587
0.4385965 -0.04625973 0.5745798
0.4210526 -0.1018458 0.6795099
0.6374269 -0.1218752 0.5659195
0.5087719 -0.1197951 0.6214813
0.2923977 -0.2824761 0.9895087
0.5730994 -0.06202111 0.5237015
0.3508772 -0.2552877 0.9674998
0.3391813 -0.2239179 0.8814343
0.3567251 -0.2762948 0.9412866
0.380117 -0.2235736 0.8994395
0.5321637 -0.3766999 0.8493744
0.5321637 -0.1352253 0.6071884
0.7192982 -0.1584581 0.5784559
0.2631579 -0.09389561 0.9356108
0.2865497 -0.1160668 0.8114271
0.1988304 -0.1898887 1.158319
0.5847953 -0.07162278 0.4674584
0.3684211 -0.3120326 0.9401272
0.4093567 -0.2211071 0.8245081
0.3333333 -0.0578618 0.7327022
0.6491228 -0.419434 0.8407628
0.1812865 -0.02277225 1.016702
0.3216374 -0.1126391 0.7850463
0.2339181 -0.2301154 1.077856
0.3274854 -0.2847807 0.8922101
0.2339181 -0.2866163 1.281088
0.2222222 -0.1435431 1.081266
0.2865497 0.03965908 0.3909297
0.2690058 -0.3363313 1.30046
0.5964912 -0.1195141 0.5675596
0.2631579 -0.1710271 0.9997093
0.5789474 -0.1908691 0.606153
0.251462 -0.3933395 1.346675
0.4035088 -0.2059786 0.8317899
0.5146199 -0.1561171 0.4862069
0.2982456 -0.2590236 0.9959712
0.2690058 -0.2770655 1.15052
0.3625731 -0.373158 0.9331731
0.5438596 -0.01318326 0.4119621
0.4853801 -0.0246219 0.4990743
0.3040936 -0.1371115 0.7398168
0.374269 -0.1746427 0.8667318
0.4269006 -0.2933207 0.8070092
0.2631579 -0.196298 1.034106
0.3684211 -0.2711372 0.9490618
0.5438596 -0.1550862 0.6529647
0.2690058 -0.3328424 1.224083
0.2982456 -0.5160917 1.270371
0.2573099 -0.2324774 1.097583
0.2982456 -0.07437808 0.6866585
0.2163743 -0.2379822 0.9465658
0.2631579 -0.3251042 1.264737
0.3450292 -0.05251119 0.4963594
0.3099415 -0.2614198 1.033191
0.3274854 -0.1587438 0.7034327
0.3684211 -0.1512891 0.7586823
0.2690058 -0.3843835 1.150523
0.1929825 0.05229755 0.1345751
0.5146199 -0.09850439 0.6235835
0.5380117 -0.270479 0.704819
0.2923977 -0.2415192 1.016577
0.5087719 -0.1227929 0.6051786
0.3157895 -0.2456275 0.9558716
0.5146199 -0.04387079 0.5155846
0.2690058 -0.5656046 1.427734
0.5146199 -0.2923733 0.7518857
0.6725146 -0.1716003 0.604022
0.3976608 -0.1160034 0.6975417
0.502924 -0.1366602 0.6835488
0.2690058 -0.2891178 1.124992
0.4152047 -0.05681125 0.5538251
0.625731 -0.2545904 0.700692
0.380117 -0.186294 0.8531187
0.625731 -0.299397 0.728389
0.251462 -0.2063684 1.110857
0.3216374 -0.05365886 0.7535272
0.251462 -0.1070025 0.9381249
0.251462 -0.1338915 0.8156448
0.251462 -0.214195 1.10888
0.4327485 -0.1160586 0.6667454
0.4210526 -0.2492963 0.7290184
0.2807018 -0.00275914 0.4358574
0.2690058 -0.03331607 0.6078303
0.4619883 -0.1959988 0.7669821
0.3976608 -0.1492506 0.6575342
0.3508772 -0.192112 0.8643236
0.4327485 -0.2216336 0.770506
0.6666667 -0.3250744 0.738665
0.2923977 -0.219571 0.8890493
0.3918129 -0.2589149 0.8855532
0.3099415 -0.3522795 1.184167
0.3099415 -0.247446 1.037548
0.245614 -0.2831337 1.215949
