0.4385965 -0.1522964 1.422115
0.4502924 0.1253924 0.3505795
0.3157895 -0.3108677 1.039023
0.3918129 -0.2500682 0.9088999
0.4035088 -0.1925289 0.8340949
0.2397661 -0.1843987 1.084137
0.3274854 0.04177147 0.5215344
0.4269006 -0.2595199 0.8309391
0.2631579 -0.1324158 0.5340439
0.4035088 -0.2201694 0.7944587
0.3216374 -0.1550803 0.8975037
0.4210526 -0.03804954 0.572166
0.3391813 -0.1691907 0.7676249
0.2222222 -0.1259606 0.8913886
0.3450292 -0.1178135 0.7387108
0.4210526 -0.06129927 0.4659827
0.3450292 -0.2451457 0.9017545
0.380117 -0.2733683 0.8967486
0.4795322 -0.3678213 0.08159212
0.3450292 -0.09780578 0.7182736
0.5906433 -0.3265277 0.7797541
0.6432749 0.4106692 0.2609446
0.4093567 -0.03085468 0.6153334
0.4619883 -0.05470779 0.4946875
0.4269006 -0.2030252 0.8245731
0.4327485 -0.1393165 0.689146
0.4385965 -0.2072046 0.8011198
0.4853801 -0.1871873 0.7311057
0.5380117 -0.2173377 0.772683
0.5672515 -0.1273766 0.5920849
0.5438596 -0.2473571 0.7620915
0.5380117 -0.3888568 0.8362466
0.3333333 -0.2033296 0.9326544
0.3333333 -0.2751366 1.026181
0.5555556 -0.2429289 0.7394361
0.4152047 -0.1071529 0.7211601
0.2865497 -0.1859749 0.9807231
0.3508772 -0.2420096 0.9185669
0.3099415 -0.2031316 0.9688741
0.3274854 -0.2239716 0.9694184
0.3157895 -0.3181848 1.039217
0.3508772 -0.1007417 0.7158306
0.3157895 -0.05883512 0.5957489
0.3450292 -0.2074555 0.9229219
0.4093567 -0.0637933 0.6749407
0.5146199 -0.2518008 0.7910564
0.5380117 0.02819754 0.4418177
0.3976608 -0.1666647 0.7637266
0.2923977 -0.1964037 0.9748166
0.6725146 -0.1953724 0.6026271
0.3216374 -0.2189838 0.9522962
0.3450292 -0.09274356 0.7482877
0.5614035 0.006956666 0.423955
0.2865497 -0.2503109 1.08091
0.3859649 -0.2353645 0.8683841
0.3859649 -0.01803326 0.2850998
0.4502924 -0.2372747 0.7671746
0.3099415 -0.1800254 0.7693822
0.4444444 -0.1699566 0.7939737
0.4152047 -0.2350636 0.8596453
0.4853801 -0.1388217 0.6192877
0.7719298 -0.1843249 0.5627641
0.6783626 -0.36925 0.7947734
0.4269006 -0.1532166 0.7241423
0.3040936 -0.1221619 0.8775207
0.3274854 -0.1116089 0.8118995
0.2222222 -0.3452959 1.371007
0.5087719 -0.169066 0.6231285
0.251462 -0.2946785 1.209942
0.3976608 -0.2252704 0.8402588
0.2807018 -0.331445 0.718803
0.3684211 -0.163273 0.8344112
0.2807018 -0.1549729 0.9792701
0.2339181 -0.1677434 0.9632528
0.4385965 -0.1463951 0.6583593
0.3508772 -0.2588529 0.8935376
0.4035088 -0.1289825 0.6998159
0.374269 -0.232863 0.7331621
0.4678363 -0.1722729 0.7287474
0.1461988 -0.2179365 1.625225
0.3157895 -0.1367017 0.7469213
0.5146199 -0.3203937 0.8106478
0.2807018 -0.170242 0.98493
0.2046784 -0.1174816 0.9393635
0.3333333 -0.2456786 0.9107348
0.374269 -0.2215528 0.9012907
0.4269006 -0.2200897 0.7916649
0.5672515 -0.3088269 0.7944846
0.2807018 -0.2598356 1.011805
0.6023392 -0.006441204 0.4442093
0.3040936 -0.2655175 1.444838
0.4269006 -0.2418128 0.8150528
0.4736842 -0.2533641 0.7596851
0.6432749 -0.1441277 0.5475167
0.3567251 -0.14344 0.7657604
0.5087719 -0.08670034 0.5508974
0.2339181 -0.2321978 1.048817
0.3391813 -0.1674592 0.8675985
0.2982456 -0.236637 0.9930078
0.4853801 -0.1190852 0.6472796
0.5146199 -0.163465 0.6908992
0.380117 -0.1602104 0.8396888
0.3333333 -0.2598297 0.9847431
0.5204678 -0.3499082 0.7918338
0.2923977 -0.3272612 1.155725
0.3450292 -0.2678026 0.9804128
0.3567251 -0.2690139 0.9319686
0.245614 -0.1503103 0.6957435
0.2397661 -0.1172365 0.9961099
0.3099415 -0.2586337 0.9272026
0.2631579 -0.07542654 0.8591148
0.5497076 -0.3060988 0.8031989
0.1695906 -0.5555045 1.885778
0.380117 -0.1378942 0.8258762
0.2982456 -0.1718844 0.9072557
0.2105263 -0.3515249 1.500701
0.4327485 -0.01987592 0.4769966
0.3450292 -0.2188707 0.8926254
0.245614 -0.131097 0.7653137
0.3976608 -0.2412276 0.8500295
0.3391813 -0.0691386 0.6216577
0.380117 -0.204446 0.8547736
0.4035088 -0.2636602 0.8940593
0.3099415 -0.2624142 1.035797
0.5964912 -0.1457331 0.6089455
0.619883 -0.1908774 0.677974
0.3859649 -0.09573607 0.7421291
0.3625731 -0.1123446 0.7239738
0.3391813 -0.1567067 0.7884122
0.4444444 -0.09014189 0.5861888
0.4561404 -0.2617064 0.8033924
0.380117 -0.2502343 0.9283599
0.374269 -0.230242 0.9020197
