0.3567251 -0.1981193 0.8561988
0.5438596 -0.2067275 0.6976954
0.3859649 -0.2096272 0.8583193
0.2923977 -0.3066779 1.089768
0.3976608 -0.1961794 0.8358222
0.3157895 -0.296921 0.9514578
0.2397661 -0.4295531 1.319262
0.4502924 -0.1483163 0.7349392
0.2163743 -0.4945654 0.8811276
0.4093567 -0.351391 0.9494283
0.2982456 -0.3008632 1.068202
0.4210526 -0.2129158 0.8287385
0.4678363 -0.05949182 0.5786267
0.3450292 -0.1347179 0.8128069
0.1988304 -0.3640618 1.398755
0.3274854 -0.2041032 0.9019513
0.3216374 0.04282716 0.4685616
0.4035088 -0.1755015 0.7946584
0.2397661 -0.1165059 0.8307928
0.4269006 -0.2487811 0.8671193
0.2397661 -0.1755038 1.11996
0.2631579 -0.1974512 1.023224
0.502924 -0.2776356 0.8159645
0.3274854 -0.1388705 0.7364182
0.2923977 -0.007453639 0.6603571
0.3684211 -0.1605499 0.8281743
0.5672515 0.007192783 0.4571488
0.3157895 -0.3035759 1.082229
0.6491228 -0.154684 0.5996027
0.2923977 -0.4106188 1.213495
0.4502924 -0.03869602 0.5516583
0.502924 -0.2326378 0.7665581
0.4093567 -0.1521594 0.7747582
0.2631579 -0.2649351 1.216023
0.6140351 -0.1394155 0.5648017
0.245614 -0.2071344 1.151665
0.5614035 -0.2391484 0.7484574
0.2397661 -0.3630186 0.8651655
0.3976608 -0.102198 0.567294
0.2923977 -0.2497241 1.079714
0.3976608 -0.2703504 0.9528294
0.2748538 -0.1274472 0.8573894
0.4502924 -0.2635212 0.8267491
0.4444444 -0.2182833 0.7734272
0.3333333 -0.2819147 1.026605
0.2865497 -0.1411039 0.5356528
0.1929825 -0.8240738 1.860173
0.2163743 -0.1335414 0.9300536
0.2865497 -0.3428192 1.178048
0.2222222 -0.2918678 1.145489
0.3684211 -0.1811588 0.8189338
0.3333333 -0.1274715 0.7632095
0.2923977 -0.3023096 1.058126
0.2748538 -0.3128876 1.156886
0.3508772 -0.09367894 0.7257715
0.2573099 -0.1629459 0.9861998
0.374269 -0.2275606 0.838047
0.380117 -0.2062099 0.8292087
0.4210526 -0.1489457 0.7710782
0.4912281 -0.2886519 0.8213892
0.3625731 -0.2358762 0.9179423
0.4035088 -0.2705791 0.9227727
0.5263158 -0.148029 0.6322146
0.4619883 -0.1882505 0.753975
0.2631579 -0.2979697 1.209604
0.6081871 -0.2731998 0.7495643
0.497076 -0.3118342 0.8492292
0.4561404 -0.2690353 0.8261801
0.4152047 -0.07728038 0.6550006
0.502924 -0.3820837 0.8348379
0.380117 -0.3132218 0.9444795
0.5146199 -0.1271741 0.6827292
0.2982456 -0.2415388 1.018576
0.5497076 -0.07176172 0.5660207
0.4152047 -0.12844 0.6926769
0.2631579 -0.3474872 1.197159
0.2807018 -0.1493042 0.9076611
0.2807018 -0.5471523 1.50743
0.6432749 -0.479469 0.8668713
0.3918129 -0.0835439 0.5913408
0.5087719 -0.1850813 0.7400934
0.4795322 -0.1732525 0.733542
0.6432749 -0.1366606 0.6083088
0.2631579 -0.23292 1.123029
0.380117 -0.2189825 0.8471999
0.4327485 -0.1492313 0.7491933
0.3157895 -0.2091609 0.8542222
0.2163743 -0.8262874 1.566534
0.4385965 -0.2522152 0.8404133
0.2807018 -0.2990062 1.155342
0.3274854 -0.09108047 0.6082615
0.4152047 -0.1098995 0.6429441
0.2573099 -0.3275472 1.280731
0.2631579 -0.2249773 1.138533
0.2163743 -0.2020594 1.156902
0.4678363 -0.3155365 0.8529104
0.4678363 -0.08268521 0.5802685
0.3684211 -0.2987264 0.9976378
0.3859649 -0.2679035 0.9156548
0.5847953 -0.3638935 0.817562
0.5438596 -0.3644855 0.8236615
0.3216374 -0.2015212 0.9818666
0.5087719 -0.2596468 0.7616992
0.2807018 -0.3333021 1.181344
0.245614 -0.1212304 0.938859
0.2982456 -0.1051983 0.8563916
0.3976608 -0.1346626 0.7156934
0.3216374 -0.2102977 0.9534194
0.2982456 -0.213188 0.9716892
0.3040936 -0.2496252 1.060282
0.4795322 -0.03099169 0.5365691
0.4035088 -0.1765615 0.7779495
0.6432749 -0.1862234 0.5488435
0.2105263 -0.3085973 1.419662
0.4561404 -0.263771 0.8267922
0.4035088 -0.2137642 0.8481546
0.4912281 -0.1971037 0.7324962
0.5263158 -0.1484468 0.6646918
0.3508772 -0.3240919 1.081159
0.3391813 -0.2996268 0.9417548
0.5380117 -0.2601456 0.7604964
0.5087719 -0.209722 0.7272134
0.5672515 0.02497642 0.3769062
0.380117 -0.2022572 0.8546396
0.4152047 -0.2932601 0.8854816
0.4210526 -0.1845573 0.7796653
0.2631579 -0.1618635 1.026952
0.5672515 -0.1640143 0.630908
0.2573099 0.04252561 0.7100386
0.3508772 -0.06247685 0.7352072
0.3099415 -0.3024205 0.9929983
0.374269 -0.3301296 0.962159
0.245614 -0.1752243 1.018929
0.2807018 -0.05704371 0.7481142
0.3918129 -0.01560835 0.4510132
0.4502924 -0.2959293 0.8727699
0.5789474 -0.1051466 0.5592612
0.3099415 -0.2632466 1.096145
0.2923977 -0.3662358 1.14982
0.380117 -0.2540291 0.9289367
0.2280702 -0.2687994 1.269101
