0.4619883 -0.1561796 0.7128536
0.2280702 -0.2042808 1.196603
0.3625731 -0.2240597 0.9242954
0.3859649 -0.161166 0.7434523
0.4502924 -0.207049 0.7605008
0.3684211 -0.2487329 0.935252
0.3508772 -0.2544914 0.9334833
0.1812865 -0.3077839 1.479283
0.2573099 -0.5225531 1.196524
0.2982456 -0.2433244 1.01161
0.3976608 -0.2097371 0.8381337
0.2865497 -0.04702797 0.7819465
0.4152047 -0.03299583 0.534566
0.374269 -0.2244297 0.8556323
0.3567251 -0.3221372 0.9949466
0.3216374 -0.06835036 0.673192
0.3099415 -0.2164721 0.9495708
0.4385965 -0.1541972 0.6944653
0.2807018 -0.2170019 0.7932533
0.2748538 -0.1261458 0.6163947
0.4035088 -0.1526351 0.7109934
0.4152047 -0.1346039 0.7408261
0.4035088 0.04688115 0.5553006
0.4561404 -0.2883133 0.831724
0.619883 -0.2148283 0.6662479
0.3157895 -0.2460148 0.6568631
0.3625731 -0.1576837 0.6540674
0.2280702 -0.2695643 1.229179
0.2982456 -0.2577047 1.110224
0.4093567 -0.1753524 0.812126
0.2397661 -0.2824117 1.170311
0.2105263 -0.5254423 1.457854
0.2865497 -0.1604889 0.8964984
0.4152047 -0.1724214 0.7530062
0.374269 -0.2703174 0.9427301
0.2807018 -0.2674315 1.065819
0.374269 -0.1474089 0.7923929
0.2280702 -0.3768414 1.490447
0.4736842 -0.08414687 0.6441289
0.3216374 -0.1564289 0.7124382
0.3918129 -0.1026155 0.6787897
0.3099415 -0.1864455 0.8825104
0.2397661 -0.1018932 0.9902181
0.3625731 -0.154606 0.7158524
0.2163743 -0.3548208 1.489265
0.5321637 -0.06736992 0.5630607
0.2339181 -0.2933638 1.189162
0.3157895 -0.274182 1.050951
0.3333333 -0.2583496 0.9865816
0.2280702 -0.5357327 1.133125
0.3216374 -0.2330381 0.9336184
0.4093567 -0.2580058 0.8444678
0.245614 -0.3440213 1.253776
0.4327485 -0.2206328 0.8007722
0.1929825 -0.2793614 1.293127
0.2690058 -0.2223911 1.004801
0.5789474 -0.2294666 0.7277792
0.5438596 0.01018858 0.3553129
0.4561404 -0.04466663 0.5150273
0.5555556 -0.1262196 0.6773192
0.4385965 -0.1020301 0.5782869
0.3274854 -0.240451 0.9278588
0.2339181 -0.1698228 0.7778267
0.2690058 -0.2022649 1.045667
0.4444444 -0.1501608 0.6951732
0.2339181 -0.2098586 1.212025
0.3099415 -0.1229002 0.8127847
0.3918129 -0.2227099 0.7449514
0.3508772 -0.2182735 0.763746
0.251462 0.04264485 0.3932421
0.4327485 -0.2317735 0.8072585
0.3625731 -0.3577889 1.028685
0.2748538 -0.2466063 1.094404
0.2222222 0.1052588 0.5964384
0.4327485 -0.1980638 0.8204365
0.2222222 -0.0730892 0.9097671
0.3976608 -0.170028 0.7291212
0.2222222 -0.1396606 1.097172
0.2690058 -0.2761456 1.20806
0.3040936 -0.2732538 1.097521
0.374269 -0.3339063 0.9937383
0.4269006 -0.315209 0.9084372
0.4444444 -0.3069135 0.8545487
0.5847953 -0.181171 0.6140617
0.2222222 -0.4032529 1.289451
0.5789474 -0.2627742 0.7251341
0.2046784 -0.2183042 1.022877
0.2807018 -0.1903765 0.953698
0.3918129 -0.1528742 0.7493519
0.2748538 -0.248341 1.074034
0.2690058 -0.2146956 1.03203
0.4210526 -0.1501353 0.6291384
0.1578947 -0.3563818 1.721968
0.4385965 -0.2631322 0.8521036
0.2690058 -0.2119602 1.111327
0.3274854 -0.1430057 0.7850716
0.2280702 -0.2722206 1.140837
0.2807018 -0.129183 0.867258
0.2923977 -0.2954973 1.117514
0.4561404 -0.1597634 0.7391091
0.2397661 0.01905739 0.6325374
0.3333333 -0.06322564 0.6826761
0.4152047 -0.1014602 0.6738062
0.6023392 -0.1496926 0.6063753
0.3040936 -0.3469102 1.180718
0.2865497 -0.2382722 0.743975
0.4561404 -0.1394547 0.6915634
0.6666667 -0.2628348 0.6985255
0.3508772 -0.2390343 0.8870866
0.4502924 -0.2016645 0.8166936
0.5380117 -0.1514913 0.6612358
0.4619883 -0.2887134 0.8706916
0.374269 -0.1300854 0.7239794
0.3099415 -0.1413002 0.8199227
0.5497076 0.01719384 0.433962
0.6491228 -0.2242258 0.6622971
0.3450292 -0.3576323 0.9657033
0.2807018 -0.2005099 0.7611353
0.3976608 -0.3542849 0.9236099
0.5614035 0.02812811 0.4023142
0.2631579 -0.242763 1.060545
0.3625731 -0.09951742 0.7443265
0.2046784 0.03599725 0.4004107
0.3099415 -0.07242082 0.6583906
0.2923977 -0.1817505 0.9667287
0.4912281 -0.1274134 0.6907361
0.2748538 -0.261243 1.150977
0.2982456 -0.08402834 0.5212664
0.2397661 -0.08043134 0.9422618
0.3099415 -0.08857582 0.8032847
0.1988304 0.1177843 0.3343898
0.3216374 -0.1934161 0.9332702
0.3567251 -0.3152161 1.036471
0.3391813 -0.280483 1.038368
0.3099415 -0.2108944 0.9056671
0.2397661 -0.1657583 1.074866
0.3274854 -0.2235872 0.9505612
0.380117 0.1540284 -0.004321762
