0.4093567 -0.2471134 0.8611276
0.3333333 -0.05682907 0.6984151
0.2280702 -0.05750831 0.7539221
0.251462 -0.1169877 0.7082935
0.3684211 -0.1183382 0.6681502
0.2690058 -0.2821971 1.129197
0.4210526 -0.3038016 0.8913842
0.2748538 -0.2495997 1.040947
0.2339181 -0.2097575 0.8482563
0.2807018 -0.1219964 0.8127722
0.2222222 -0.2027672 0.8727494
0.3450292 -0.2559143 0.9464131
0.4152047 -0.2531827 0.851554
0.2690058 -0.1775472 0.962473
0.2748538 -0.2043381 0.7999686
0.3684211 -0.293058 0.9914986
0.1988304 0.009755043 0.6119879
0.2748538 -0.1913116 1.053663
0.3040936 -0.3017956 1.03258
0.3216374 -0.2302745 0.9384497
0.1578947 -0.1166422 0.6524063
0.1988304 -0.3611275 1.560571
0.2923977 -0.1975246 1.009676
0.2982456 -0.0993224 0.8301375
0.3918129 -0.1965371 0.8642883
0.251462 -0.251318 1.223694
0.2631579 -0.284055 1.059036
0.1812865 -0.1891852 1.383061
0.2105263 -0.2638244 1.276192
0.3508772 -0.1899705 0.8313682
0.3099415 -0.04566034 0.7040596
0.2748538 -0.1548127 1.002768
0.2631579 -0.2248308 1.13488
0.3918129 -0.1602642 0.7643763
0.3859649 -0.07584115 0.6064829
0.3216374 -0.3719408 1.158016
0.3274854 -0.2813835 1.021108
0.245614 -0.1213768 0.8924942
0.2865497 -0.3995484 1.122581
0.3918129 -0.1298494 0.7398837
0.245614 -0.2232078 1.166252
0.3333333 -0.2606301 0.9632357
0.245614 -0.3214414 1.244915
0.3333333 -0.3318788 0.9118391
0.2222222 -0.3215285 1.24021
0.2280702 -0.2563044 1.112134
0.2982456 -0.3904435 1.048707
0.2105263 -0.4579614 1.546453
0.2339181 -0.3097141 0.8238111
0.2690058 -0.2008897 0.9433539
0.245614 -0.223893 1.015604
0.3918129 -0.19973 0.7943608
0.3040936 -0.1089698 0.851095
0.4093567 -0.2061286 0.7840482
0.1871345 0.1192436 0.06758063
0.3274854 -0.1702631 0.8059589
0.2397661 -0.1619841 1.017384
0.3099415 -0.1331386 0.7653538
0.2105263 -0.2929426 1.126671
0.2631579 -0.3022663 1.2019
0.2982456 -0.2770864 1.078279
0.3333333 -0.3908526 1.036097
0.4561404 -0.2169524 0.7636754
0.2631579 -0.3090418 1.146919
0.3625731 -0.09872503 0.7041587
0.2631579 -0.3430063 1.13986
0.3216374 -0.1484013 0.8645353
0.2105263 -0.1432244 0.9204615
0.2105263 -0.3558133 0.8948093
0.2690058 -0.2477363 1.162741
0.2105263 -0.1876846 1.204195
0.1871345 -0.2166905 0.768114
0.3391813 -0.2420017 0.8556238
0.2748538 -0.05270235 0.7447039
0.2807018 -0.06610045 0.8212325
0.1871345 -0.2987072 1.043678
0.3099415 -0.1122874 0.8113187
0.2690058 -0.178859 1.014087
0.3157895 -0.4121308 1.145517
0.2865497 -0.07743545 0.7738136
0.2397661 -0.2992813 1.269648
0.4327485 -0.1570826 0.7344662
0.1988304 -0.2487188 1.265343
0.2807018 -0.04555164 0.7078551
0.4035088 -0.1490264 0.7898153
0.4035088 -0.2418525 0.8368176
0.2631579 -0.1351742 0.9477667
0.4093567 -0.03750526 0.5379199
0.2631579 -0.3129539 1.240755
0.3099415 -0.1500867 0.8354914
0.3684211 -0.1778885 0.8161598
0.3157895 -0.2020939 0.8788798
0.3274854 -0.2656125 0.8856566
0.2690058 -0.1859271 0.9367941
0.2046784 -0.1572327 1.177179
0.3216374 -0.2636784 0.9731041
0.2573099 -0.2054906 1.060477
0.2923977 -0.1061098 0.8162425
0.1520468 -0.3381329 0.4896472
0.380117 -0.06089714 0.6896068
0.2573099 -0.1100785 0.8528024
0.2046784 -0.1917047 0.6588441
0.3333333 -0.0560646 0.6965236
0.245614 -0.635897 1.316711
0.2631579 -0.237736 0.9183735
0.2748538 -0.2399845 1.005176
0.1461988 -0.3145035 1.696011
0.2046784 -0.3140818 1.464096
0.1871345 -0.1944464 1.157651
0.3040936 -0.1629978 0.9813701
0.3976608 -0.2415894 0.8447804
0.3625731 -0.2809865 0.936718
0.3508772 -0.291967 0.9610047
0.380117 -0.174325 0.8019054
0.2280702 -0.1905285 0.9544176
0.2105263 -0.01668136 0.9347612
0.4093567 -0.2922885 0.8609808
0.1871345 -0.2329088 1.354855
0.3625731 -0.1536052 0.8228757
0.3157895 -0.06805206 0.6855249
0.3216374 -0.1920662 0.9233029
0.3216374 -0.2479719 0.8894793
0.1461988 -0.2944244 1.450947
0.2631579 -0.05153776 0.7629313
0.3274854 -0.2152283 0.8217638
0.502924 -0.1496924 0.7278023
0.3918129 -0.2195303 0.8923817
0.2397661 -0.0964594 0.9371854
0.2690058 -0.2330132 1.062661
0.4853801 -0.3226607 0.8497679
0.3976608 -0.2106552 0.7478242
0.2807018 -0.2241227 1.03021
0.4152047 -0.1775265 0.7277359
0.3333333 -0.2648012 1.025647
0.245614 -0.04043365 0.7581988
0.2163743 -0.3946149 1.458999
0.2046784 -0.5047891 1.380237
0.2222222 -0.3264071 1.372295
0.2748538 -0.1266523 0.841418
0.3040936 -0.136457 0.757588
0.3333333 -0.1818043 0.9077144
0.2105263 -0.3020616 1.213126
0.251462 -0.1971753 0.5347574
0.3450292 -0.2620563 0.9082407
