0.1812865 -0.04419428 0.5538233
0.251462 -0.3372272 0.9542988
0.4035088 -0.1893337 0.810036
0.3567251 -0.2619536 0.9242149
0.4561404 -0.09611151 0.6246276
0.4152047 -0.1990796 0.757807
0.3508772 -0.04460009 0.5286335
0.374269 -0.1134063 0.652275
0.4678363 -0.1930998 0.7031345
0.6374269 -0.1042354 0.4848586
0.4502924 -0.2191556 0.6911312
0.3976608 -0.1350697 0.7163708
0.502924 0.1031799 0.3808656
0.3859649 -0.1173795 0.6625282
0.4269006 -0.2013843 0.742002
0.3040936 -0.0984515 0.7088996
0.2865497 -0.1220814 0.849662
0.2807018 -0.1655505 0.9587771
0.3157895 -0.1410213 0.8532027
0.2982456 -0.2327872 0.9779032
0.374269 -0.2914085 0.9731354
0.4269006 -0.2026232 0.7921285
0.5906433 -0.2652461 0.7108777
0.1871345 -0.1031493 0.8996664
0.2690058 -0.1671737 1.027189
0.2573099 -0.272636 1.09883
0.7368421 -0.1402208 0.5721875
0.5497076 -0.2317689 0.7221501
0.4853801 -0.2037068 0.6919387
0.2748538 -0.1835607 0.8336407
0.4327485 -0.1831481 0.7786456
0.4385965 -0.09911024 0.6530806
0.3391813 -0.1571796 0.8660891
0.3508772 0.05189585 0.4767339
0.497076 -0.1243677 0.6892901
0.374269 -0.1164912 0.6527899
0.4444444 -0.1796099 0.7172553
0.4269006 -0.09322131 0.5539791
0.4385965 -0.2349462 0.7885329
0.3976608 -0.1023802 0.7057062
0.3859649 -0.1387283 0.5696793
0.6608187 -0.04249229 0.4558734
0.2690058 0.01350512 0.5612006
0.7719298 -0.357027 0.7589094
0.2573099 0.03868759 0.7116741
0.245614 -0.2315556 1.14245
0.4327485 -0.2113696 0.8047652
0.2397661 -0.2439487 1.213761
0.3274854 -0.218384 0.9888711
0.4853801 -0.1475648 0.6850207
0.7660819 0.2506767 0.1471103
0.4619883 -0.3067834 0.8425753
0.4736842 -0.1050711 0.6070026
0.3625731 -0.1071968 0.7161414
0.6491228 -0.4139815 0.826958
0.374269 -0.3276784 0.926232
0.2865497 -0.1828696 0.9687673
0.3625731 -0.1739908 0.8408663
0.2222222 -0.1031589 0.9747673
0.2865497 -0.254208 1.087708
0.3918129 -0.1542116 0.7592797
0.2807018 -0.1900418 1.027266
0.625731 -0.2828575 0.5860139
0.3918129 -0.1252028 0.6939884
0.4152047 -0.2363025 0.8316192
0.3684211 -0.1583824 0.79275
0.2982456 -0.2950766 1.070544
0.5672515 -0.1604934 0.6318628
0.3391813 -0.2037757 0.9354813
0.2339181 0.01590879 0.5276878
0.1929825 -0.3295865 1.461676
0.2222222 0.01638561 0.71464
0.3625731 -0.03362735 0.4603126
0.2397661 -0.2129182 0.9863998
0.2280702 -0.204942 1.025082
0.5672515 -0.09688003 0.5690922
0.3333333 -0.2352781 0.9557854
0.2982456 -0.09908753 0.7336521
0.4678363 0.08023442 0.3606309
0.2982456 0.05375694 0.23186
0.2280702 -0.2420302 1.179026
0.3274854 -0.3548168 0.9476004
0.380117 -0.1387965 0.7370832
0.3450292 -0.0430093 0.6600614
0.1637427 -0.0804578 0.945502
0.2397661 -0.04203004 0.814993
0.619883 0.2067834 0.2237278
0.2046784 -0.1166369 0.8861846
0.3450292 -0.2864331 0.9052165
0.2982456 -0.1733084 0.930289
0.4502924 -0.2203134 0.8223616
0.4678363 -0.1765858 0.7361756
0.4327485 -0.05537696 0.6194461
0.5146199 -0.1123739 0.5946599
0.3918129 -0.2044714 0.7054376
0.4327485 -0.02459626 0.5461777
0.4269006 -0.1903557 0.7494545
0.2163743 -0.2900589 1.359195
0.4795322 0.02278653 0.4467469
0.5789474 -0.1445808 0.6425237
0.2748538 -0.2779414 1.165047
0.2982456 -0.2031666 0.9277124
0.748538 -0.137274 0.533041
0.5321637 -0.140435 0.6395806
0.3918129 -0.252552 0.9025216
0.2923977 -0.02577663 0.6222195
0.3099415 -0.2914635 1.076915
0.2573099 0.009927876 0.6158803
0.4678363 -0.2265531 0.7616383
0.2865497 -0.2362777 1.020337
0.3216374 -0.151001 0.8106099
0.502924 -0.07193549 0.5798014
0.7426901 -0.1849314 0.5645139
0.4912281 -0.2117639 0.7374634
0.5672515 -0.2254673 0.7204592
0.5847953 -0.2541311 0.7026106
0.3040936 0.01756423 0.6367247
0.2631579 -0.1410313 0.9067412
0.4385965 -0.2397689 0.8338411
