0.4502924 -0.1755987 0.7334691
0.3508772 -0.2826396 0.9590409
0.4853801 -0.1114562 0.6424397
0.245614 -0.23345 1.212694
0.2982456 -0.2362798 1.053344
0.4678363 -0.0752584 0.4951721
0.3391813 -0.1462895 0.8167836
0.251462 -0.4472951 1.275984
0.3625731 -0.2508178 0.8884567
0.2690058 -0.2483935 1.125098
0.251462 -0.2372566 1.04273
0.4444444 -0.2059023 0.7745783
0.2339181 -0.2472639 1.258463
0.3391813 -0.154633 0.8726566
0.251462 -0.5651122 1.382255
0.3274854 -0.225336 0.9089719
0.3508772 -0.3527903 1.04405
0.2631579 -0.3357215 1.253526
0.2807018 -0.3773799 0.8913265
0.3099415 -0.2338457 1.002856
0.2397661 -0.2290387 0.8591064
0.2222222 -0.3487478 1.3185
0.2339181 -0.3736837 1.14935
0.2807018 -0.2215968 1.071252
0.4853801 -0.2325937 0.7790155
0.3918129 -0.3017896 0.9527623
0.3333333 -0.3328712 1.056112
0.2923977 -0.3868807 1.229124
0.3040936 -0.2365964 0.949364
0.2631579 -0.2718864 1.0959
0.3567251 -0.2301688 0.9010347
0.3918129 -0.288427 0.8723757
0.4561404 -0.2003548 0.7336692
0.3333333 -0.2517418 1.001788
0.3333333 -0.2966085 1.05659
0.3333333 -0.1525869 0.8709474
0.3333333 -0.4033445 0.9923187
0.4678363 -0.1655894 0.745581
0.2163743 -0.09538455 0.9982786
0.2748538 -0.5076136 0.9572735
0.3040936 -0.1907557 0.9810187
0.3099415 -0.08080213 0.7169541
0.3274854 -0.2506883 1.013646
0.2397661 -0.2385028 1.096825
0.3157895 -0.1861457 0.8699424
0.2865497 -0.1978787 0.9424022
0.380117 -0.1448304 0.7570963
0.374269 -0.1935927 0.8199132
0.2573099 -0.2813413 1.129644
0.3274854 -0.2245781 0.8909363
0.3216374 -0.2931699 1.046034
0.3099415 -0.1019198 0.8358758
0.3625731 -0.2626866 0.8874376
0.2807018 -0.2547698 1.084248
0.2163743 -0.4986988 1.651617
0.2690058 -0.3192336 1.080095
0.4210526 -0.2928498 0.9036526
0.4327485 -0.2462274 0.8473289
0.4035088 -0.09887444 0.6372387
0.3976608 -0.2509192 0.8678681
0.3274854 -0.2732137 0.9966731
0.3684211 -0.2836891 0.9724442
0.3391813 -0.227602 0.8933132
0.4736842 -0.2066835 0.715466
0.2631579 -0.2088046 1.055979
0.4210526 -0.1400715 0.680315
0.2982456 -0.3559037 1.136096
0.3567251 -0.2373923 0.9367316
0.4327485 -0.296325 0.8871723
0.2690058 -0.2701246 0.8920645
0.3216374 -0.2703126 1.017118
0.4327485 -0.1789807 0.7616305
0.3450292 -0.1759378 0.8891081
0.2807018 -0.243547 1.091443
0.3040936 -0.1129276 0.8037564
0.619883 -0.1908862 0.6531494
0.2280702 -0.4189163 1.456934
0.3216374 -0.2104021 1.018168
0.3567251 -0.008918452 0.6356946
0.3450292 -0.1629509 0.7780095
0.3391813 -0.1591511 0.7864241
0.2163743 -0.07380493 0.8971745
0.3333333 -0.1672853 0.8964945
0.502924 -0.2482734 0.6038342
0.3625731 -0.1130409 0.6099801
0.3157895 -0.1906804 0.9543402
0.3391813 -0.06336531 0.4609472
0.3508772 -0.2499487 0.9177681
0.2807018 -0.1531829 0.9142004
0.1871345 -0.137591 1.245322
0.4210526 -0.1359657 0.6909828
0.4269006 -0.2894916 0.88755
0.2807018 -0.3122281 1.187548
0.4093567 -0.2601447 0.823008
0.5146199 -0.2439084 0.7758048
0.3274854 -0.1072277 0.7589059
0.3040936 -0.08410191 0.6525394
0.2807018 -0.1414117 0.9269241
0.3567251 -0.2221134 0.9081627
0.3333333 -0.06769158 0.5766741
0.4502924 0.02331868 0.4846263
0.3040936 -0.2176594 0.9913634
0.3976608 -0.2595873 0.9188132
0.3099415 -0.1668205 0.8956725
0.3040936 -0.1856228 0.9238452
0.3508772 -0.0872518 0.6776897
0.3391813 -0.2622499 0.8875604
0.4561404 -0.1978292 0.7883349
0.3859649 -0.1771221 0.8340594
0.4269006 -0.1492847 0.7462642
0.1871345 -0.3457192 1.244125
0.2982456 -0.2252157 1.051188
0.2982456 -0.2794257 1.110372
0.2982456 -0.1428326 0.8378329
0.2923977 -0.229432 1.041008
0.3157895 -0.3507242 1.100623
0.2163743 -0.07720244 0.9417819
0.2631579 -0.4068113 1.386449
0.2923977 -0.2062364 0.9492549
0.4678363 -0.279635 0.8105809
0.3157895 -0.17599 0.9278047
0.2573099 -0.1394108 0.9130296
0.4093567 -0.3364274 0.9335019
0.3450292 -0.186437 0.7354822
0.1988304 -0.1087325 0.8852477
0.2748538 -0.02669931 0.722122
0.6725146 -0.2474855 0.6990847
0.2397661 -0.1295219 1.016287
0.4561404 -0.1634004 0.7107732
0.3976608 -0.2419742 0.9207229
0.2923977 -0.1427683 0.8675686
0.4210526 -0.3087374 0.938902
0.2690058 -0.05662833 0.5765062
0.3450292 -0.2342073 0.9132952
0.2397661 -0.4112594 1.304759
0.3274854 -0.07965645 0.5125944
0.3391813 -0.2098046 0.8472533
0.3333333 -0.2491114 0.9774506
0.374269 -0.02744421 0.4074892
0.3391813 -0.1794709 0.9026133
0.2280702 -0.2023007 1.054716
0.374269 -0.1996021 0.8434928
0.2397661 -0.3239575 1.059727
0.3391813 -0.2215094 0.936078
0.380117 -0.3188698 1.017482
0.3450292 -0.2548321 1.00168
0.2573099 -0.3591621 1.338354
0.1929825 -0.4000473 1.397702
0.374269 -0.1824535 0.7907606
