0.2807018 -0.3001716 1.090162
0.4444444 -0.2249152 0.8137166
0.2982456 -0.1004995 0.9226491
0.251462 -0.1840821 1.01813
0.245614 -0.1073161 0.8632532
0.3099415 -0.380892 0.9298307
0.2631579 -0.3298047 1.211205
0.5438596 -0.2206644 0.7205219
0.2397661 -0.3088769 1.096819
0.2222222 -0.3194142 1.352357
0.3099415 -0.2350223 0.9897691
0.2982456 -0.2828556 1.064066
0.380117 -0.159804 0.7973187
0.1637427 -0.6773165 2.034113
0.5497076 -0.2097548 0.726169
0.2631579 -0.3273555 1.238748
0.3040936 -0.1078349 0.7507756
0.1461988 -0.6103861 2.029154
0.3450292 -0.2888834 0.998154
0.3157895 -0.1991947 0.9464573
0.2573099 -0.2226668 1.104043
0.4210526 -0.3601136 0.9004942
0.4678363 -0.2197489 0.7591969
0.4269006 -0.2725181 0.8823324
0.3274854 -0.2964331 1.059274
0.1988304 -0.3016836 1.452981
0.3567251 -0.3397789 1.052989
0.2339181 -0.3446242 1.332571
0.2923977 -0.1125391 0.7942629
0.245614 -0.1939146 1.125598
0.2865497 -0.2057334 1.000393
0.1637427 -0.5163702 1.97288
0.2982456 -0.4596699 0.9366727
0.2631579 -0.4247429 1.038861
0.2631579 -0.2550742 1.155413
0.4736842 0.04437515 0.4190825
0.245614 -0.2447009 1.107631
0.2807018 -0.06595072 0.6435511
0.3157895 -0.1783427 0.9289013
0.3918129 -0.2079136 0.7299316
0.5614035 -0.1986919 0.6908764
0.2222222 -0.2460253 1.230511
0.1929825 -0.379799 1.447916
0.3216374 -0.1347035 0.8246402
0.3099415 -0.2102445 1.00479
0.3450292 -0.1633099 0.8602999
0.3099415 -0.04391029 0.7929203
0.374269 -0.1901412 0.8576772
0.3391813 -0.2248612 0.917969
0.4502924 -0.3340116 0.8317579
0.2982456 -0.1956845 0.9847502
0.2573099 -0.05738335 0.8518574
0.2690058 -0.1870132 1.000187
0.245614 0.099971 0.4461413
0.2339181 -0.01114075 0.7428094
0.2046784 -0.1250719 1.033142
0.3099415 -0.2804311 1.053113
0.245614 0.07993233 0.290544
0.2923977 -0.3705263 1.308006
0.2222222 -0.1955878 0.6816806
0.4561404 -0.2320531 0.7687153
0.3099415 -0.03484442 0.7067352
0.2573099 -0.2771109 1.170425
0.2631579 -0.2274764 1.052929
0.2339181 -0.257275 1.199476
0.3976608 -0.1914025 0.8196164
0.2397661 -0.04464341 0.8216823
0.3333333 -0.09587472 0.8115098
0.4561404 -0.1132784 0.6792622
0.1578947 -0.1880322 1.474177
0.380117 -0.1941157 0.8406559
0.3625731 -0.1308018 0.7111021
0.3625731 -0.2393478 0.904579
0.3859649 -0.3366914 1.007617
0.497076 -0.1092095 0.5673734
0.3274854 -0.2137289 0.9154544
0.4795322 -0.1928168 0.7478268
0.4619883 -0.01365887 0.5969646
0.3099415 -0.121473 0.4945415
0.1871345 -0.1036385 1.134721
0.3333333 -0.1886351 0.8868262
0.4561404 -0.1748076 0.7227415
0.3333333 -0.2907016 1.011845
0.4678363 -0.130725 0.6464224
0.3333333 -0.1765859 0.9064479
0.2573099 -0.1174581 0.9677248
0.2163743 -0.3278648 1.433366
0.2982456 -0.2482279 1.088876
0.2222222 -0.335307 1.377482
0.2748538 -0.03703543 0.7490616
0.3450292 -0.1219135 0.7090877
0.4210526 -0.007860579 0.4439006
0.2397661 -0.1337401 0.8980305
0.2397661 -0.3055763 1.287428
0.374269 -0.2481217 0.8668179
0.374269 -0.09068884 0.6370157
0.2982456 -0.1955987 0.931749
0.3391813 -0.2471826 1.004308
0.3274854 -0.3853586 0.945641
0.4678363 -0.2461174 0.8203218
0.3684211 -0.1002334 0.7338264
0.5614035 -0.0232945 0.5103008
0.3333333 -0.3369149 1.116093
0.4795322 -0.1492708 0.7154124
0.5380117 -0.2256261 0.7253106
0.3976608 -0.2241823 0.854824
0.2105263 0.02180002 0.7548647
0.2748538 -0.1829451 0.9874914
0.3450292 -0.105165 0.6919696
0.2865497 -0.2959227 1.089379
0.2690058 -0.4166878 1.370523
0.5438596 -0.2619426 0.7440967
0.2631579 -0.3732454 1.327865
0.3567251 -0.1618701 0.7830658
0.3040936 -0.3218912 1.150628
