0.3567251 -0.08683447 0.6070753
0.2046784 -0.4523437 0.8051217
0.1988304 -0.02320706 0.6246324
0.1929825 -0.2449964 1.08671
0.3918129 -0.1827159 0.7542622
0.2397661 0.04563767 0.4316751
0.2163743 -0.3287572 1.226985
0.1637427 -0.1889962 1.273224
0.2339181 -0.3352178 0.7434251
0.3450292 -0.02231585 0.6519527
0.1754386 -0.4571108 0.6604381
0.2631579 -0.4327026 0.9789794
0.4502924 -0.08637238 0.6487147
0.2865497 -0.2890853 1.089471
0.245614 -0.1992124 1.137607
0.4035088 -0.2259926 0.8439425
0.1871345 0.1094414 0.4428718
0.1929825 -0.04500925 0.9063534
0.251462 -0.08107874 0.5379599
0.2982456 -0.04706809 0.1554608
0.1695906 -0.3699222 1.369442
0.3391813 -0.1139731 0.7605678
0.1929825 -0.1469625 0.677752
0.3625731 -0.1915228 0.8219143
0.2046784 -0.6446542 1.242268
0.2280702 -0.543672 0.7831558
0.3450292 -0.2215848 0.8572103
0.3040936 -0.3615769 1.080362
0.380117 -0.311939 0.8926658
0.2982456 -0.1104416 0.755234
0.3216374 -0.05910192 0.6402241
0.1754386 -0.01239274 0.06911562
0.3157895 -0.09913364 0.6601119
0.1929825 -0.5427782 1.537478
0.251462 -0.235441 1.035051
0.2280702 0.009553812 0.8614301
0.2222222 -0.2436612 1.154798
0.2222222 -0.178571 1.035477
0.2982456 -0.1619838 0.8153273
0.1988304 -0.01656248 0.527999
0.2690058 -0.2535039 0.95197
0.1929825 -0.3137078 1.279818
0.1988304 -0.1528885 1.035258
0.3450292 -0.2802817 0.9643051
0.245614 -0.1883627 0.7677054
0.251462 -0.1943383 0.9361829
0.2339181 -0.3713076 0.8876235
0.2748538 -0.3232394 1.13089
0.245614 -0.2120214 1.12985
0.2105263 -0.2242537 1.24593
0.3216374 -0.06638528 0.6836275
0.1695906 -0.2991939 1.518145
0.2807018 -0.1126144 0.8672637
0.2631579 -0.01652 0.4804391
0.2280702 -0.1081178 0.8927825
0.2982456 -0.4337632 0.9227723
0.1812865 -0.08740557 1.088504
0.2690058 -0.4258209 1.266287
0.251462 -0.1876704 1.028984
0.1812865 -0.3445234 1.34686
0.1754386 -0.2095944 1.365117
0.1988304 -0.194749 0.9910806
0.2573099 -0.1704519 0.7877279
0.2280702 -0.1697959 0.9142395
0.2222222 -0.2545292 0.3812242
0.1403509 -0.2342496 1.044894
0.2631579 -0.2242952 0.9921522
0.2748538 -0.1884675 1.016774
0.245614 -0.1915961 1.010089
0.2339181 -0.2825119 1.254353
0.2807018 0.1101071 0.1216546
0.1754386 0.005303269 0.4108745
0.2982456 -0.2128703 0.9708264
0.3099415 -0.1882053 0.8766692
0.245614 -0.1569485 1.064349
0.2163743 -0.1366988 1.003898
0.2748538 -0.09777189 0.6905054
0.1988304 -0.02402101 0.7908674
0.3274854 -0.06535473 0.6851493
0.2865497 -0.07906228 0.7404374
0.3450292 0.01356746 0.5458182
0.4093567 -0.07957524 0.5551317
0.2105263 -0.4282908 1.42183
0.3333333 -0.1970419 0.6968012
0.2397661 -0.208407 1.06681
0.2748538 -0.2451238 0.99355
0.2339181 -0.1700179 0.7773409
0.3333333 -0.2145676 0.6365459
0.1871345 -0.09614756 0.5542269
0.2105263 -0.1920688 1.217435
0.1578947 -0.1950733 0.8004365
0.2397661 -0.2168183 1.100426
0.2690058 -0.1200037 0.7867766
0.245614 -0.361979 0.8480749
0.3859649 -0.1097445 0.3703781
0.2573099 -0.08460754 0.7835139
0.2573099 -0.4719184 0.8813565
0.1988304 -0.4096561 1.065618
0.3216374 -0.1958932 0.4950423
0.2339181 -0.2606106 1.135901
0.251462 -0.1346903 0.8731062
0.245614 0.06609541 0.3239926
0.2105263 -0.1395245 0.8562301
0.1812865 -0.1787819 1.201701
0.3333333 -0.2746834 1.028364
0.1695906 -0.3840533 1.511946
0.3391813 -0.08158632 0.7076244
0.2280702 -0.1554797 0.995663
0.2923977 -0.410989 1.034275
0.3450292 -0.02376501 0.5007518
0.1871345 0.180512 0.01320666
0.2163743 -0.2494335 0.8768505
0.2397661 -0.1689467 0.7575675
0.2163743 -0.1086415 1.034878
0.2690058 -0.1772009 0.8205321
