0.245614 -0.2328759 1.22157
0.2631579 -0.1156123 0.843119
0.2397661 -0.1774852 1.09778
0.3684211 -0.188091 0.8758796
0.3216374 -0.09703934 0.7946507
0.2748538 -0.1843424 1.045312
0.2748538 -0.362528 1.324569
0.2339181 0.0933241 0.7080842
0.374269 -0.1112463 0.7666002
0.380117 -0.1914607 0.8735126
0.3859649 -0.2435701 0.8914795
0.5672515 -0.223075 0.7122899
0.2573099 -0.251022 1.272851
0.4502924 -0.2121478 0.8021164
0.4152047 -0.1522453 0.7667494
0.2807018 -0.3554784 1.306916
0.2397661 -0.2791045 0.8264852
0.5321637 -0.1207973 0.6561457
0.3040936 -0.11482 0.8982358
0.4210526 -0.2184555 0.8370676
0.4444444 -0.05406466 0.6476143
0.380117 -0.2198868 0.8919033
0.3684211 -0.09216417 0.7416085
0.3099415 -0.1235641 0.8879122
0.3450292 -0.2810128 1.130069
0.2982456 -0.1842758 1.008964
0.4502924 -0.185695 0.7852306
0.1812865 -0.4680902 1.808837
0.2631579 -0.1579842 1.051501
0.2865497 -0.2367264 1.159862
0.5497076 -0.09636762 0.6152229
0.128655 -0.6965608 2.23726
0.2982456 -0.0768846 0.8085062
0.1929825 -0.05735729 0.8229032
0.3391813 -0.09310281 0.8136792
0.251462 -0.1909539 1.121212
0.4093567 -0.140869 0.7660105
0.3567251 -0.2548905 1.015928
0.3157895 0.1086905 0.5946655
0.4444444 -0.158898 0.7908268
0.2280702 -0.12548 1.116017
0.3333333 -0.2184448 0.9147728
0.374269 -0.01638274 0.6315072
0.3508772 -0.1927678 0.9262285
0.2280702 -0.6846924 1.636292
0.3333333 -0.3146095 1.030172
0.1988304 -0.2660408 1.402053
0.4619883 -0.04980549 0.6593682
0.1111111 -1.09547 2.573353
0.1695906 -0.1215964 1.268465
0.4269006 -0.2215327 0.8546697
0.3508772 -0.2570971 1.012015
0.2923977 -0.1111148 0.9487462
0.2748538 -0.2038916 1.122306
0.3040936 -0.2577274 1.374491
0.5672515 -0.2299128 0.7483599
0.5146199 0.04712931 0.4905843
0.6549708 -0.1327952 0.5990694
0.2748538 -0.3187594 1.267145
0.1754386 -0.1586082 1.423228
0.2807018 -0.2060606 1.077434
0.3450292 -0.3655622 1.125456
0.3216374 -0.2369817 0.9861603
0.4093567 -0.2397694 0.8858284
0.4561404 -0.2578375 0.8800622
0.2923977 -0.1661908 0.9025332
0.2339181 -0.09192636 0.9769461
0.2046784 -0.09776262 1.16981
0.2222222 -0.2680073 1.382582
0.2982456 -0.2551752 1.057253
0.4853801 -0.162215 0.6994448
0.2397661 -0.2890696 1.589575
0.374269 -0.1726147 0.8559265
0.374269 -0.2577214 0.9674581
0.8888889 -0.862748 1.246111
0.7134503 -0.4009324 0.8098344
0.8245614 0.09675156 0.288418
0.374269 -0.1545463 0.8128191
0.1988304 -0.3911415 1.656819
0.245614 -0.1803387 1.165664
0.2748538 -0.2478815 1.182399
0.4152047 -0.1002839 0.6974542
0.1871345 -0.2594669 1.517413
0.502924 -0.1820518 0.7396314
0.3508772 -0.1705255 0.8715567
0.4795322 -0.09138354 0.6481583
0.6023392 0.001939392 0.4524307
0.2982456 -0.08123056 0.87456
0.5906433 -0.02737602 0.5131443
0.5321637 -0.1836519 0.7223244
0.5847953 -0.1631489 0.6257602
0.2222222 -0.1979222 1.282539
0.2631579 -0.1579411 1.051441
0.2105263 -0.2524504 1.311005
0.2105263 -0.6740786 2.071903
0.2163743 -0.3271014 1.469769
0.2397661 -0.3309676 1.402367
0.4561404 -0.1890454 0.8036783
0.2865497 -0.2082614 1.058643
0.2807018 -0.1075427 0.9576065
0.1812865 -0.1593574 1.325329
0.245614 -0.1360558 1.1214
0.3859649 -0.1045177 0.7438255
0.4912281 -0.1686729 0.734591
0.1520468 -0.3750965 1.861872
0.2982456 -0.1841427 1.012011
0.5672515 0.02465172 0.4172537
0.4093567 -0.192522 0.8534215
0.2222222 -0.1479666 1.133753
0.245614 -0.1068093 0.9429293
0.3040936 -0.1973774 1.053751
0.2690058 -0.4044288 1.360583
0.1578947 -0.3009671 1.566222
0.4210526 -0.1686807 0.8351329
0.4093567 -0.10449 0.7264718
