0.2339181 -0.546783 1.542632
0.3508772 -0.1793228 0.8488724
0.2865497 -0.1304225 0.7273488
0.3099415 -0.1784881 0.8928937
0.1403509 -0.1724153 0.09698374
0.2339181 -0.3153719 1.286251
0.3508772 -0.188568 0.8701003
0.2982456 -0.4350171 1.216945
0.2573099 -0.36826 1.298703
0.3567251 -0.1763117 0.8615373
0.3391813 0.08487771 0.3509349
0.4035088 -0.1124948 0.74452
0.251462 -0.2776149 1.03934
0.2690058 -0.3066335 0.9391277
0.3274854 -0.09680971 0.6973867
0.1812865 0.1966351 0.2153419
0.2397661 0.04862889 0.2916236
0.1871345 -0.1731996 1.044659
0.251462 -0.1318058 0.7372376
0.2046784 -0.1951293 1.047411
0.2046784 -0.2688646 0.4534423
0.380117 -0.09582394 0.6587296
0.3040936 -0.1378509 0.834821
0.1988304 -0.1722498 0.8561674
0.2923977 -0.2483867 0.7704836
0.2222222 -0.1563533 1.116283
0.3040936 -0.06785383 0.3909335
0.4093567 -0.232411 0.8508211
0.4912281 -0.09664716 0.6248175
0.2222222 -0.192979 1.19545
0.3216374 -0.07618127 0.618428
0.2573099 -0.2819497 1.164517
0.1812865 -0.158522 1.161469
0.3040936 -0.02947935 0.521491
0.2163743 -0.09801141 0.8526215
0.2163743 -0.101782 0.8970982
0.1754386 -0.1635354 0.7591204
0.3040936 -0.3512919 0.9444131
0.1988304 -0.3576407 1.323135
0.1988304 -0.06455771 1.021304
0.2105263 -0.09629577 0.5077166
0.4385965 -0.1716133 0.700902
0.2807018 -0.2051132 0.4950361
0.2865497 -0.173395 0.9507142
0.4853801 -0.2320536 0.7468571
0.2280702 -0.1755798 0.8056667
0.1929825 -0.3517241 1.500308
0.4035088 -0.2213619 0.8535717
0.3450292 -0.1001683 0.6947023
0.2690058 -0.380394 1.259424
0.3391813 -0.1583588 0.8738545
0.3333333 -0.3415063 1.110947
0.2631579 -0.06572466 0.6219946
0.251462 -0.02469337 0.6793521
0.2923977 -0.2444659 1.049878
0.2280702 -0.3254886 1.331455
0.3859649 -0.2131382 0.8453589
0.3567251 -0.08279677 0.5303639
0.3625731 -0.1945612 0.8302727
0.3391813 -0.2704953 0.9445155
0.3918129 -0.1272856 0.7538559
0.2865497 -0.2301947 0.9546674
0.2573099 -0.02415766 0.7343987
0.2105263 -0.2090278 0.9117945
0.1754386 0.01577538 0.2220654
0.2280702 -0.1540603 0.8826954
0.2690058 0.03744998 0.4460548
0.2982456 -0.2003834 0.988048
0.1754386 -0.3029753 1.283906
0.251462 -0.1225747 0.8868904
0.2339181 -0.1945733 1.06576
0.2631579 -0.3200244 1.037641
0.251462 -0.33157 1.31838
0.2807018 -0.3557661 0.9759114
0.3450292 -0.1896988 0.8814177
0.2807018 -0.2573781 1.168238
0.2397661 -0.2196946 1.144833
0.4502924 -0.1765514 0.6145726
0.2690058 -0.2218675 1.121271
0.3508772 -0.1878972 0.8853231
0.4736842 0.01465001 0.4235413
0.4561404 -0.1660271 0.7387601
0.2573099 -0.2669157 1.064975
0.2690058 -0.2318809 1.082981
0.2397661 -0.02432154 0.5121084
0.2573099 -0.2703019 1.119897
0.3391813 -0.04542729 0.5339979
0.2222222 -0.3100277 1.264478
0.2982456 -0.1424644 0.8966282
0.3157895 -0.1670665 0.7416982
0.245614 -0.1653928 0.9047226
0.2923977 -0.1544571 0.952811
0.2923977 -0.1565664 0.9217401
0.2631579 -0.275598 1.168198
0.2397661 -0.1772785 1.072989
0.3040936 -0.05719654 0.7005894
0.2163743 -0.3101977 1.052167
0.2923977 -0.2321357 0.9080125
0.2690058 -0.2608089 0.6319631
0.3216374 -0.1240195 0.7225324
0.1929825 -0.5766707 0.7864389
0.2690058 -0.2441633 1.055175
0.251462 -0.1823632 0.9124034
0.3684211 -0.2554789 0.8576953
0.5380117 -0.08415323 0.5395041
0.3274854 -0.01245373 0.5981232
0.2690058 -0.2005299 0.9445491
0.3216374 -0.1507194 0.8116333
0.2222222 -0.2226622 0.7311759
