0.2690058 -0.2128859 1.027615
0.6491228 -0.2290734 0.6282839
0.4385965 -0.09536026 0.6134088
0.4678363 -0.2596055 0.8287298
0.2690058 -0.2484752 1.088698
0.497076 -0.3381079 0.8428291
0.4269006 -0.298951 0.9065121
0.2397661 -0.08802475 0.7998786
0.2573099 -0.138762 0.876557
0.2105263 -0.2939815 1.253589
0.3274854 -0.2402119 0.9791671
0.4035088 -0.2948271 0.8615168
0.5146199 -0.2811449 0.8316952
0.2923977 -0.198258 1.022088
0.3976608 -0.2571047 0.8780455
0.3859649 -0.2524528 0.9087581
0.3274854 -0.2014384 0.9021987
0.497076 -0.1432376 0.6436454
0.2923977 -0.1371889 0.9244611
0.4795322 -0.1914593 0.73221
0.2982456 -0.2438014 1.086912
0.2807018 -0.1148883 0.9135886
0.3157895 -0.07091624 0.5332383
0.3391813 -0.1000132 0.7912389
0.497076 -0.1110589 0.6771042
0.4269006 0.155658 0.1735702
0.380117 -0.304152 0.9726674
0.4035088 -0.1050774 0.745445
0.5321637 -0.2640546 0.782481
0.4736842 -0.03836498 0.5941106
0.4035088 -0.133069 0.6490894
0.3567251 -0.1529887 0.8071893
0.1637427 -0.35441 1.640093
0.4736842 0.05093711 0.41715
0.5380117 -0.1911127 0.691117
0.497076 -0.215831 0.7649049
0.4912281 -0.2568329 0.6916983
0.502924 -0.1991776 0.7397384
0.2573099 -0.4055871 1.235454
0.5204678 -0.1118483 0.5791543
0.3040936 -0.2143885 0.9818587
0.3976608 -0.186961 0.8038652
0.3157895 -0.2547878 0.9906431
0.3859649 -0.004106344 0.4990746
0.6023392 -0.08942745 0.4848716
0.497076 -0.01189846 0.4924775
0.3391813 -0.2037006 0.9541864
0.3859649 -0.1844589 0.7767371
0.4327485 -0.2419006 0.8110465
0.3274854 -0.2430442 1.038957
0.3333333 -0.1505103 0.832442
0.2748538 -0.08177701 0.632481
0.1403509 -0.6236103 2.029685
0.2280702 0.01312872 0.7344438
0.2339181 -0.2005279 1.129983
0.2865497 -0.2836149 1.157576
0.2573099 -0.02304713 0.7806688
0.4385965 -0.2271329 0.814596
0.4736842 -0.2134277 0.7853891
0.3976608 -0.1436586 0.732685
0.2923977 -0.07480462 0.8154802
0.3274854 -0.09928961 0.6857274
0.4619883 -0.2248803 0.7469504
0.3450292 -0.3101051 0.9808789
0.3450292 -0.1078391 0.7498303
0.2807018 -0.2831912 1.163828
0.3391813 -0.3441546 1.108682
0.2865497 -0.09857902 0.8152834
0.4502924 -0.1206314 0.6076998
0.2280702 -0.2808177 1.260363
0.4619883 -0.04085966 0.5743571
0.4210526 -0.06426146 0.5872204
0.2982456 -0.1318683 0.9039614
0.4619883 -0.2087211 0.7746625
0.2865497 -0.1026872 0.8831674
0.4093567 -0.1871027 0.782418
0.4444444 -0.2103816 0.7983094
0.2339181 -0.03112995 0.8402928
0.3918129 -0.1116828 0.7434779
0.3625731 -0.1987676 0.8059023
0.4210526 -0.1857316 0.6635155
0.3859649 -0.1489818 0.7281475
0.4561404 -0.219821 0.8252266
0.2865497 -0.1634277 0.9039451
0.3567251 -0.2363612 0.8780349
0.5614035 -0.2912666 0.8007146
0.1871345 -0.2356835 0.9429384
0.4502924 0.04451797 0.5217824
0.3859649 -0.1432393 0.7656585
0.2690058 -0.0178367 0.7326286
0.4736842 -0.1753603 0.6332682
0.2339181 -0.1481918 1.061903
0.5321637 -0.1763894 0.6630174
0.3333333 -0.2230337 0.9279737
0.4035088 -0.08463078 0.7252166
0.374269 -0.252674 0.9009019
0.497076 -0.08251832 0.5737063
0.4795322 -0.1874022 0.6679779
0.2748538 -0.1807933 0.8789666
0.3216374 -0.1274767 0.8140094
0.245614 -0.2131017 1.126782
0.380117 -0.2463338 0.9184565
0.3450292 -0.1863952 0.8594637
0.4678363 -0.3062446 0.8332709
0.2807018 -0.005440322 0.3058263
0.4678363 -0.3225711 0.8618482
0.3099415 -0.2545357 1.002311
0.3274854 -0.2552215 0.984078
0.4035088 -0.2126401 0.831583
0.2105263 -0.1332593 1.089987
0.374269 -0.155709 0.7986929
0.2807018 -0.1604683 0.8346892
0.3684211 -0.1684765 0.8220986
0.2339181 -0.06716595 0.849263
0.4210526 -0.1357131 0.7083575
0.5321637 -0.06186273 0.5329945
0.3508772 -0.01576922 0.611014
0.5204678 -0.2361333 0.7339564
0.3040936 -0.2462669 1.081209
0.1520468 -0.02779475 1.187547
0.1871345 -0.4934872 1.512996
0.2339181 -0.1199137 0.4492614
0.1520468 -0.3659798 1.766273
0.4152047 -0.2386504 0.8759596
0.3040936 -0.2925576 1.091337
0.5380117 -0.2333503 0.7268856
0.5906433 -0.2166596 0.6852335
0.5497076 -0.1078511 0.489628
0.5672515 -0.09344979 0.5879944
0.7368421 0.08833625 0.2624918
0.2982456 -0.3618818 1.191432
0.3859649 -0.1324449 0.7532814
0.4853801 -0.2420606 0.7824032
0.4327485 -0.1485974 0.6916422
0.374269 -0.1251251 0.6741912
0.1929825 -0.5326035 1.762742
0.2690058 -0.2208091 1.123939
0.4502924 -0.1187156 0.6080479
0.2573099 -0.09503718 0.9037859
0.2046784 -0.1150966 0.8812777
0.3040936 -0.2665462 0.9963006
0.2807018 -0.2571043 1.134327
0.245614 -0.09925623 0.736646
0.3391813 -0.2177249 0.9242016
0.2748538 -0.2288459 1.127237
0.3333333 -0.2451696 0.7471348
0.5263158 -0.172211 0.6403797
0.3040936 -0.1569171 0.6878523
0.4444444 -0.3081314 0.8898937
0.3508772 -0.1882667 0.8293729
0.4035088 -0.1771475 0.7805941
0.4210526 -0.07616869 0.587604
0.3391813 -0.2759823 1.019717
0.4561404 0.0745447 0.3394684
0.3859649 -0.2157509 0.839614
0.4385965 -0.1876633 0.6840207
0.5730994 -0.1700153 0.6055324
0.3274854 -0.107318 0.8078567
0.2748538 -0.1411762 0.932106
0.3567251 -0.09913694 0.7374184
0.251462 -0.2944313 1.06266
0.1929825 -0.265365 1.352849
0.2690058 -0.145372 0.9056455
0.2982456 -0.1120664 0.8862752
0.3391813 0.03389264 0.4414308
0.3391813 -0.1966505 0.9196514
0.4561404 -0.1849499 0.6310672
0.4444444 -0.1901463 0.7743293
0.2631579 -0.07975408 0.6160841
0.2573099 -0.1829417 0.886219
0.4385965 -0.1361156 0.692894
0.4444444 -0.0407548 0.561622
0.4327485 -0.09928057 0.6780697
0.3976608 -0.2480594 0.7125526
0.4385965 -0.2083498 0.6700987
0.3976608 -0.090833 0.7005999
0.3684211 -0.1869642 0.8677294
0.5555556 -0.1751967 0.6545218
0.4853801 0.01030628 0.4279955
0.6023392 -0.2066929 0.7012667
0.2573099 -0.2526356 1.175826
0.380117 -0.3426651 0.9702631
0.1812865 -0.1989981 1.310592
0.4561404 -0.1808777 0.6989869
0.4035088 -0.1182952 0.6306783
0.4444444 -0.1496763 0.6627891
0.3976608 -0.1096284 0.7028178
0.2690058 -0.03236074 0.7531194
0.3625731 -0.1587543 0.7771847
0.4093567 -0.100645 0.7096513
0.3625731 -0.3351189 1.011465
0.3040936 -0.2085996 0.9911797
0.1988304 -0.4762711 1.730404
0.3040936 -0.1957078 0.8646583
0.4678363 -0.1571001 0.7483533
0.2280702 -0.8309897 1.4846
0.1929825 -0.2461204 1.346663
0.3157895 -0.02908119 0.4668456
0.2865497 -0.4319388 1.213717
0.497076 -0.1900456 0.6737955
0.5730994 -0.1150405 0.6100011
0.4269006 -0.2251753 0.817867
0.4093567 -0.2087888 0.8309147
0.3450292 -0.212358 0.8061004
0.2690058 -0.2941836 1.17604
0.2573099 -0.204284 0.8499509
0.2923977 -0.1465084 0.8595907
0.2982456 -0.3696447 1.168352
0.2339181 -0.1681353 0.8386941
0.3099415 -0.260444 1.058407
0.5497076 -0.2175673 0.658814
0.3976608 -0.2786972 0.9860842
0.3274854 -0.1968088 0.9741334
0.2748538 -0.2878295 1.139321
0.4035088 -0.3464782 1.001548
0.4736842 -0.1022424 0.5619093
0.3625731 -0.2070533 0.8781169
0.4619883 -0.2357824 0.7984617
0.4561404 -0.0742305 0.6177394
0.5204678 -0.4798332 0.8304173
0.1871345 -0.1929091 1.156763
0.4853801 -0.1280231 0.6500284
0.3567251 -0.1937861 0.837437
0.2573099 -0.1388068 0.8952569
0.2923977 -0.09524682 0.8821918
0.4035088 -0.06088082 0.638427
0.2631579 -0.2037765 1.010723
0.4035088 -0.07057779 0.6213856
0.3157895 -0.1987146 0.9652741
0.4327485 -0.1637032 0.6377583
0.4269006 -0.07260328 0.6121509
0.3976608 -0.1482093 0.707764
0.2807018 -0.1610755 0.8719596
