0.2163743 -0.2860928 0.6859602
0.1988304 -0.1269661 0.7636147
0.1929825 -0.2448809 1.088288
0.1812865 -0.1626252 1.244993
0.2163743 -0.1307677 0.6713622
0.2222222 -0.2336532 1.054243
0.1812865 -0.08890532 0.9489189
0.1637427 -0.2443163 1.377251
0.1988304 -0.447143 1.344424
0.2690058 -0.06816859 0.5655158
0.2163743 -0.1953703 0.5643395
0.1871345 -0.1724204 0.9517776
0.1812865 -0.4440724 1.345722
0.2339181 -0.1187163 0.4454709
0.2807018 -0.09227088 0.6560314
0.251462 0.01672843 0.6089733
0.1695906 -0.0563998 0.6588112
0.2105263 0.1490189 -0.04192457
0.1929825 -0.3390528 0.7968338
0.1461988 -0.3229301 1.632521
0.2163743 -0.2971233 1.119174
0.1871345 -0.4685561 1.689659
0.2807018 -0.1065428 0.7070069
0.1929825 0.0946542 0.4069121
0.2222222 -0.1412516 0.8221053
0.2222222 -0.03614624 0.3875293
0.1754386 -0.5049577 1.199146
0.1637427 -0.2276455 1.11831
0.2748538 -0.09933787 0.739443
0.1988304 -0.02962708 0.7042666
0.1637427 -0.190361 1.182059
0.2105263 -0.2789925 1.019954
0.1871345 -0.3076205 0.2273771
0.1812865 -0.2363933 1.062831
0.2631579 -0.1743283 0.9797946
0.1812865 -0.1271613 0.5692468
0.2397661 -0.298504 1.127244
0.1754386 -0.148538 1.268096
0.2397661 -0.2993822 1.025562
0.1812865 0.0414018 0.4675842
0.2865497 -0.1339417 0.9033617
0.1345029 0.1377219 -0.3572637
0.1578947 -0.1231505 1.026019
0.2339181 -0.1363213 0.9306101
0.2339181 -0.1962173 1.048119
0.2280702 -0.2489731 0.8516817
0.1929825 -0.338465 0.795316
0.2222222 -0.1258236 0.8439234
0.1637427 -0.1059702 1.004529
0.1637427 -0.1891863 0.3635469
0.1988304 -0.220278 0.6822024
0.2690058 -0.2139385 0.9703458
0.1461988 -0.5464705 1.259589
0.2163743 -0.1329745 0.9296306
0.1754386 -0.2725154 1.231927
0.1754386 -0.07921603 0.1863055
0.2280702 -0.1697846 1.045268
0.1578947 -0.236545 0.8608213
0.2046784 -0.2098928 1.206335
0.2046784 -0.1829893 0.7699397
0.1637427 -0.2427482 1.488328
0.1695906 -0.1139842 0.6080739
0.1637427 -0.1707129 0.614705
0.1871345 -0.1071843 0.2144881
0.1754386 -0.04489568 0.1303982
0.2397661 -0.2476628 1.052466
0.2222222 0.02876439 0.1560836
0.1754386 -0.2445195 1.185841
0.2397661 0.03413763 0.5263162
0.1461988 -0.01908231 1.067183
0.1812865 -0.2459776 0.9426343
0.1812865 -0.2825952 0.9958461
0.122807 -0.4994079 1.927967
0.1988304 -0.3402042 1.11507
0.1929825 0.002493621 0.3690281
0.1637427 0.04455915 0.6364864
0.2105263 -0.2430908 0.8699079
0.1871345 -0.2862134 1.329985
0.1988304 -0.140332 0.01673135
0.1754386 -0.2202629 1.021037
0.1754386 -0.3128684 1.572269
0.1520468 -0.2110791 1.319007
0.2222222 -0.2496169 1.272264
0.1988304 -0.01083862 0.6595606
0.1988304 -0.3682366 1.411195
0.2397661 -0.4092238 0.6930903
0.1929825 -0.1711107 0.9476315
0.1871345 -0.09565858 0.5542962
0.2222222 -0.1611224 1.029405
0.1578947 0.1555329 -0.9036704
0.1520468 -0.1075995 0.5126964
0.1637427 -0.2496541 1.292485
0.1929825 0.1462785 0.01855237
0.1929825 -0.06294955 0.9472778
0.2339181 -0.4018823 1.018139
0.1754386 -0.3591534 1.229559
0.251462 -0.1720759 0.7138521
0.2280702 0.07542368 0.2012398
0.2046784 -0.2293361 0.9507116
0.1695906 -0.4558254 1.468823
0.2397661 -0.3358438 0.9263393
0.1403509 -0.7059994 0.6121863
0.2397661 -0.1575868 0.5926075
0.2397661 -0.321661 1.057064
0.2280702 -0.202071 0.7763698
0.1637427 -0.09997472 0.8645992
0.2046784 -0.154054 0.8151436
0.1812865 -0.2029165 1.109892
0.2163743 -0.186856 1.130251
0.2573099 -0.3342333 1.125837
0.1754386 0.07469123 -0.3570942
0.1929825 -0.2241145 0.6517631
0.1871345 -0.452819 1.223364
0.1520468 -0.6326011 1.470117
0.2573099 -0.3871775 1.218465
0.1929825 -0.2190598 1.040694
0.2339181 -0.1320629 0.7662986
0.1520468 -0.03368483 0.03785025
0.2339181 -0.3825477 1.304214
0.2222222 0.09481614 0.5106094
0.2222222 -0.3028802 1.103655
0.4035088 -0.07018422 0.4071367
0.3508772 -0.111868 0.6917521
0.1754386 0.04546186 -0.2996859
0.1871345 -0.01982769 0.3970632
0.1695906 -0.2780991 1.429761
0.1403509 -0.2349754 0.1783321
0.245614 -0.2940215 1.096916
0.1637427 -0.1453289 0.2947905
0.2690058 -0.1082364 0.8442174
0.1461988 0.003296074 -1.096414
0.2046784 -0.1851193 0.7701
0.1871345 0.02130906 0.7259306
0.1871345 -0.08787308 -0.04454349
0.3391813 -0.1970028 0.7282443
0.1637427 -0.5361308 1.314441
0.1754386 0.1403581 0.3809858
0.1988304 0.09286498 0.3369789
0.1871345 -0.07682971 0.7502223
0.2280702 0.07943524 0.1248332
0.2690058 0.01308382 0.5775735
0.1988304 -0.1787517 0.7527068
0.2807018 -0.1256899 0.5415634
0.2631579 0.1599265 -0.3640667
0.1929825 -0.1058105 1.11431
0.2339181 -0.01775787 0.6052071
0.1929825 -0.08431411 0.8467019
0.2807018 -0.18548 0.7378881
0.122807 -0.3263351 1.342405
0.1754386 -0.1054114 0.7964115
0.1988304 -0.002958048 0.5724115
0.2222222 -0.3414364 0.9879213
0.1929825 -0.1948409 0.2127854
0.2923977 -0.1158068 0.6681035
0.1929825 -0.391778 0.4250234
0.2105263 -0.3611226 0.4047558
0.2163743 -0.2506483 1.226829
0.1988304 -0.09291253 0.9070425
0.251462 -0.1583315 0.9777793
0.2105263 -0.5360688 1.041532
0.1695906 -0.09684168 0.9857695
0.1754386 -0.1435627 1.192103
0.2105263 -0.1134297 0.98364
0.2046784 0.009936384 0.1541607
0.3099415 -0.2359316 0.6814086
0.2105263 0.02011815 0.1587487
0.1929825 -0.08559946 1.04653
0.2397661 -0.1677178 0.7542014
0.1754386 0.1560427 -0.1197822
0.2573099 -0.2820608 1.130696
0.2222222 -0.3139136 1.183535
0.2573099 -0.170423 0.786137
0.1637427 -0.2355194 0.9551485
0.1871345 -0.1608028 0.5057891
0.1812865 0.01335615 0.2894597
0.1461988 -0.04930086 0.9416294
0.2339181 -0.1157572 0.8228059
0.2222222 -0.2720149 1.115634
0.2163743 -0.2229208 0.8297749
0.2807018 -0.05737517 0.7202138
0.2573099 -0.2057291 0.8526837
0.1637427 -0.1599888 0.9918708
0.1754386 -0.2928521 0.7580472
0.1754386 0.06512923 0.1076777
0.1988304 -0.6153717 1.218735
0.2397661 -0.2460949 1.195994
0.1929825 0.02287741 0.3239068
0.1871345 -0.4682633 0.8682773
0.2280702 -0.01371577 0.5748398
0.2807018 0.08190032 -0.1173505
0.3157895 -0.1413271 0.8334664
0.1812865 -0.1015614 0.8033086
0.2046784 -0.423573 0.3916172
0.1520468 -0.03320769 0.03660322
0.2105263 -0.1192126 0.6545779
0.3040936 0.009646613 0.4547783
0.1754386 -0.03876956 0.9627687
0.2105263 -0.2260959 1.297859
0.2105263 -0.4281766 1.197749
0.245614 -0.01113195 0.696171
0.2690058 -0.1141199 0.3427961
0.2222222 -0.1685711 0.6401489
0.1461988 -0.1014798 0.642243
0.1929825 -0.2786651 1.29114
0.1461988 -0.4710986 1.190738
0.2339181 0.01907431 0.4765157
0.2222222 -0.0258289 0.7899594
0.245614 -0.1633804 0.9313721
0.2280702 -0.1438856 1.122612
0.1578947 -0.3225667 1.404207
0.1520468 -0.3329741 1.381724
0.2339181 -0.1478854 1.038414
0.2222222 0.0315462 0.3827763
0.2807018 -0.1057506 0.6232677
0.2573099 -0.3202525 1.110866
0.1988304 -0.1743404 0.8575012
0.2397661 -0.1935293 1.112905
0.251462 -0.1183087 0.7504323
0.2339181 -0.07294537 0.5166814
0.1520468 -0.07836789 0.8930673
0.2163743 -0.1658428 0.5190345
0.2631579 -0.05677554 0.3899685
0.1578947 -0.3415899 1.257514
0.2046784 -0.5044788 1.379707
0.1754386 -0.1319692 0.8517927
0.1929825 -0.3272411 1.526581
0.2163743 -0.1306973 0.8769644
0.1695906 -0.2181952 0.7901736
0.1871345 -0.2963461 1.268113
0.2105263 -0.3259106 1.243713
0.1754386 -0.1050581 0.4712367
0.2046784 -0.2089579 0.8129173
0.1988304 -0.3424909 1.370185
0.1871345 -0.2976968 1.042204
0.2163743 -0.1655624 0.5221595
0.1988304 -0.2679535 1.115035
0.1461988 -0.5489062 1.263503
0.1929825 -0.1703058 1.028877
0.1929825 -0.316993 1.414286
0.2339181 -0.02826536 0.8665767
0.3391813 -0.2007155 0.7154339
0.1695906 -0.001325845 0.891926
0.2163743 -0.10755 0.625261
