0.3625731 -0.2023456 0.8947462
0.374269 -0.2492017 0.880351
0.3859649 -0.270185 0.7840903
0.4327485 -0.2330574 0.8436717
0.3274854 -0.09825212 0.7570401
0.4210526 -0.1142602 0.7246026
0.3567251 -0.2183415 0.885323
0.3976608 -0.03767572 0.4435129
0.374269 -0.3634183 1.056819
0.3508772 -0.2497246 0.9752865
0.6315789 -0.3144523 0.769155
0.6842105 -0.04365429 0.4878987
0.4327485 -0.07877785 0.698031
0.4093567 -0.1797906 0.7714109
0.5438596 -0.03043164 0.5137022
0.4444444 -0.2472664 0.8498468
0.4795322 -0.05288816 0.5395559
0.2923977 -0.2492355 1.008888
0.3333333 -0.2843486 1.056045
0.3157895 -0.1010731 0.8168438
0.5438596 -0.2223657 0.7460435
0.4327485 -0.1028882 0.6631809
0.6959064 -0.07681374 0.5687442
0.3450292 -0.264202 0.9688218
0.6491228 0.04782938 0.5876489
0.4736842 -0.1985794 0.7781726
0.4269006 -0.2334691 0.8180259
0.5497076 -0.2540157 0.7314098
0.5906433 -0.2806996 0.8018135
0.3157895 -0.1034288 0.7812682
0.4561404 -0.1818391 0.7327501
0.619883 -0.1344094 0.6153102
0.3625731 -0.0896559 0.7452282
0.2690058 -0.2976332 1.211608
0.5555556 -0.1625444 0.6924478
0.4093567 -0.1693667 0.778044
0.5672515 -0.09574718 0.6217508
0.6081871 -0.2239316 0.7313179
0.4035088 -0.2219128 0.8352607
0.5555556 0.0567802 0.4319777
0.7192982 0.7612964 -0.2345464
0.6549708 -0.3592072 0.7947495
0.6959064 -0.8596946 1.248793
0.6608187 -0.2746603 0.7139122
0.4678363 -0.2709241 0.8214329
0.6081871 -0.2840706 1.005072
0.4561404 -0.2612079 0.8265185
0.4678363 -0.1201712 0.6705047
0.6783626 -0.07029184 0.5945068
0.3333333 -0.04423934 0.7322109
0.6783626 -0.126644 0.5496075
0.3157895 -0.21967 0.9942408
0.3450292 -0.1592965 0.8367942
0.2573099 -0.08150917 0.7359865
0.497076 -0.2669285 0.7988083
0.2923977 -0.1522961 0.821162
0.3333333 -0.249931 0.904495
0.3567251 -0.1681962 0.8237291
0.619883 -0.06214249 0.5500282
0.5263158 -0.3751302 1.005848
0.6081871 -0.3082383 0.7716586
0.4795322 -0.1235669 0.6710067
0.4912281 -0.2862795 0.7731093
0.3508772 -0.1975042 0.8849098
0.5087719 -0.05944826 0.4900546
0.4035088 -0.2256598 0.854204
0.5847953 -0.0009678395 0.4550076
0.5263158 -0.1824138 0.7060757
0.5964912 -0.2087981 0.6912524
0.7134503 0.2567907 0.08952361
0.3918129 -0.0687591 0.6450865
0.619883 0.0514068 0.3632548
0.4678363 -0.1959761 0.7599999
0.5146199 -0.1410756 0.6663104
0.6783626 -0.1990352 0.6301579
0.5146199 -0.1919372 0.7352969
0.5789474 -0.162073 0.6422869
0.3391813 -0.2788525 1.044323
0.6081871 0.06210043 0.4519614
0.748538 0.03316323 0.3715051
0.5204678 -0.2317493 0.7790441
0.5497076 -0.2415394 1.02554
0.4502924 -0.005865398 0.5719956
0.4385965 -0.1635187 0.7975762
0.6432749 -0.2811702 0.7409445
0.8830409 -2.223827 2.66284
0.6432749 -0.07437216 0.516445
0.6666667 -0.2558481 0.7199818
0.6549708 -0.2448927 0.6891629
0.502924 -0.1890157 0.7508274
0.5730994 0.01319828 0.4594394
0.5672515 -0.2176245 0.7169728
0.4853801 -0.04481551 0.5571654
0.7660819 -0.1999946 0.6863131
0.4444444 -0.2037012 0.8316267
0.6725146 -0.2858944 1.512092
0.6315789 -0.1033118 0.6502498
0.5614035 -0.1866625 0.6868879
0.4444444 -0.2075532 0.7796958
0.619883 -0.2490054 0.7064157
0.4035088 -0.2692618 0.8969337
0.3391813 -0.2176482 0.9139045
0.6725146 -0.03863713 0.439443
0.5730994 -0.2280133 0.6961367
0.5087719 -0.01935312 0.5604708
0.6081871 -0.027497 0.4919877
0.3567251 -0.2473747 0.8338689
0.3450292 -0.05023211 0.7404672
0.6491228 -0.03426481 0.6518237
0.3216374 -0.2597825 1.039433
0.6432749 -0.03349335 0.5969936
0.3684211 0.004089517 0.5319332
0.2807018 -0.1567452 0.9418322
0.3918129 -0.01454255 0.5616371
0.4210526 -0.3291428 0.9123159
0.3216374 -0.1700739 0.9405859
0.497076 -0.2947489 0.8345784
0.3274854 -0.2121077 0.9550956
0.2573099 -0.4816527 1.510555
0.3216374 -0.2710534 1.049254
0.4152047 -0.08439962 0.6591623
0.4853801 -0.2424605 0.8108634
0.4795322 -0.1433552 0.6898456
0.2923977 -0.05369684 0.7909789
0.3274854 -0.2345817 0.9377452
0.2923977 -0.1579857 0.8675654
0.5438596 -0.1079374 0.587404
0.497076 -0.187854 0.7580443
0.3508772 -0.1006637 0.7550042
0.5321637 0.0345308 0.4632234
0.5321637 -0.2246723 0.7589052
0.6432749 -0.07436224 0.4756096
0.5438596 -0.3103935 0.8088971
0.3625731 -0.2342434 0.9344052
0.5263158 -0.07434963 0.5255626
0.4444444 0.0650529 0.3711358
0.251462 -0.1226568 0.9052423
0.1988304 -0.3653131 1.565121
0.380117 -0.1976027 0.7365827
0.497076 -0.09108047 0.6410809
0.3976608 -0.1979267 0.8055188
0.5789474 -0.181207 0.6630945
0.3684211 -0.05704401 0.649234
0.4035088 -0.1299173 0.7013257
0.5263158 -0.271992 0.8225483
0.4795322 -0.1501091 0.7116737
0.4269006 -0.1086741 0.7061951
0.3508772 -0.1112268 0.8258497
0.5964912 -0.09146506 0.5708805
0.497076 -0.1122719 0.592839
0.5847953 -0.1278837 0.6190154
0.5438596 -0.112939 0.6144805
0.4210526 -0.2697205 0.8660918
0.380117 -0.1408326 0.8272319
0.5497076 -0.1658518 0.5753751
0.3333333 -0.1912598 0.9337209
0.7192982 0.0181614 0.4971633
0.6783626 -0.3771379 0.822136
0.5321637 -0.2211372 0.7507742
0.4444444 -0.07584577 0.6074907
0.4619883 -0.2735165 0.8445925
0.4678363 -0.165752 0.7542637
0.7660819 -0.06448489 0.4842114
0.5321637 0.1309943 0.2656981
0.4269006 -0.2457716 0.8520638
0.3976608 -0.1751726 0.8240142
0.4327485 -0.08648886 0.6300833
0.2573099 -0.2371879 1.18108
0.3391813 -0.2728844 1.038416
0.5906433 -0.221323 0.6963921
0.3508772 -0.3086348 1.0856
0.502924 0.0004356977 0.4871671
0.6666667 -0.02096629 0.4532415
0.2631579 -0.2689902 1.106978
0.6549708 -0.1250921 0.5688014
0.5087719 -0.06870109 0.570954
0.5497076 0.03323373 0.421411
0.2631579 -0.3315605 1.277343
0.497076 -0.2521089 0.7528276
0.2982456 -0.1163849 0.8912399
0.3625731 -0.3434318 0.9279565
0.4795322 -0.01121766 0.3419356
0.4912281 -0.06997407 0.5255407
0.2865497 -0.2731489 1.147516
0.3157895 -0.3636883 1.063051
0.4210526 -0.1762862 0.7429273
0.3508772 -0.164755 0.8565857
0.3508772 -0.1182602 0.7489308
0.7251462 -0.1319285 0.5671972
