0.3625731 -0.21523 0.8906971
0.2222222 -0.3030317 1.219064
0.251462 -0.1801848 0.8728221
0.2163743 0.07333983 0.3485455
0.2222222 -0.2602593 1.038153
0.2397661 -0.3071333 1.097185
0.2163743 -0.2444931 1.095219
0.2690058 -0.09378146 0.8472117
0.3157895 -0.2153791 0.8869903
0.3450292 -0.07595693 0.7485946
0.2046784 -0.02437279 0.725467
0.2046784 -0.04020999 0.4873462
0.2046784 -0.08445105 0.4719005
0.1871345 -0.4931717 1.669233
0.1871345 -0.2146527 0.7616117
0.245614 -0.3234362 1.199014
0.2339181 -0.2304555 0.7210335
0.2046784 -0.04063598 0.486155
0.2222222 -0.07449262 0.9127258
0.1929825 -0.1201193 0.1108199
0.2339181 -0.1609995 1.075247
0.2105263 0.02177794 0.6749138
0.1929825 -0.1459109 0.7976827
0.1812865 -0.1095091 1.213837
0.2573099 -0.3473584 1.230229
0.1695906 -0.2555832 1.30582
0.3216374 -0.1641119 0.7597699
0.2046784 -0.3325721 1.10694
0.1812865 -0.04906403 0.6877742
0.1929825 -0.3135781 1.280251
0.3040936 -0.1109936 0.7050845
0.1695906 -0.4148899 1.425163
0.1871345 -0.005626692 0.7376611
0.1871345 0.004070248 0.6454016
0.3450292 -0.2701485 0.9897557
0.2105263 -0.08585655 0.9709411
0.251462 -0.01637936 0.4915406
0.1812865 -0.3439348 1.604523
0.1871345 -0.1173988 1.0906
0.2046784 -0.1576237 1.067844
0.1812865 0.02737049 0.3888974
0.245614 -0.3349559 0.9040876
0.245614 -0.1213335 0.8924941
0.1929825 -0.01800729 0.2902838
0.2105263 -0.1471411 1.051059
0.2339181 -0.2774106 1.160588
0.1754386 -0.2305109 0.8756385
0.2982456 -0.2496939 1.042467
0.2280702 -0.5805457 1.160968
0.2631579 -0.2855503 1.192122
0.3157895 0.00832973 0.5730504
0.2105263 -0.1615903 1.080958
0.1812865 -0.137744 1.11273
0.3157895 -0.136577 0.8983975
0.2280702 -0.1398428 1.004517
0.245614 -0.1321273 0.7186732
0.3157895 -0.2824111 0.9938084
0.2105263 -0.1003665 0.3929458
0.2046784 -0.3761618 1.471578
0.2923977 -0.03956085 0.674148
0.2865497 -0.2225169 1.025345
0.1988304 -0.1280562 0.926932
0.3333333 -0.1062386 0.7939358
0.4093567 -0.2684177 0.8738025
0.2397661 -0.2394245 1.156825
0.1812865 -0.4463407 1.343085
0.2163743 0.03379982 0.5868831
0.1929825 -0.09671868 0.5853115
0.2222222 0.01180347 0.577312
0.1929825 -0.2394235 0.2737595
0.2573099 -0.04841984 0.7726465
0.2397661 -0.06506249 0.644659
0.2865497 -0.1255852 0.8866374
0.1578947 -0.5636989 1.49735
0.2105263 -0.3925444 1.473373
0.245614 -0.336495 1.305597
0.3040936 -0.1641322 0.920707
0.2222222 -0.4002732 1.141557
0.2631579 -0.1997799 0.9190246
0.2397661 -0.2422849 0.6265921
0.2163743 -0.1854986 1.034169
0.1578947 -0.1519788 0.7231044
0.1929825 -0.2683101 1.360347
0.1988304 -0.184329 1.269647
0.2573099 -0.2218171 1.076439
0.2631579 0.04870376 0.296947
0.2339181 -0.2260291 1.170008
0.1754386 -0.3411546 0.8189564
0.1988304 -0.04906739 0.8895639
0.2573099 -0.07378902 0.7970654
0.2046784 -0.174303 0.4928772
0.2573099 -0.3888129 1.303698
0.2222222 -0.2054223 1.176665
0.1695906 0.1276125 0.6169649
0.2923977 -0.1987439 0.9091206
0.2631579 -0.2941669 1.154164
0.2748538 -0.147493 1.005918
0.2982456 -0.2021536 0.8502114
0.2690058 -0.2671034 1.120343
0.2397661 -0.131075 1.028466
0.2807018 -0.1007671 0.917158
0.1345029 0.1768575 -0.05349302
0.2748538 -0.1227851 0.9182053
0.2397661 0.08137521 0.2170274
0.2397661 -0.5176018 1.346779
0.2280702 -0.1540973 0.9914872
0.2573099 -0.3465483 1.057087
0.2280702 -0.4976837 -0.1198795
0.2573099 -0.08821924 0.6238731
0.251462 -0.7009433 1.496879
0.2982456 -0.2909203 1.075807
0.2807018 -0.1463217 0.9251934
0.1695906 -0.01081652 1.073327
0.2280702 -0.0845273 1.025941
0.2807018 -0.4829098 0.8349587
0.1988304 -0.1739615 1.084484
0.2046784 -0.03923209 0.9772558
0.1754386 -0.5384598 1.559801
0.3391813 -0.3166929 1.018305
0.2222222 0.04846503 0.3413656
0.1578947 -0.3001888 0.2825492
0.2748538 -0.1968084 0.9753351
0.245614 -0.2612297 0.8106884
0.3157895 -0.2312735 1.014022
0.2631579 -0.1113027 0.6428362
0.2982456 -0.1479313 0.8722735
0.2105263 0.02085352 0.6758676
0.2163743 -0.0420928 0.4010152
0.2690058 -0.267909 0.7120953
0.1871345 -0.03746358 0.7472814
0.2982456 -0.202671 0.9724616
0.2046784 -0.3048733 1.066655
0.2982456 -0.1338749 0.8002897
0.2222222 -0.2479291 1.12935
0.2748538 -0.1938584 1.024014
