0.7251462 -0.1888322 0.7681438
0.497076 -0.4559891 2.082466
0.8888889 -18.28766 19.20545
0.3567251 -0.5688338 1.133172
0.6023392 -0.3680219 0.8235108
0.7134503 -0.2821519 0.7409357
0.9005848 -0.2468423 1.166295
0.994152 16.63322 -32.97746
0.8947368 -8.81907 9.264438
0.8947368 -6.51945 6.961721
0.8011696 -1.426876 4.561436
0.9532164 -9.487366 10.27909
0.7192982 -1.740644 26.43351
0.6432749 -0.1611296 0.586048
0.8011696 -0.1669216 0.5992456
0.4385965 -0.3131155 0.8180833
0.3918129 -0.1874778 0.8221745
0.6023392 -0.8535274 1.194941
0.8070175 -4.359549 4.759192
0.6491228 -0.2258395 0.8276588
0.7309942 -2.712121 3.0923
0.8128655 -5.494566 5.898506
0.7894737 -1.316178 1.741831
0.6374269 -0.3076134 1.689117
0.4853801 -0.4783835 2.336948
0.8947368 -4.178122 4.616418
0.6666667 -0.3847229 1.04011
0.871345 -9.759648 10.24072
0.7076023 -0.207057 0.7465635
0.8947368 -1.509011 4.751274
0.4853801 -1.327632 10.44578
0.8654971 -1.642802 2.156622
0.7134503 -0.1983161 0.6494175
0.502924 -0.1798672 0.8008556
0.2807018 -0.2980094 1.248107
0.3450292 -0.3574021 1.142771
0.4795322 -0.1921601 1.826939
0.7368421 -0.239554 0.8193356
0.3918129 -0.331101 0.9733338
0.3567251 -0.4182598 1.150065
0.4444444 -0.3260929 0.9100649
0.8128655 -0.03784781 0.5493939
0.7894737 -0.1283582 0.5725623
0.7719298 -0.2391811 0.6371036
0.3567251 -0.05062675 0.6585454
0.3450292 -0.3604985 1.142544
0.3918129 -0.1399329 0.7855545
0.3391813 -0.2712585 1.053966
0.4912281 -1.293687 3.315999
0.374269 -0.3364168 1.064013
0.3508772 -0.2472647 0.9694176
0.4912281 -0.1831446 0.786287
0.3918129 -0.2858161 0.9333668
0.3450292 -0.1770656 0.888995
0.4853801 -0.2936354 0.8626163
0.3157895 -0.3646016 1.146187
0.4619883 -0.07028704 0.6122791
0.5438596 -0.1713847 0.7234141
0.4210526 -0.06220964 0.6308991
0.5438596 -0.1719457 1.261809
0.3450292 -0.304096 1.049722
0.8245614 -0.00984388 0.6334596
0.4210526 -0.2729715 0.9017331
0.7777778 -0.03375816 0.5136352
0.8538012 -0.4149687 0.830235
0.5380117 -0.3522272 0.8784308
0.5438596 -0.271753 0.8250764
0.4853801 -0.1825068 0.677255
0.374269 -0.214408 0.9054182
0.5263158 -0.2740634 0.8196828
0.497076 -0.3644734 0.8585748
0.2280702 -0.3815371 1.391882
0.4035088 -0.3920201 1.026187
0.9064327 -0.1934912 1.145828
0.4269006 -0.3158095 0.9427583
0.5730994 -0.3863049 0.8799365
0.4152047 -0.3262359 1.03181
0.7192982 -1.740644 26.43351
0.6608187 -0.2211376 0.6720561
0.4619883 -0.2432213 0.8147342
0.3508772 -0.2680702 0.9999116
0.3918129 -0.1502116 0.8020203
0.2865497 -0.3546418 1.107929
0.9649123 -5.503688 6.606441
0.8011696 0.2613149 0.5413128
0.4035088 -0.3047239 0.9151993
0.9590643 -2.960399 5.30093
0.9649123 -7.001656 8.107886
0.8947368 -1.509011 4.751274
0.8596491 -3.084965 5.907788
0.8947368 -1.509011 4.751274
0.9239766 -5.046504 5.525491
0.877193 -9.208206 10.39584
0.8947368 0.06181352 0.367418
0.6608187 -0.3191019 1.011012
0.9356725 1.674898 -1.012387
0.5672515 -0.2584011 0.7554041
0.3918129 -0.2181171 0.8740303
0.4152047 -0.3350844 1.0081
0.2397661 -0.6100963 1.687819
0.5672515 -7.389062 11.1667
0.5964912 -0.3928113 0.8490499
0.7017544 -0.6288554 1.0288
0.4795322 -0.3180598 0.9169941
