0.2690058 -0.3671262 1.131132
0.2923977 0.07468383 0.2645798
0.2339181 0.0285063 0.5904158
0.2748538 -0.1612101 0.9217957
0.1403509 0.06169422 0.7663493
0.251462 -0.214052 1.067399
0.3567251 -0.1330556 0.7729757
0.4093567 -0.2493623 0.8614766
0.3099415 -0.08713623 0.7479845
0.3391813 -0.1685053 0.6982102
0.3274854 -0.1731202 0.9210427
0.3157895 -0.2418029 0.9615575
0.4210526 -0.004750019 0.4916153
0.3625731 -0.2632155 0.9143367
0.3040936 -0.2037962 0.8902084
0.3625731 -0.3013793 0.943533
0.4152047 -0.08565476 0.5846119
0.2105263 0.1117718 0.6705839
0.1695906 -0.05769309 0.6635314
0.3450292 -0.06811145 0.7046485
0.3508772 -0.1090398 0.7347116
0.1754386 -0.1875735 1.322402
0.2865497 -0.2699376 1.163624
0.3099415 -0.2318398 0.9405033
0.4678363 -0.2839435 0.8043585
0.251462 -0.2448187 1.14116
0.4912281 -0.07410501 0.6108405
0.1988304 -0.6228256 1.475746
0.3274854 -0.2903365 1.005674
0.4035088 -0.2558697 0.832239
0.3040936 -0.2507656 1.025175
0.3157895 -0.09848031 0.675713
0.2280702 -0.1544749 0.9260467
0.4093567 -0.1004025 0.6371281
0.3274854 -0.1846511 0.8119246
0.4269006 -0.2017715 0.8093852
0.3567251 -0.1750346 0.7472968
0.374269 -0.1269626 0.7595561
0.3859649 -0.2627702 0.8978066
0.4210526 -0.2438214 0.8088143
0.3040936 -0.3142576 1.094443
0.2046784 -0.09047124 0.7624287
0.245614 -0.2467442 1.186454
0.5263158 -0.1697786 0.7033124
0.2573099 -0.293842 1.155862
0.4736842 0.215095 0.1563907
0.4444444 -0.2519188 0.8233967
0.6315789 -0.3927054 0.7169721
0.4385965 -0.2577265 0.7962972
0.5847953 -0.1977047 0.6479368
0.4210526 -0.1607188 0.7704042
0.3918129 -0.2479957 0.9783724
0.3508772 -0.1792626 0.7946161
0.3567251 -0.001169937 0.5693009
0.3333333 -0.2987676 1.023498
0.2163743 -0.2950884 1.352045
0.3567251 -0.2246862 0.9012569
0.3157895 -0.2369598 0.9446795
0.3216374 -0.1836316 0.9368936
0.4327485 -0.2018417 0.7458761
0.4035088 -0.1464421 0.7296978
0.3567251 -0.3101639 1.027984
0.4269006 -0.2251303 0.7989002
0.4678363 -0.07823833 0.3709752
0.3567251 -0.1829703 0.7931878
0.4210526 -0.209826 0.8208421
0.2105263 -0.2017751 0.9786045
0.1871345 -0.1518495 1.006415
0.3040936 -0.05953075 0.6568733
0.3333333 -0.1447457 0.7808284
0.2923977 -0.2684436 0.9653307
0.4736842 -0.326947 0.861106
0.3157895 -0.1800712 0.898656
0.2280702 -0.2922748 1.300816
0.3976608 -0.3043462 0.9346214
0.4035088 -0.1635541 0.7660632
0.3274854 -0.1747616 0.840783
0.4502924 -0.1320894 0.5981568
0.1929825 -0.1744789 0.8535978
0.245614 -0.1135424 0.6784786
0.5555556 -0.02601409 0.4199748
0.4152047 -0.08788352 0.6080819
0.2631579 -0.3927113 1.282943
0.3391813 -0.1433661 0.7427694
0.5964912 -0.07246556 0.5089472
0.6374269 -0.08316298 0.4794595
0.2280702 -0.3425026 1.399686
0.5146199 -0.1834287 0.6872447
0.5789474 -0.1667706 0.6512685
0.2339181 -0.2605629 1.135268
0.3274854 -0.2766491 1.005205
0.3157895 -0.1114224 0.684055
0.2807018 -0.1385409 0.9035397
0.2631579 -0.1427049 0.7806425
0.2631579 -0.1173711 0.8716507
0.4678363 -0.2613543 0.7824795
0.2690058 -0.1424068 0.9812154
0.2631579 -0.1895372 1.043882
0.5087719 -0.201996 0.7056299
0.2807018 -0.2145153 1.103405
0.3099415 -0.1534239 0.8309514
0.2807018 -0.2306557 1.09809
0.3333333 -0.09794318 0.7541062
0.3918129 -0.2007496 0.8513709
0.4152047 -0.2382804 0.8476271
0.2865497 -0.3876878 0.7321919
0.2397661 -0.2157703 0.7636119
0.3450292 -0.1207427 0.7036231
0.1929825 -0.189595 1.241379
0.2163743 -0.1505037 0.858208
0.2865497 -0.2594616 1.017467
0.2397661 -0.2675692 1.228609
0.3274854 -0.05127007 0.557088
0.1871345 -0.05336395 0.6988768
0.2046784 -0.02475684 0.7282067
0.2748538 -0.1842061 0.9537744
0.3976608 -0.07992492 0.66265
0.2748538 -0.2316494 0.9714364
0.2631579 -0.1611808 1.03623
0.2807018 -0.2109521 0.8561571
0.2631579 -0.06142065 0.4990673
0.251462 -0.2361378 1.040078
0.2807018 -0.1860323 0.8829283
0.4795322 -0.2963487 0.7388578
0.4210526 -0.1630966 0.7313137
0.3684211 -0.1656917 0.667123
0.4502924 -0.09752934 0.6228114
0.3684211 -0.05508709 0.6133118
0.4678363 -0.1940879 0.7242709
0.380117 -0.2604564 0.9425194
0.2923977 -0.8966346 1.339017
0.3333333 -0.1007033 0.6923401
0.2280702 -0.1710826 0.9950953
