0.2631579 -0.07574972 0.7591992
0.3859649 -0.1927275 0.825803
0.4444444 -0.1889116 0.7632863
0.4385965 -0.0008053886 0.4975372
0.3333333 -0.190573 0.8741909
0.2690058 -0.3146811 1.122407
0.2339181 -0.3193679 1.356795
0.3625731 -0.1091402 0.7385585
0.3157895 -0.2255352 0.9896198
0.3216374 -0.259747 0.9789274
0.2923977 -0.2680486 1.114398
0.5672515 -0.2568781 0.7437516
0.497076 -0.2820192 0.7830352
0.4619883 -0.1039047 0.6342161
0.2573099 -0.4380825 1.139922
0.3216374 -0.2544594 1.014792
0.4736842 -0.2563986 0.8208765
0.7426901 -0.9087141 1.285376
0.3274854 -0.2648721 1.009754
0.4269006 -0.1464899 0.7085479
0.5438596 -0.2248095 0.7393387
0.4736842 -0.2326354 0.8084912
0.497076 -0.09300088 0.6270981
0.5555556 -0.08946413 0.5664291
0.754386 -0.1876793 0.610632
0.5087719 -0.1619483 0.6668907
0.3216374 -0.2119523 0.9078577
0.5146199 -0.06633856 0.5632896
0.502924 -0.2751564 0.7778332
0.4152047 -0.2285066 0.8408699
0.3040936 -0.3183546 1.122741
0.2631579 -0.1539502 0.9168602
0.3216374 -0.1875038 0.8812914
0.2923977 -0.05402713 0.7475594
0.2690058 0.05077213 0.1897933
0.4327485 -0.2792146 0.8948767
0.4385965 0.01948653 0.5135119
0.3099415 -0.07074802 0.7385529
0.3567251 -0.2545724 0.9801274
0.2573099 -0.2663779 1.062128
0.4912281 -0.3503792 1.028969
0.3684211 -0.2320891 0.8742764
0.2690058 -0.1829632 1.030034
0.2280702 -0.4150075 1.430765
0.3684211 -0.1440565 0.8083527
0.5497076 -0.1887901 0.6862661
0.4853801 -0.0962531 0.6302018
0.5438596 -0.1163589 0.6110081
0.3684211 -0.2340672 0.9227235
0.5204678 -0.3688326 0.8274557
0.3684211 -0.2486147 0.9013906
0.3391813 -0.2679161 0.9979592
0.4385965 -0.2018423 0.7394511
0.2339181 -0.3205751 1.187523
0.3450292 -0.2459112 0.973429
0.4093567 -0.08332178 0.6680087
0.2690058 -0.1187291 0.9580317
0.4093567 -0.1853057 0.7869978
0.3099415 -0.04683027 0.6191906
0.3976608 -0.1691242 0.7267313
0.3450292 -0.2112559 0.9019376
0.4152047 -0.149366 0.7264928
0.4912281 -0.01231951 0.4939217
0.4795322 -0.1072861 0.582659
0.2807018 -0.2653196 1.001055
0.5321637 -0.2110436 0.7199147
0.245614 -0.3123236 1.299606
0.2923977 -0.509736 1.300014
0.4093567 -0.1496957 0.7709288
0.380117 -0.2114308 0.8781491
0.2748538 -0.2180362 1.119517
0.3918129 0.1355851 0.3615453
0.5087719 -0.2388791 0.7611557
0.2807018 -0.2327205 0.7192787
0.4853801 -0.1268046 0.6476732
0.5555556 -0.09712695 0.5738102
0.6374269 -0.1586619 0.6240743
0.4035088 -0.2776471 0.9235833
0.3567251 -0.2591637 0.8992295
0.4444444 -0.1349018 0.6613078
0.4912281 -0.1053805 0.6620931
0.3684211 -0.08797037 0.7202985
0.4678363 -0.2906572 0.8662703
0.5614035 -0.07441695 0.589928
0.2105263 -0.2606483 1.364894
0.3157895 -0.1892158 0.9355077
0.3216374 -0.189902 0.922739
0.3391813 -0.1872892 0.8417474
0.2807018 -0.2096117 1.061946
0.4093567 -0.2724749 0.8768036
0.4035088 -0.2720509 0.9034521
0.2923977 -0.1795105 0.9871943
0.3099415 -0.09367217 0.7321654
0.4795322 -0.2755202 0.7499624
0.5321637 -0.2920429 0.8117597
0.251462 -0.1220655 0.8875472
0.5263158 0.05105972 0.414901
0.3918129 -0.1251782 0.738995
0.2982456 -0.04574488 0.5660258
0.2923977 -0.2322092 1.054956
0.3450292 -0.05433729 0.4849554
0.3391813 -0.2622538 1.023695
0.380117 -0.143531 0.7514691
0.5146199 -0.168833 0.6255327
0.3040936 -0.159127 0.8124757
0.3391813 -0.1181232 0.7021191
0.2748538 -0.2950613 1.19586
0.3216374 -0.1841851 0.8607152
0.2865497 -0.1037843 0.8098189
0.251462 -0.1203169 0.9549499
0.4912281 -0.07633533 0.5847171
0.251462 -0.27442 1.238638
0.2222222 -0.2754674 1.318879
0.3976608 -0.1976163 0.8305655
0.3684211 -0.02079143 0.5936502
0.3976608 -0.2324585 0.8368605
0.2923977 -0.3169396 1.133535
0.3333333 -0.05187555 0.5929747
0.502924 -0.2436145 0.7526371
0.2222222 -0.3882903 1.468465
0.3684211 -0.2327457 0.9213587
0.6783626 -0.3389415 0.7486191
0.4210526 -0.1534685 0.7480007
0.8128655 0.7452952 -0.2543534
0.3391813 -0.05640207 0.69661
0.3918129 -0.2678498 0.9148976
0.7953216 -0.1626663 0.5788915
0.2280702 -0.2470142 1.169489
0.3918129 -0.1733464 0.7959888
0.5906433 -0.1902275 0.7041238
0.3684211 -0.08571825 0.7027672
0.4327485 -0.2022899 0.8135802
0.4385965 -0.2381508 0.8288464
0.5380117 -0.268322 0.763376
0.5847953 -0.2596564 0.7135454
0.374269 -0.142764 0.8083116
0.3099415 -0.1785721 0.943038
0.3391813 -0.3127891 0.9872394
0.5906433 -0.1066237 0.5682655
0.380117 -0.2046102 0.8101753
0.6374269 -0.08409962 0.5008503
0.3391813 -0.3035583 1.028835
0.2690058 -0.06868368 0.4880884
0.502924 -0.2386065 0.7755712
0.3099415 -0.3093834 1.081554
0.5204678 -0.1146255 0.5898519
0.4385965 -0.005933987 0.4969366
0.4678363 -0.1719604 0.670941
0.497076 -0.1441286 0.6310361
0.6023392 -0.07371708 0.5869278
0.5789474 -0.1761708 0.6444191
0.3918129 -0.2025796 0.8577386
0.4093567 0.008591345 0.4575997
0.4561404 -0.07159902 0.6047637
0.380117 -0.2255237 0.8472414
0.3567251 -0.120186 0.7900653
0.4736842 -0.3159041 0.8113332
0.3216374 -0.1511504 0.8510144
0.4619883 -0.2327318 0.789531
0.4035088 -0.05603862 0.6028696
0.3918129 -0.2409919 0.9187475
0.374269 -0.09853192 0.7886194
0.3567251 -0.2503666 0.9415827
0.3625731 -0.1907903 0.8646295
0.3157895 -0.2255617 0.9981016
0.2923977 -0.1597159 0.8602549
0.374269 0.01730941 0.5772698
0.4853801 -0.08543288 0.5046955
0.4736842 -0.1246696 0.6895842
0.5087719 -0.2128021 0.7912816
0.2982456 -0.2150427 0.9365426
0.3157895 -0.1757304 0.9268349
0.4093567 -0.1852414 0.7418795
0.3976608 -0.2663489 0.9186749
0.2105263 -0.2165741 1.117513
0.3859649 -0.3064616 0.9791891
0.3157895 -0.1618067 0.9454964
0.3391813 -0.2491965 0.9529001
0.2222222 -0.4860863 1.615936
0.4502924 -0.2176097 0.7652862
0.4327485 -0.2127263 0.7993094
0.2105263 -0.1322382 1.050043
0.2163743 -0.1064854 0.9672313
0.2222222 -0.007958914 0.8321295
0.877193 -8.260732 18.46495
0.3333333 -0.1925222 0.8007456
0.5263158 -0.3174408 0.8008625
0.2865497 -0.1872168 0.9994487
0.4210526 -0.07781304 0.5715634
0.3684211 -0.3291502 1.003197
0.2748538 -0.3362254 1.200618
0.2748538 -0.281375 1.17641
0.3391813 -0.1457832 0.5189272
0.3684211 -0.1927136 0.8957418
0.1929825 -0.7010813 1.641316
