0.2222222 -0.2479162 1.23807
0.2046784 -0.1105722 1.02865
0.2105263 0.04797755 0.6432868
0.4035088 -0.06001003 0.6104833
0.374269 -0.1634716 0.7958127
0.4561404 -0.01906356 0.4775991
0.4619883 -0.2157899 0.8383535
0.374269 -0.2523537 0.9036727
0.4035088 -0.02786048 0.6199062
0.4619883 -0.2464388 0.8094809
0.3859649 -0.2343844 0.8756561
0.3040936 -0.1390663 0.8852829
0.2631579 -0.07449421 0.7370275
0.1695906 -0.397972 1.026545
0.2923977 -0.22575 1.03333
0.1754386 -0.3079182 0.9834672
0.2280702 -0.4920693 1.106845
0.2397661 -0.4081529 1.464762
0.2865497 -0.3366767 1.141747
0.1929825 -0.07206834 0.5385879
0.2690058 -0.1561718 0.9772078
0.2046784 -0.4446176 1.592553
0.3274854 -0.1522784 0.8000737
0.2339181 -0.1838437 1.020886
0.2982456 -0.3022637 1.026872
0.2982456 -0.2246905 0.9808582
0.4035088 -0.1197138 0.6480248
0.3274854 -0.204281 0.8827507
0.4444444 -0.2039461 0.7918539
0.3625731 -0.07879538 0.7347471
0.4385965 -0.261657 0.8598823
0.4210526 -0.2631261 0.8204849
0.251462 -0.1848608 1.069154
0.380117 -0.1554826 0.803435
0.251462 -0.3614127 1.323431
0.1754386 -0.5014547 1.792028
0.2046784 -0.1580577 1.175795
0.2573099 -0.4332291 1.353102
0.2748538 -0.1587437 0.9574395
0.4853801 -0.2401441 0.765512
0.3216374 -0.1926037 0.9231958
0.4619883 -0.2051933 0.756776
0.3684211 -0.1565691 0.7619156
0.2748538 -0.2330617 1.10428
0.2690058 -0.2740531 1.205552
0.374269 -0.153686 0.7434531
0.4795322 -0.005717521 0.45107
0.3684211 -0.150451 0.8605846
0.4444444 -0.2029128 0.7623687
0.3976608 -0.07769848 0.6073981
0.2923977 -0.3008098 1.113767
0.4619883 -0.1150475 0.6824149
0.4619883 -0.1686557 0.7341557
0.3859649 -0.1776122 0.7363032
0.502924 -0.1299735 0.6552022
0.2865497 -0.05435977 0.7394999
0.2280702 -0.2059922 0.9805794
0.2923977 -0.07638764 0.7871432
0.2982456 -0.2598558 1.074874
0.4093567 -0.2773928 0.9469663
0.4502924 -0.3300574 0.8866767
0.4035088 -0.3152546 0.9058244
0.251462 -0.2055886 1.110492
0.2982456 -0.04306318 0.7370437
0.251462 -0.3104638 1.264669
0.3333333 -0.0693447 0.6945842
0.251462 -0.170419 1.020769
0.3450292 -0.08578946 0.7155324
0.2631579 -0.3417309 1.310993
0.2982456 -0.2727695 1.051885
0.3684211 -0.1905019 0.7441347
0.4853801 -0.1652647 0.6704954
0.4093567 -0.2786988 0.9288866
0.2397661 -0.1356443 0.947151
0.3274854 -0.1421387 0.8276646
0.3274854 -0.228672 0.9515619
0.3391813 -0.1513924 0.8083694
0.3976608 -0.2182688 0.8512452
0.3099415 -0.1916264 0.9928992
0.3099415 -0.132012 0.8799818
0.3918129 -0.234733 0.9130951
0.4561404 -0.2271662 0.7585079
0.3567251 -0.283806 0.9907335
0.2807018 -0.2323356 1.081276
0.251462 0.07798979 0.5079874
0.4035088 -0.2950285 0.9411128
0.3567251 -0.1939313 0.839691
0.2748538 -0.2993987 1.159433
0.380117 -0.02441959 0.5881444
0.2748538 -0.2381287 0.8558167
0.3391813 -0.1963539 0.9400941
0.3976608 -0.1890709 0.8417274
0.251462 -0.2786978 1.110561
0.245614 -0.1026708 0.7764516
0.3450292 -0.1612319 0.8845359
0.3859649 -0.1838899 0.7668204
0.3567251 -0.07680679 0.7094984
0.1695906 0.1137212 0.5406246
0.2573099 -0.1957879 1.123676
0.3157895 -0.2409621 0.9599841
0.1988304 -0.03278655 0.4677316
0.245614 -0.1098211 0.927556
0.2105263 -0.04200996 0.6406462
0.3157895 -0.2264528 0.9544601
0.3859649 -0.09145945 0.606449
0.3508772 -0.2907694 1.034256
0.2982456 -0.2207773 0.9579937
0.2807018 -0.2078875 0.849311
0.3625731 0.009381619 0.5895302
0.4444444 -0.05531032 0.5450528
0.3567251 -0.1607829 0.7804771
0.4736842 -0.08502576 0.573384
0.3099415 -0.2020825 0.9616065
0.374269 -0.1277941 0.7107291
0.3918129 -0.1543067 0.7815064
