0.1578947 -0.368368 1.802151
0.4152047 -0.1827618 0.7679899
0.2339181 0.06620479 0.6408185
0.2397661 -0.3116243 1.217694
0.1929825 -0.09086324 1.065082
0.6315789 -0.191003 0.5898746
0.2631579 -0.06135765 0.727135
0.2865497 -0.2655995 1.045433
0.3625731 -0.09921991 0.6477167
0.3918129 -0.1961057 0.8115613
0.5146199 -0.266766 0.7527804
0.4385965 -0.1930288 0.7484438
0.3450292 -0.1119135 0.780772
0.4152047 -0.2041509 0.7946649
0.3274854 -0.2936636 1.096477
0.6608187 -0.3861791 0.81028
0.245614 -0.07958378 0.8056516
0.2280702 -0.2137716 1.129355
0.2046784 -0.4744143 1.254047
0.3099415 -0.1790585 0.7720071
0.3157895 -0.05911911 0.6413509
0.2923977 -0.4605209 1.277241
0.3157895 -0.3047628 1.071582
0.3157895 -0.1383462 0.8697772
0.4210526 -0.1033393 0.6276251
0.2222222 -0.03637679 0.6507444
0.3157895 -0.1525698 0.7488495
0.374269 -0.05151988 0.4887255
0.2748538 -0.309256 1.143387
0.1988304 0.08104506 0.09549133
0.2280702 -0.3700587 1.317786
0.2690058 -0.03452655 0.6066238
0.1929825 -0.3513741 1.406455
0.1929825 -0.2014878 0.9004331
0.2690058 -0.1583346 0.9166339
0.4385965 -0.06471212 0.5546063
0.3333333 -0.1496623 0.8199964
0.2163743 -0.2673627 1.134009
0.3976608 -0.02731924 0.553216
0.3040936 -0.2663647 0.9981884
0.245614 -0.4261776 1.287099
0.3450292 -0.3118248 1.045571
0.2105263 -0.1637753 1.08945
0.245614 -0.08378785 0.9471533
0.1929825 -0.08410753 0.8443602
0.2280702 -0.06142281 0.7936576
0.2807018 -0.2282515 1.051588
0.1871345 -0.03820208 1.001156
0.3976608 -0.1626854 0.7110356
0.4269006 -0.2412351 0.8191513
0.3918129 -0.2080718 0.8215676
0.2222222 -0.1036294 0.9898748
0.2163743 -0.2889458 1.261393
0.3684211 -0.1685493 0.7604629
0.2690058 -0.2448832 1.142203
0.3508772 -0.2775733 0.8932407
0.3976608 -0.1582863 0.781673
0.2631579 -0.4554082 1.297074
0.2339181 -0.2672794 1.26785
0.2046784 -0.2325588 1.166832
0.3918129 -0.215653 0.8527005
0.245614 -0.01644252 0.7632357
0.245614 -0.1357859 0.9022664
0.4385965 -0.211303 0.8081446
0.3508772 -0.3149996 1.052614
0.251462 -0.2732702 1.123076
0.4093567 -0.1765726 0.814224
0.1578947 -0.4081468 1.847803
0.6432749 -0.112412 0.4910027
0.2865497 -0.08981073 0.6691394
0.3216374 -0.2311803 0.9502069
0.374269 -0.2131222 0.8700507
0.251462 -0.1877914 0.7969272
0.374269 -0.1108527 0.7591425
0.1812865 -0.2845044 1.256861
0.2748538 -0.4457306 1.26639
0.3040936 -0.2043498 0.9561972
0.3391813 -0.1645283 0.8688095
0.3157895 -0.2319468 0.9669721
0.2222222 -0.2491398 0.9501633
0.3216374 -0.1398142 0.7908231
0.245614 -0.3199524 1.2457
0.2748538 -0.2857457 1.197583
0.2982456 -0.1508794 0.871167
0.3508772 -0.2152956 0.9661409
0.3216374 -0.2704361 1.005387
0.380117 -0.1781218 0.806274
0.1929825 -0.09578104 0.5842235
0.245614 -0.234117 0.9527129
0.2982456 -0.02837744 0.5078564
0.2105263 -0.1822719 1.051472
0.6081871 -0.181292 0.650041
0.2397661 -0.2788236 1.093383
0.2046784 -0.8049403 1.822007
0.2046784 -0.1727688 1.15636
0.2397661 -0.5319793 1.399219
0.2690058 -0.1264387 0.9086345
0.2339181 -0.10204 0.826794
0.3333333 -0.1532685 0.7954055
0.2982456 -0.2054157 0.9851889
0.2105263 -0.09933821 0.9795399
0.5146199 -0.2808579 0.7803952
0.3625731 -0.1364085 0.800152
0.2807018 -0.1615142 0.9284604
0.251462 -0.09116763 0.7559159
0.2397661 -0.1490382 0.8649829
0.251462 0.1333504 0.4739726
0.4502924 -0.2951889 0.8443474
0.3099415 -0.2522641 1.007265
0.4853801 -0.08584247 0.5567873
0.3333333 -0.05486743 0.7917507
0.2397661 -0.2603259 1.204985
0.3567251 -0.1262711 0.7454517
0.2982456 -0.4575657 0.9364924
0.1988304 -0.1720026 1.017895
0.245614 -0.1141487 0.6293357
0.2573099 -0.1060897 0.6991365
0.3216374 -0.2593691 0.9898741
0.3274854 -0.2520021 0.9519875
0.1403509 -0.5463779 1.731323
0.4502924 0.03391472 0.4503491
0.2923977 -0.1724309 0.9291122
0.3625731 -0.2102247 0.9228666
0.2573099 -0.08987586 0.700165
0.3567251 -0.2679837 0.9826793
0.2690058 -0.01263507 0.5978033
0.3391813 -0.2711822 1.036226
0.251462 -0.4077714 1.367371
0.2631579 -0.2000075 0.9205309
0.3333333 -0.1353201 0.6825075
0.2573099 -0.3872377 1.219333
0.2163743 -0.2561692 1.277338
0.251462 -0.3080716 1.259434
0.2690058 -0.2645738 1.140227
0.4035088 -0.1047184 0.7095526
0.3216374 -0.07045566 0.71078
0.4152047 -0.3073285 0.8911181
0.3684211 -0.219943 0.8586359
0.2807018 -0.1428837 0.8756752
0.3625731 -0.2509691 0.9569619
0.3391813 -0.1644989 0.8600973
0.3040936 0.04252997 0.5855601
0.2222222 -0.1321253 1.106475
0.497076 -0.1918691 0.719205
0.2923977 -0.2797594 1.050946
0.4152047 -0.3029228 0.9277388
0.5263158 0.05052187 0.4794864
0.3450292 -0.2573075 0.9874958
0.3684211 -0.1637278 0.8331746
0.3450292 -0.2193303 0.7901633
0.4035088 -0.04804719 0.5428156
0.2865497 -0.1726476 0.9884388
0.5087719 -0.298277 0.7489141
0.4269006 -0.1736104 0.7727964
0.4619883 -0.259492 0.7655624
0.245614 -0.314943 1.214197
0.251462 0.09263018 0.104955
0.4269006 -0.01305628 0.5145355
0.3216374 -0.1546961 0.8905487
0.3508772 -0.3135165 1.014177
0.3274854 -0.2068892 0.941837
0.2982456 -0.2116946 1.007558
0.3157895 -0.2316786 0.980959
0.3450292 -0.1985437 0.8854048
0.2573099 -0.2386939 0.9043027
0.3508772 -0.2436538 0.9704205
0.3450292 -0.1754738 0.8368186
0.128655 0.0380476 0.9136354
0.5380117 0.002686478 0.4509476
0.251462 -0.1229975 0.2394133
0.4035088 -0.2095417 0.8233217
0.3040936 -0.3285859 1.142116
0.2105263 -0.601854 1.893394
0.3099415 -0.2079738 0.804648
0.3450292 -0.168066 0.7294965
0.4152047 -0.273394 0.8527346
0.3859649 -0.2922304 0.8960733
0.2748538 0.01256917 0.6533498
0.4619883 -0.3104588 0.8627641
0.5555556 -0.02115021 0.4359289
0.2807018 -0.1673996 0.9244707
0.2807018 -0.1537984 0.9051579
0.2046784 0.02740531 0.7875874
0.3333333 -0.3317376 0.8272867
0.2163743 -0.4557039 1.369526
0.3333333 -0.2018274 0.878539
0.5204678 -0.2472064 0.764447
0.4269006 -0.1547411 0.6556128
0.1988304 -0.5560523 1.528793
0.3684211 -0.1226316 0.6960026
0.3391813 -0.1857062 0.8535467
0.3040936 -0.1398693 0.8608039
0.3859649 -0.2306591 0.8548146
0.4444444 -0.1165252 0.6502507
0.3450292 -0.3208301 0.9363
0.1695906 -0.3886508 1.829238
0.3333333 -0.2033837 0.9546022
0.4444444 -0.2224188 0.8296773
0.2923977 -0.3049944 1.018681
0.3099415 -0.3067433 0.9503029
0.1871345 -0.3929861 1.48723
0.6140351 -0.2575649 0.7150539
0.3567251 -0.2186875 0.9274945
0.2046784 0.04417016 0.4475801
0.3099415 -0.1745018 0.9125536
0.3157895 -0.2131705 0.917514
0.5146199 -0.2431706 0.7401766
0.5789474 -0.2402855 0.7212475
0.2748538 -0.3094075 1.177383
0.2748538 -0.2466427 1.071202
0.4385965 -0.084372 0.6685888
0.2397661 -0.2581899 1.235586
0.5321637 -0.04722041 0.4914302
0.6315789 0.05266277 0.2928159
0.3157895 -0.1615577 0.8411131
0.497076 -0.2488117 0.7837386
0.245614 -0.1662135 0.7846598
0.2046784 -0.2490773 1.237985
0.2573099 -0.163438 0.9868923
0.2923977 -0.1499883 0.8428978
0.3274854 -0.43186 1.185567
0.3976608 -0.2136759 0.8697665
0.2222222 -0.05489308 0.6909689
0.1929825 -0.3733074 1.532489
0.2982456 -0.2129892 0.9464167
0.5964912 -0.1948863 0.676043
0.2982456 -0.2763319 1.08854
0.3216374 -0.3703734 1.11521
0.3450292 -0.1657923 0.7786751
0.4093567 -0.07163387 0.6712824
0.2982456 -0.1426042 0.8977247
0.245614 -0.5234836 1.532375
0.4210526 -0.1712186 0.7470535
0.374269 -0.327379 0.9736101
0.3508772 -0.01003039 0.5928587
0.4502924 -0.1589978 0.6995071
0.2046784 -0.2304005 1.353775
0.2046784 -0.9055621 1.73309
0.2222222 -0.3056677 1.10873
0.2163743 -0.07754433 0.9282342
0.1988304 -0.280752 1.034825
0.3976608 -0.09268732 0.7538573
0.2397661 -0.04448543 0.8660223
0.3508772 -0.1092787 0.7517141
0.4561404 -0.1327335 0.6840911
0.4269006 -0.09295121 0.6369567
0.3508772 0.002481086 0.5019541
0.2807018 -0.4464497 1.273879
0.2631579 -0.1289179 0.8107858
0.4035088 -0.1309686 0.7549481
0.2573099 -0.1108988 0.8198863
0.1988304 -0.1926672 1.119118
0.4210526 -0.2041636 0.8385158
0.5380117 -0.2188184 0.7038457
0.3274854 -0.2437046 0.9384069
0.3099415 -0.3147814 1.130628
0.4210526 -0.05605461 0.6169827
0.2807018 -0.2537228 1.106087
0.3625731 -0.2522736 0.9455225
0.3859649 0.1051538 0.4233214
0.4502924 -0.1464806 0.7108813
0.1871345 -0.072187 1.07335
0.2339181 -0.1163586 0.8227374
0.3976608 -0.1392409 0.7129985
0.7894737 0.7475549 -0.3037485
0.4853801 -0.1325021 0.6543334
0.245614 -0.3259367 1.331417
0.2807018 -0.2681833 1.093106
0.2807018 -0.1592761 0.9397228
0.3157895 -0.07091756 0.6552426
0.3216374 -0.2413618 0.9688514
0.3859649 -0.2234736 0.8094933
0.3274854 -0.186384 0.8122881
0.245614 -0.2434163 1.203969
0.2982456 -0.06163374 0.7034219
0.2222222 -0.2037607 0.874673
0.3216374 -0.1837906 0.8611509
0.3567251 -0.2138971 0.9191461
0.2748538 -0.1738326 1.04388
0.245614 -0.3481658 1.171211
0.245614 -0.2244865 1.164949
0.3625731 -0.3435121 1.036717
0.3391813 -0.2705561 0.9968292
0.3450292 -0.1403454 0.7017165
0.3333333 -0.3093049 1.065712
0.4444444 -0.27452 0.8406471
0.4035088 -0.21543 0.7523257
0.497076 -0.2577201 0.7827103
0.5730994 0.005324177 0.4636704
0.4385965 -0.008617425 0.5115545
0.5789474 -0.160488 0.6338344
0.2339181 -0.2993416 1.301949
0.3450292 -0.2522743 0.9717182
0.2923977 -0.2479632 1.076372
0.3976608 -0.1860596 0.7867501
0.5263158 -0.1824489 0.7330324
0.3040936 -0.3587915 1.235627
0.4502924 -0.1250254 0.6738958
0.3391813 -0.126329 0.7984221
0.4035088 -0.2587677 0.7773297
0.4678363 -0.1594155 0.718047
0.380117 -0.1792059 0.8021217
0.6549708 -0.1018144 0.4990184
0.2046784 -0.3609412 1.024825
0.1695906 -0.41119 1.420806
0.3274854 -0.1398195 0.7853157
0.251462 -0.08891674 0.7203542
0.3859649 -0.3418621 0.9793497
0.2923977 -0.1292839 0.6416433
0.2982456 -0.06330579 0.8011234
0.2982456 -0.1118948 0.6978304
0.4853801 -0.2884551 0.8421218
0.4035088 -0.2218681 0.8596
0.3099415 -0.2899704 1.039091
0.2865497 -0.1309024 0.7024703
0.4561404 -0.161661 0.7253654
0.2690058 0.06881943 0.5438989
0.3918129 -0.2988651 0.8172001
0.5730994 -0.2999316 0.7753261
0.3216374 -0.1319386 0.8517404
0.3508772 0.02029263 0.4823945
0.3274854 -0.1543486 0.8240434
0.1988304 -0.3386502 1.52926
0.4035088 -0.1161579 0.6888813
0.2573099 -0.2350496 1.119627
0.3099415 -0.2599055 1.039955
0.2222222 -0.414016 1.523789
0.3684211 -0.1862509 0.8828307
0.4853801 -0.1008478 0.6782306
0.3859649 -0.2284619 0.8854134
0.2339181 -0.395811 1.428646
0.2690058 -0.1127279 0.952107
0.2397661 -0.1941847 1.01708
0.3216374 -0.2452728 0.9785807
0.3508772 -0.2794235 0.9967845
0.2339181 -0.3007532 1.158052
0.2631579 -0.3201988 1.250509
0.4269006 -0.1758705 0.7747648
0.3216374 -0.3045016 1.055842
0.2631579 -0.1334603 0.9419692
0.245614 -0.3128073 1.250592
0.2046784 -0.2298002 1.21001
0.2982456 -0.2516577 1.039803
0.3333333 -0.2970354 0.9476438
0.3216374 -0.08506484 0.7512858
0.2397661 -0.04826038 0.3677345
0.2339181 -0.2492896 1.163382
0.2690058 -0.1723591 0.9922022
0.2280702 -0.154828 0.991831
0.2631579 -0.2778693 1.12011
0.3099415 -0.09982312 0.6211386
0.3508772 -0.2418324 0.9572425
0.2748538 -0.23965 1.050763
0.2105263 -0.1262233 0.9760246
0.3450292 0.05278277 0.4829521
0.374269 -0.1098253 0.7574344
0.3274854 -0.1198797 0.8493051
0.4152047 -0.2264595 0.8579425
0.2339181 -0.147728 0.8455262
0.4035088 -0.1511566 0.7571604
0.2046784 -0.1909914 1.211038
0.374269 -0.1535068 0.7487447
0.2690058 -0.1019416 0.8855047
0.3976608 -0.274942 0.880676
0.2046784 -0.0766229 0.9539636
0.3450292 -0.2134351 0.9087895
0.3976608 -0.1989998 0.8028262
0.2046784 -0.2213455 1.023346
0.2397661 -0.19556 0.9558652
0.4152047 -0.3496691 0.9504457
0.4912281 -0.2933104 0.8167348
0.2397661 -0.1731158 1.064204
0.4619883 -0.3191712 0.8588007
0.380117 -0.3395611 1.029459
0.3040936 -0.2498374 1.074999
0.3216374 -0.2916224 1.039309
0.3391813 -0.01760941 0.5315014
0.2105263 -0.1801544 0.9980434
0.2222222 -0.2096957 1.124806
0.3040936 -0.2913445 1.106683
0.2105263 0.08600707 0.6727532
0.3567251 -0.08484856 0.7003932
0.3157895 -0.3199151 0.9809221
0.6315789 -0.2078896 0.610195
0.3391813 -0.09279191 0.7054632
0.2865497 -0.3127055 1.095244
0.2807018 -0.2850427 1.050689
0.2690058 -0.05120426 0.6639075
0.3099415 -0.1823382 0.9260267
