0.4561404 -0.1899294 0.7229202
0.4210526 -0.1573007 0.7167674
0.2280702 -0.5412259 1.309067
0.2690058 -0.267634 0.9733228
0.3099415 -0.1597317 0.8918976
0.2982456 -0.3108733 0.8993658
0.4502924 -0.1923337 0.727487
0.2397661 -0.1571396 0.5880305
0.3976608 -0.2045789 0.8200697
0.2690058 -0.1546756 0.654075
0.2748538 0.003300318 0.6870395
0.4561404 -0.1097001 0.6231027
0.2865497 0.003451962 0.528199
0.3040936 -0.1318929 0.844559
0.2339181 -0.2394132 1.192479
0.3274854 -0.3205404 1.074483
0.4035088 -0.2397913 0.8700158
0.5146199 -0.2789433 0.7637643
0.5614035 -0.249039 0.7666713
0.3684211 -0.1624989 0.7869655
0.374269 -0.08043077 0.6866803
0.1754386 -0.1848533 1.232111
0.3450292 -0.17602 0.6132816
0.2573099 -0.2623829 1.152233
0.245614 -0.0605284 0.5181702
0.2923977 -0.184577 0.9919865
0.4853801 -0.1533447 0.6173295
0.5380117 -0.1581271 0.7017222
0.6491228 -0.6818421 1.06935
0.3333333 -0.1686143 0.8059893
0.3216374 -0.3199221 1.08745
0.3684211 -0.1612731 0.8202151
0.3216374 -0.1305542 0.6774837
0.3099415 -0.3167418 1.137987
0.3625731 -0.3952875 0.9803633
0.1169591 -0.1888002 1.268595
0.3157895 -0.3139476 1.063238
0.4853801 -0.1378424 0.6336764
0.380117 -0.1896886 0.8307764
0.2222222 -0.1959635 1.239181
0.4502924 -0.1613855 0.6862584
0.3684211 -0.2118673 0.88349
0.497076 -0.08491373 0.5746549
0.2807018 -0.2655224 1.088438
0.2631579 -0.1136883 0.7787128
0.4035088 -0.2347569 0.8716231
0.1754386 -0.03790297 1.058378
0.1578947 -0.1708473 -0.3637549
0.4678363 -0.1133652 0.632642
0.4385965 -0.05060567 0.616953
0.3859649 -0.1170628 0.6178479
0.4912281 -0.1927241 0.7852152
0.4327485 -0.1501873 0.6329654
0.3684211 -0.2823357 0.9636374
0.3976608 -0.2366646 0.8201429
0.4093567 -0.2465402 0.8618429
0.3684211 -0.1078645 0.7299166
0.2105263 0.01548892 0.5077321
0.5380117 -0.2528717 0.7246371
0.3508772 -0.1518336 0.8213972
0.3099415 -0.03129296 0.5490245
0.4385965 -0.316453 0.8777955
0.251462 -0.1756922 0.9924223
0.6549708 -0.2521106 0.7045398
0.3216374 -0.3309308 1.10454
0.4444444 -0.1482026 0.7757702
0.3567251 -0.1962628 0.8875069
0.5964912 -0.08650002 0.5426356
0.1871345 -0.1762587 0.8463607
0.3450292 -0.1846801 0.8648717
0.2865497 -0.1806516 0.9443812
0.2923977 -0.1633303 0.9330777
0.3040936 -0.1178748 0.7903677
0.4502924 0.03430161 0.5515044
0.6140351 -0.02573241 0.5197737
0.3625731 -0.1107375 0.7395671
0.5497076 -0.1632708 0.6552712
0.2280702 -0.1703196 1.047443
0.3099415 -0.2833101 1.070415
0.2397661 -0.1129327 0.7008814
0.4269006 -0.1833611 0.7763648
0.4327485 -0.320623 0.8838155
0.2280702 -0.1979538 1.269098
0.2222222 -0.2917266 1.14952
0.3918129 -0.2590541 0.9056225
0.3157895 -0.3247251 1.096948
0.2631579 0.006833521 0.7384288
0.1578947 -0.754348 2.007621
0.4152047 -0.2284257 0.8741548
0.2982456 -0.2383421 1.063338
0.2573099 -0.01112723 0.2575842
0.3333333 -0.27584 0.9862953
0.3216374 -0.09382222 0.7530312
0.2280702 -0.4153359 1.133333
0.3567251 -0.2131325 0.9287007
0.380117 -0.3548791 1.314414
0.5204678 -0.2724386 0.7694815
0.245614 -0.2766716 1.127826
0.4093567 -0.3109385 0.9292782
0.128655 -0.5097375 0.852993
0.1929825 -0.2420478 1.360614
0.1754386 0.01525085 -0.241087
0.4152047 -0.2269684 0.8386303
0.4912281 -0.1809801 0.6580708
0.3216374 -0.1717846 0.847633
0.5087719 -0.1400461 0.5920811
0.4561404 -0.1810328 0.7313621
0.3567251 -0.2916518 0.9758377
0.3391813 0.1078976 0.3162247
0.4093567 -0.1807754 0.8133342
0.3450292 -0.2341012 0.8651872
0.2631579 -0.3759149 1.103972
0.3567251 -0.1046085 0.6952648
0.3040936 -0.131537 0.8892967
0.1871345 -0.0907653 1.143141
0.4210526 -0.203319 0.832352
0.2631579 -0.2780838 1.117493
0.1929825 -0.4660968 1.611666
0.3450292 -0.2078297 0.8397626
0.2397661 -0.08790062 0.9891741
0.497076 -0.2043579 0.7056729
0.4327485 -0.2172226 0.7931814
0.5380117 -0.182082 0.6680623
0.2397661 -0.1630895 0.9590507
0.5263158 -0.1723944 0.6982417
0.4444444 -0.1848005 0.7041817
0.3391813 -0.2422595 0.9678171
0.3040936 -0.1938252 0.9384473
0.3099415 -0.1065589 0.7544912
0.2923977 0.01266797 0.5766626
0.3157895 -0.1498963 0.8473921
0.4093567 -0.167458 0.7516819
0.4269006 -0.1743064 0.7820612
0.4152047 -0.1939384 0.7075924
0.4269006 -0.1018607 0.6626584
0.5263158 -0.1597186 0.6544152
0.2280702 -0.09873376 0.9681336
0.245614 -0.160723 0.9878991
0.3625731 -0.237569 0.9417206
0.5438596 -0.1537337 0.5998021
0.7134503 0.4665593 0.03021485
0.3567251 -0.06982419 0.2438117
0.4736842 -0.2539154 0.7879313
0.4152047 -0.177983 0.7729102
0.4152047 -0.2216491 0.8268465
0.4444444 -0.02850933 0.5578466
0.4502924 -0.1992269 0.7952576
0.4912281 -0.08341459 0.6225939
0.4736842 -0.1815846 0.6630343
0.1988304 -0.3117275 1.430342
0.3567251 -0.3044265 1.013205
0.4795322 -0.1795043 0.7661796
0.5789474 -0.2427819 0.6925896
0.7777778 -0.2459978 0.6514023
0.5672515 -0.1310157 0.6151329
0.5146199 -0.2613027 0.8019353
0.4152047 -0.161247 0.7843779
0.5087719 -0.1874854 0.735713
0.3684211 -0.2782617 0.9587017
0.3274854 -0.2234155 0.9354427
0.4444444 -0.1246649 0.6931867
0.380117 -0.1320746 0.7826253
0.3918129 -0.1165231 0.7090937
0.5497076 0.09231861 -0.7239797
0.2748538 -0.09882881 0.7171134
0.4561404 -0.2510921 0.8720079
0.2573099 -0.3504307 1.326672
0.3333333 -0.2768891 1.018952
0.4093567 -0.3053656 0.9503283
0.4152047 -0.2008502 0.7285656
0.3859649 -0.3017926 0.8773614
0.2397661 -0.1491048 0.9706284
0.4210526 -0.1926562 0.7843615
0.4210526 -0.147799 0.7952276
0.2690058 -0.2499572 0.9782188
0.2748538 -0.1572908 0.9436693
0.3157895 -0.168807 0.8774367
0.3918129 -0.1859285 0.8397268
0.2923977 -0.02692409 0.7540926
0.3976608 -0.2112113 0.8181111
0.3508772 -0.1879904 0.8555147
0.2573099 -0.07220501 0.776081
0.5380117 -0.05277671 0.5526478
0.7251462 -0.2607528 0.6862426
0.3918129 -0.1279809 0.7776653
0.251462 -0.2286451 1.074672
0.2865497 -0.2435151 1.006466
0.251462 -0.198185 1.134127
0.2105263 -0.3818945 1.545174
0.2222222 -0.1822425 0.8359472
0.4152047 -0.2505093 0.8827361
0.3859649 0.05513183 0.5173649
0.6315789 -0.2969764 0.7532278
0.380117 -0.2457084 0.9213076
0.6549708 -0.2263434 0.7816477
0.4795322 -0.1336278 0.6616633
0.2222222 -0.1324746 1.061134
0.3099415 -0.2193262 0.9952818
0.2631579 -0.216831 1.066426
0.2690058 -0.2264922 0.9922529
0.2397661 -0.3933894 1.317332
0.2573099 -0.3763017 1.295281
0.2865497 -0.2588787 1.021808
0.2982456 -0.2744658 1.052821
0.2280702 -0.2251764 1.171059
0.1929825 -0.3834209 1.573194
0.245614 -0.3201097 1.275922
0.4093567 -0.2283043 0.8347748
0.3918129 -0.2018517 0.6738878
0.380117 -0.09730324 0.7020642
0.4035088 -0.1088396 0.6619629
0.3099415 -0.203746 0.9829004
0.3274854 -0.2146991 0.9780733
0.3508772 -0.1166604 0.7696566
0.374269 -0.2646686 0.9556977
0.2573099 -0.010331 0.7265032
0.4502924 -0.130781 0.6947655
0.380117 0.01994985 0.4904126
0.1871345 -0.1136771 1.040561
0.3040936 -0.1244525 0.653616
0.2105263 -0.1608334 0.8207698
0.5438596 -0.2491585 0.6902363
0.3157895 -0.3206881 1.073367
0.2573099 -0.04733854 0.7675589
0.2573099 -0.2679949 1.066841
0.2397661 -0.5647585 1.322698
0.3508772 -0.1806499 0.8651858
0.1988304 -0.3681572 1.410234
0.2163743 -0.1861572 1.038332
0.1403509 -0.6302543 2.183572
0.245614 -0.4076356 1.372376
0.2807018 -0.1319642 0.9898048
0.4327485 -0.3701412 0.8774225
0.2397661 -0.1364852 0.9288298
0.2573099 -0.2798818 1.085821
0.2339181 -0.06361582 0.8204539
0.3918129 -0.2521946 0.9349747
0.2865497 -0.206124 0.9153039
0.2339181 -0.09475273 0.9789817
0.251462 -0.4055458 1.192902
0.1988304 -0.156669 1.1272
0.3333333 -0.1810427 0.6917888
0.2163743 -0.1340728 0.9694774
0.5438596 -0.2211435 0.7195554
0.1988304 0.1009702 0.3786877
0.3099415 -0.07106779 0.6314209
0.245614 -0.2780063 1.06737
0.2163743 -0.3027725 0.9490679
0.1871345 0.04274477 0.672018
0.2573099 -0.1417036 0.6322754
0.2397661 -0.1266925 1.026156
0.2573099 -0.1384012 0.8957531
0.1988304 -0.2075571 1.249463
0.2339181 -0.069786 0.9158659
0.3333333 -0.2890032 1.002868
0.1988304 -0.009261008 0.6556175
0.122807 -0.8438658 1.33224
0.2631579 -0.3756499 1.202062
0.380117 -0.1509678 0.7523994
0.4152047 -0.1443425 0.7366637
0.251462 -0.08196419 0.5920952
0.3157895 -0.1215563 0.7427797
0.245614 -0.06450706 0.6223583
0.2163743 -0.1649659 1.148332
0.2923977 -0.2244093 1.054437
0.2923977 -0.1414841 0.7204858
0.2163743 -0.3498535 1.250913
0.245614 -0.165145 0.8691214
0.2690058 -0.1914224 0.874444
0.2573099 -0.5954039 1.224723
0.2923977 -0.2119392 0.9631172
0.1871345 -0.3232652 0.9202303
0.2631579 -0.3388277 1.300695
0.251462 -0.1468721 0.9885209
0.3567251 -0.2236833 0.9028758
0.2280702 0.04031132 0.2850396
0.1871345 -0.1059549 1.12618
0.2923977 -0.2122623 0.9682015
0.2573099 -0.3133011 1.059226
0.2690058 -0.2619922 0.998691
0.3508772 -0.1177286 0.7473607
0.3918129 -0.02163637 0.5064647
0.2573099 -0.08620772 0.8672464
0.502924 -0.2416818 0.787552
0.3625731 -0.146185 0.7234681
0.3684211 -0.1957305 0.8609785
0.3450292 -0.2216021 0.8534941
