0.5789474 -0.33388 0.8152539
0.4736842 -0.332937 0.9032826
0.2748538 -7.368932 36.27384
0.8011696 -7.594031 8.51981
0.4385965 -13.45226 37.81239
0.8888889 -7.05911 7.471258
0.9064327 -5.775441 6.207376
0.4210526 -0.3691247 0.9898495
0.8245614 -10.85025 3.076343
0.3567251 -0.4915785 1.358175
0.9356725 -1.001179 2.387402
0.8070175 -1.450271 1.836467
0.4035088 -0.3576776 1.050019
0.5146199 -0.4411998 1.35998
0.7309942 -6.004697 6.371318
0.8947368 -5.740665 6.161291
0.5964912 -0.3523779 0.9222046
0.6491228 -0.3441413 0.9058327
0.7426901 -1.184936 1.559337
0.5614035 -0.3588272 1.970821
0.3508772 -0.3750271 1.169152
0.3099415 -0.4339757 1.36541
0.3859649 -0.2040939 0.694324
0.4502924 -0.3543471 0.9362902
0.5964912 -0.3033569 0.843689
0.4327485 -0.2789416 0.9149438
0.3099415 -0.6767128 1.705755
0.2573099 -1.761632 3.408942
0.374269 -0.4661444 1.24492
0.6081871 -0.211399 0.7022711
0.3216374 -0.4619898 1.359975
0.625731 -0.2452194 0.7521795
0.3625731 -0.364821 1.135242
0.5380117 -0.4637242 0.9418163
0.619883 -0.7821002 1.75885
0.4385965 -0.3398482 0.9658946
0.380117 -0.4227112 1.196707
0.3859649 -0.2647333 0.9766359
0.6842105 -0.290881 0.8016577
0.3508772 -0.6290615 1.573329
0.5204678 -0.2948999 0.8270278
0.4502924 -0.7063303 1.543681
0.619883 -0.5791075 0.9906829
0.877193 -6.945137 7.379564
0.6374269 -1.881199 7.619284
0.6666667 -4.639998 4.999123
0.7953216 -8.34886 25.02639
0.5321637 -0.3014586 0.8424542
0.7953216 -0.2191766 0.6344313
0.6842105 -0.4445608 0.9867097
0.4385965 -0.3364253 0.9453601
