0.245614 -0.3783459 1.338038
0.2923977 -0.4053646 1.309508
0.5087719 -0.3948583 0.09898778
0.2865497 -0.3925743 1.182743
0.3333333 -0.3493903 1.124258
0.3684211 -0.1926527 0.891357
0.2690058 -0.2308817 1.07699
0.3157895 -0.3113821 1.0829
0.2339181 -0.6670271 1.667521
0.245614 -0.33281 1.302409
0.245614 -0.3088498 1.28339
0.251462 -0.4055619 1.405542
0.3976608 -0.3373096 1.009544
0.3625731 -0.3477939 1.036172
0.3625731 -0.2853887 0.9356264
0.3391813 -0.3649785 1.136722
0.3625731 -0.2742861 1.007841
0.3333333 -0.2414775 0.9524932
0.2339181 -0.4406165 1.422565
0.3040936 -0.2666577 0.8721987
0.374269 -0.3465955 1.031881
0.3040936 -0.4252639 1.246181
0.251462 -1.217799 1.367518
0.3333333 -0.4104771 1.177583
0.2982456 -0.4990308 1.349694
0.2105263 -0.6886417 1.896699
0.3567251 -0.1542617 0.8004144
0.3274854 -0.2255883 0.9497894
0.4210526 -0.2763976 0.9083978
0.4210526 -0.2580088 0.8606698
0.619883 -0.1693092 0.6619641
0.6081871 0.05261046 0.04568399
0.3333333 -0.4239512 1.054644
0.4210526 -0.2505673 0.9144066
0.2923977 -0.3319079 1.174169
0.245614 -0.2600941 1.038788
0.2923977 -0.1917726 1.006423
0.2631579 0.007138555 0.3530439
0.3216374 -0.2495379 1.009085
0.4152047 -0.1471 0.7389529
0.2865497 -0.1979669 1.01271
0.4152047 -0.2530788 0.8518962
0.380117 -0.2939587 0.9516954
0.2573099 -0.4641369 1.378251
0.4502924 -0.2449114 0.8323266
0.2631579 -0.6137473 1.408641
0.2690058 -0.1711973 1.012902
0.1988304 -0.3723268 1.563371
0.3099415 -0.1419563 0.8095385
0.2807018 -0.2467157 1.136057
0.3157895 -0.3043738 1.096378
0.2631579 -0.3120403 1.196394
0.1929825 -0.1328457 1.265127
0.3274854 -0.2047683 0.9590886
0.497076 -0.296809 0.8493963
0.4210526 -0.3213366 0.9400508
0.3450292 -0.2988722 1.006093
0.3099415 -0.2563092 1.0655
0.3684211 -0.2669729 0.9869979
0.3625731 -0.2964632 0.7764314
0.245614 -0.6461525 1.54476
0.4502924 -0.1700529 0.7259832
0.4210526 -0.2898311 0.9024125
0.3450292 -0.288819 1.031174
0.2397661 -0.06817568 0.8461997
0.2865497 -0.4147091 1.363974
0.3567251 -0.2864673 0.9033661
0.3508772 -0.3007868 1.016092
0.3508772 -0.4025656 1.172013
0.2865497 -0.2050413 1.022324
0.245614 -0.3547325 1.317921
0.5730994 -0.4393076 0.8817721
0.251462 -0.3595931 1.268586
0.3918129 -0.1416176 0.7453725
0.4853801 -0.3940803 0.9071218
0.3099415 -0.3120582 1.354772
0.3157895 -0.2713426 1.029373
0.2631579 -0.21029 1.047476
0.3333333 -0.247027 0.9533966
0.2748538 -0.3121469 1.239477
0.4327485 -0.2111885 0.8373829
0.5380117 -0.2557046 0.7526437
0.3684211 -0.213983 0.9355726
0.4561404 -0.3188716 0.8776151
0.3625731 -0.3498672 1.047399
0.3567251 -0.3052251 1.042755
0.374269 -0.3757746 0.9600082
0.3157895 -0.4055958 1.23667
0.380117 -0.3184394 0.9824094
0.2573099 -0.3478047 1.222125
0.380117 -0.2735019 0.8797499
0.4912281 -0.3261997 0.8373883
0.3099415 -0.3687281 1.19889
0.3684211 -0.2688802 0.9403798
0.3508772 -0.324829 1.023935
0.3099415 -0.3505907 1.174541
0.4210526 -0.2856023 0.9361307
0.4152047 -0.3243242 0.9527649
0.374269 -0.2974639 0.9763888
0.4444444 -0.2487766 0.7628634
0.3859649 -0.2925145 0.9719481
0.4619883 -0.2603585 0.781296
0.5087719 -0.2393129 0.8116203
0.2631579 -0.2450757 1.096233
0.2923977 -0.2136185 1.010792
0.3625731 -0.1830385 0.8098723
0.2807018 -0.4462563 1.323228
0.3450292 -0.2160207 1.601979
0.5380117 -0.2004837 0.6816061
0.4269006 -0.2164522 0.3529408
0.2923977 -0.1355137 0.9233733
0.2339181 -0.523998 1.528352
0.2690058 -0.5542435 1.436531
0.5789474 -0.2771318 0.7919693
0.2105263 -0.9106524 2.216772
0.3567251 -0.1948431 0.8261077
0.497076 -0.3338969 0.8169178
0.3274854 -0.2974986 1.076705
0.2397661 -0.3657712 1.409454
0.3274854 -0.1619049 0.7826436
0.3625731 -0.1451776 0.7794512
0.3625731 -0.2081535 0.8998553
0.3567251 -0.2364442 0.8922087
0.2748538 -0.2810954 1.149646
0.2105263 -0.4935173 1.682118
0.3216374 -0.3213432 1.006135
0.1871345 -0.1181709 1.124355
0.1988304 -0.4194778 1.64839
0.2397661 -0.164067 0.9579972
0.2690058 -0.5865916 1.334375
0.1812865 -0.1347946 1.11011
0.3099415 -0.240803 1.064712
0.3157895 -0.2491128 1.065918
0.3508772 -0.2698448 0.9796269
0.1929825 -0.2338399 1.26377
