0.4210526 -0.227228 0.8773067
0.5438596 -0.203353 0.7293224
0.1169591 -0.35519 1.863439
0.6491228 0.3566191 0.09980291
0.2163743 -0.3269907 1.37587
0.245614 -0.1630921 1.058412
0.3567251 -0.213827 0.9325351
0.5555556 -0.2197398 0.6885125
0.4561404 -0.2389199 0.8182213
0.5906433 -0.09566728 0.5695561
0.4561404 -0.1311193 0.689478
0.7251462 0.5165526 -0.1079418
0.3918129 -0.1373864 0.7524277
0.1871345 -0.1759371 1.242726
0.4853801 -0.2092613 0.75719
0.5204678 -0.1790162 0.7086474
0.2865497 -0.08725206 0.8840846
0.3859649 -0.180236 0.8282712
0.374269 -0.1667421 0.8003018
0.5789474 -0.04102417 0.5299652
0.4035088 -0.1489432 0.7465146
0.3450292 -0.1735161 0.8912459
0.2046784 -0.1250772 1.134863
0.1929825 0.04857557 0.900935
0.5789474 -0.09977706 0.6477584
0.3918129 -0.1771898 0.8223485
0.3976608 0.1435975 0.2913744
0.5204678 -0.1549365 0.6879717
0.3859649 -0.09855486 0.7276731
0.3976608 -0.1361111 0.7432406
0.3684211 -0.1407761 0.7814673
0.4210526 -0.2045661 0.8294889
0.3157895 -0.07148241 0.6569136
0.2573099 -0.1790796 1.146343
0.4210526 -0.1379703 0.6928286
0.3450292 -0.05348604 0.7431854
0.2690058 -0.1137369 0.9219695
0.5146199 -0.1908294 0.6831314
0.4502924 -0.1665251 0.7398359
0.748538 -0.04618685 0.4351673
0.5438596 -0.1794784 0.6692299
0.5146199 -0.1735794 0.3103935
0.3684211 -0.1135594 0.7438646
0.1754386 -0.2498958 1.543993
0.2046784 -0.1443143 1.264408
0.3976608 -0.1866946 0.8218712
0.4619883 -0.2518822 0.8638397
0.3918129 -0.2156829 0.8742939
0.5263158 -0.1991324 0.6805129
0.4385965 -0.05748857 0.5419445
0.4736842 -0.04116164 0.5933771
0.2982456 -0.1941184 1.006814
0.1169591 0.1025998 0.9766674
0.2397661 -0.1606734 1.099101
0.3684211 -0.2768258 1.296625
0.625731 -0.2973523 0.7617607
0.5204678 -0.1713203 0.7432991
0.374269 -0.2484463 0.9306495
0.2865497 -0.1180002 0.9201891
0.4502924 -0.2378406 0.8033733
0.1929825 -0.2603091 1.488266
0.4795322 -0.1784292 0.6869961
0.2573099 -0.1278093 1.004464
0.6725146 -0.3078418 0.717448
0.3567251 -0.1952714 0.9197291
0.5321637 -0.191396 0.6567504
0.6315789 -0.1625816 0.5873639
0.4269006 -0.1811138 0.8056393
0.3918129 -0.1592844 0.7501085
0.6023392 -0.1600625 0.6301891
0.502924 -0.2433821 0.7517976
0.625731 -0.06676945 0.5014614
0.7602339 -0.2178672 0.6312853
0.7134503 0.008556444 0.5094717
0.8011696 -0.1363955 0.5044977
0.3216374 -0.261932 1.066589
0.374269 -0.02294831 0.6347059
0.2631579 -0.1885755 1.040938
0.7017544 -0.02990835 0.4503352
0.4444444 -0.1874805 0.7879502
0.3157895 -0.08720408 0.8088422
0.6842105 -0.04686327 0.5041236
0.3216374 -0.1177668 0.8401728
0.5789474 -0.2512454 0.7453154
0.5672515 0.01054619 0.5133281
0.6900585 0.2091808 0.2467029
0.3333333 -0.1556896 0.8596587
0.5964912 -0.03750597 0.4790424
0.3099415 -0.1846367 0.910529
0.4795322 -0.2174149 0.768415
0.6608187 -0.2297699 0.6703501
0.6783626 -0.2368649 0.6575839
0.5087719 -0.09878908 0.5827182
0.2397661 -0.1302418 0.1963056
0.4385965 -0.1750505 0.7025173
0.6549708 -0.05851204 0.5322951
0.4444444 -0.004683946 0.5093915
0.3391813 -0.3183443 1.069247
0.3567251 -0.04870757 0.6837524
0.5087719 -0.1840063 0.7026751
0.5672515 -0.292327 0.7588151
0.4093567 -0.2053422 0.8210754
0.5730994 -0.1236796 0.5694494
0.5555556 -0.1725434 0.6490751
0.5438596 -0.1347287 0.6534618
0.5204678 -0.2412724 0.7582774
0.5730994 -0.2589568 0.7285389
0.4502924 -0.2697613 0.9101271
0.4093567 -0.1475348 0.7647421
0.5672515 -0.2246659 0.6797691
0.6959064 -0.1106805 0.5588361
0.4912281 -0.06831953 0.5948487
0.5964912 0.2013346 0.171934
0.502924 -0.1066648 0.6133523
0.4678363 -0.1972144 0.7623187
0.5087719 -0.06502942 0.6018581
0.5438596 -0.4109589 0.8512061
0.4269006 -0.2332941 0.8386541
0.4736842 -0.2911061 0.8534481
0.6491228 -0.1550744 0.5988853
0.754386 -0.03116713 0.4374417
0.3333333 -0.1165501 0.9022314
0.7192982 -0.1297345 0.5478488
0.4912281 -0.1555731 0.6688699
0.7309942 0.2302584 0.1441241
0.5672515 -0.3223506 0.8008381
0.625731 0.291179 0.1654957
0.5146199 -0.1641736 0.6766834
0.3450292 -0.1081803 0.7807719
0.374269 -0.1584509 0.8720504
0.5438596 -0.1094676 0.6202052
0.3625731 -0.2383469 0.9445239
0.5672515 -0.1826247 0.6642815
0.2339181 -0.2676908 1.351783
0.5789474 -0.04835862 0.5412437
0.4035088 -0.1001074 0.7387519
0.5146199 -0.1112657 0.6648769
0.4912281 -0.2301579 0.8110129
0.2748538 -0.181687 1.017021
0.3099415 -0.1972071 0.973912
0.4502924 0.005927224 0.5651157
0.7602339 -0.3053664 0.7173125
0.7076023 -0.2783374 0.689285
0.4269006 -0.2916337 0.8908059
0.2865497 -0.2259298 1.086697
0.5321637 -0.1162769 0.6052966
0.7076023 0.03431369 0.3654623
0.3099415 -0.1414695 0.8763294
0.3625731 0.01601992 0.5499979
0.5438596 -0.1726401 0.6568905
0.5847953 -0.1594704 0.6134091
0.374269 -0.1830218 0.8699317
0.1871345 -0.3745683 1.669604
0.5497076 -0.1805888 0.7072849
0.251462 -0.1284393 1.004401
0.3216374 -0.2057966 1.011551
0.4269006 -0.08513152 0.6032733
0.7426901 -0.1327087 0.5234978
0.3859649 -0.1150866 0.7346781
0.4210526 -0.09137548 0.7070309
0.3157895 -0.1896974 0.9325856
0.5789474 -0.312495 0.8051027
0.3567251 -0.1266484 0.7981666
0.3040936 -0.04899118 0.7379312
0.4444444 -0.1817877 0.7734723
0.3040936 -0.07140423 0.7194343
0.2690058 -0.1463479 0.9607047
0.4678363 -0.1153559 0.6156807
0.3391813 -0.09300273 0.6646302
0.2690058 -0.187215 1.054739
0.251462 -0.2366377 1.180433
0.4912281 -0.08965937 0.6838537
0.5087719 -0.1039477 0.5488516
0.5321637 -0.1731654 0.7053276
0.3216374 -0.1243515 0.8230857
0.2690058 -0.2882714 1.038104
0.2631579 -0.1495987 1.032247
0.380117 -0.1955323 0.8893181
0.4444444 -0.2494667 0.8311826
0.6491228 -0.0602698 0.4700393
0.6432749 -0.3633586 0.7844856
0.2923977 -0.1358651 0.9295567
0.4912281 -0.01124723 0.5456617
0.4678363 -0.1859224 0.7458291
0.4853801 -0.1953149 0.7230744
0.3450292 -0.1867966 0.9123009
0.4152047 -0.07292371 0.5933995
0.3508772 -0.09690867 0.7261937
0.625731 0.04715769 0.406234
0.4678363 -0.1435386 0.688498
0.3567251 -0.2486556 0.9555309
0.6783626 -0.1934334 0.648194
0.6081871 -0.02692771 0.447135
0.497076 -0.2401739 0.7073434
0.2573099 -0.3050889 1.27541
0.3391813 -0.1010094 0.7797516
0.6432749 -0.2357117 0.7050698
0.6783626 -0.02159143 0.4622058
0.5730994 -0.07624881 0.506997
0.748538 -0.09790538 0.5619464
0.7076023 -0.1540809 0.5780101
0.619883 -0.1776862 0.6680413
0.6959064 -0.1924421 0.6155615
0.4035088 -0.00177163 0.5120165
0.380117 -0.1157231 0.77542
0.5555556 -0.2325587 0.7759019
0.6666667 0.5242891 -0.06733786
0.4327485 -0.2430261 0.8559717
0.5204678 -0.1000529 0.6300661
0.5263158 -0.2265537 0.7197537
0.4795322 -0.2222123 0.7864131
0.5087719 -0.1230488 0.6241051
0.6315789 -0.09986663 0.5544571
0.1929825 -0.5340845 1.675192
0.2163743 -0.3692726 1.496513
0.502924 -0.2090443 0.7733522
0.5964912 -0.1279602 0.6089517
0.5087719 -0.1493658 0.6818283
0.4035088 -0.2519076 0.8560974
0.5380117 -0.2046546 0.7054914
0.3918129 0.06661905 0.544731
0.4152047 -0.08621955 0.6995405
0.2865497 -0.2161285 1.061783
0.3450292 -0.1362566 0.8170222
0.4678363 -0.1229578 0.7343743
0.4736842 -0.06534199 0.582569
0.6725146 -0.1745141 0.6189097
0.245614 -0.1039843 0.962298
0.5087719 -0.1684905 0.6787208
0.6725146 -0.1303575 0.5629571
0.5789474 -0.27636 0.7489905
0.4678363 -0.2679381 0.86605
0.3918129 -0.2446926 0.9241555
0.3450292 -0.1694373 0.8796837
0.3040936 -0.2694501 1.084305
0.2397661 -0.09239611 1.083242
0.2222222 -0.09875615 1.121371
0.2748538 -0.0762092 0.9327084
0.5263158 -0.1096795 0.6579962
0.4736842 0.0182601 0.5302631
0.4853801 -0.2256286 0.7857064
0.5964912 0.2726012 0.2397897
0.1637427 0.0268799 1.002278
0.4619883 -0.1944189 0.7546236
0.6081871 0.08215601 0.3430111
0.6140351 -0.1888346 0.6528434
0.3391813 0.09669856 0.5762991
0.6374269 -0.1199676 0.58469
0.4093567 -0.07096338 0.6030226
0.5380117 -0.06386489 0.5603976
0.6023392 -0.3060723 0.7692008
0.5672515 -0.08736806 0.5907489
0.4385965 -0.1639525 0.7249337
0.2339181 -0.1960549 1.185549
0.3216374 -0.1945217 0.9759462
0.5204678 -0.1146248 0.6676827
0.4210526 -0.1842078 0.8202249
