0.3684211 -0.1689882 0.8830481
0.3450292 -0.08860353 0.7164399
0.380117 -0.1656388 0.7779154
0.5906433 -0.2278201 0.7182678
0.7309942 -0.4538276 0.8319152
0.4502924 -0.1425811 0.7099446
0.4444444 -0.3281128 0.8742351
0.4502924 -0.2106952 0.8208899
0.3976608 -0.2882546 0.9090782
0.6783626 -0.2898313 0.7229047
0.497076 -0.09770283 0.5853421
0.3391813 -0.2538438 0.8728618
0.3333333 -0.08018479 0.6134631
0.5789474 -0.2116639 0.7157537
0.497076 -0.2119831 1.003322
0.3508772 -0.09461903 0.6773938
0.4853801 -0.0604867 0.5099369
0.7192982 0.3696855 0.1438845
0.5906433 -0.2396311 0.7227272
0.871345 -9.478039 9.981191
0.5614035 0.237842 0.3897286
0.3040936 -0.2623307 1.020653
0.3274854 -0.2891373 1.019939
0.2748538 -0.3293014 1.247768
0.4385965 -0.1873122 0.8106704
0.3333333 -0.2551948 1.043406
0.502924 -0.3527118 0.8676646
0.4210526 -0.2659541 0.8781819
0.4327485 -0.2950682 0.9227843
0.3684211 -0.2713844 0.9595157
0.502924 -0.2775635 0.784766
0.4210526 -0.2721238 0.8807901
0.380117 -0.1945305 0.8442736
0.4444444 -0.1943408 0.772936
0.4502924 -0.1961439 0.8078134
0.4444444 -0.1621277 0.6931823
0.4795322 -0.3135015 0.8673864
0.3508772 -0.2410653 0.9571617
0.5555556 -0.213805 0.7382487
0.6140351 -0.279274 0.7366756
0.5964912 -0.1240558 0.5253566
0.5497076 -0.3317058 0.829751
0.619883 -0.07865353 0.4976041
0.5380117 -0.1946511 0.6871485
0.4678363 -0.1976995 0.7818559
0.5497076 -0.1983651 0.7196948
0.3859649 -0.003385077 0.5571718
0.251462 -0.2041155 1.079624
0.4795322 -0.1620643 0.7056847
0.4444444 -0.2146748 0.7627574
0.4795322 -0.2820265 0.8206979
0.5146199 -0.1828069 0.7111597
0.374269 -0.2007702 0.7480768
0.4736842 -0.2741551 0.8108289
0.6315789 -0.2001867 0.6781751
0.4502924 -0.1298342 0.6750371
0.4853801 -0.1611323 0.7038091
0.3567251 -0.2136237 0.8886153
0.6081871 -0.2808171 0.7371831
0.6081871 -0.2938964 0.7397445
0.8128655 0.2209895 0.1511212
0.4912281 -0.1564292 0.6718205
0.4619883 -0.2550273 0.8531537
0.380117 -0.2708052 0.9366291
0.380117 -0.3224204 0.9427074
0.625731 -0.2181676 0.7378798
0.502924 -0.314992 0.8534513
0.3625731 -0.2781885 0.9753702
0.1988304 -0.1270655 0.8542587
0.6023392 -0.2539506 0.7221786
0.5964912 -0.2586789 0.7325591
0.5087719 -0.2697106 0.7616421
0.4678363 -0.2298418 0.7334865
0.6608187 -0.4522644 0.8366231
0.4853801 -0.1641294 0.7125497
0.6491228 -0.0833348 0.5050803
0.3625731 -0.3307067 0.9864468
0.7602339 -0.2706894 0.6808295
0.4385965 -0.2826007 0.8646318
0.2339181 -0.1812895 0.9880146
0.2923977 -0.2893334 1.109482
0.5087719 -0.1559193 0.5727051
0.4736842 -0.01874367 0.4499098
0.245614 -0.257849 0.9425356
0.3508772 -0.3789248 1.016072
0.4678363 -0.08109739 0.5936292
0.2807018 -0.09170611 0.6258296
0.3450292 -0.3210473 1.03089
0.2748538 -0.2780388 1.122409
0.4795322 -0.2193822 0.7759329
0.4269006 -0.08732615 0.6687331
0.2982456 -0.2449236 1.072426
0.502924 -0.2216281 0.7678388
0.4327485 -0.1892207 0.691702
0.6315789 -0.3699382 0.8206591
0.2690058 -0.3386627 1.217936
0.4561404 -0.01559903 0.438714
0.5555556 -0.2863817 0.7910731
0.3508772 -0.1418164 0.7804746
0.3333333 -0.2536453 0.9230903
0.4444444 -0.2098806 0.7051304
0.4502924 -0.2670314 0.806287
0.4444444 -0.3023834 0.8682331
0.3333333 -0.2392779 0.9684156
0.5497076 -0.3012993 0.8113765
0.3450292 -0.2287811 0.9635913
0.2982456 -0.2658815 1.066
0.6783626 -0.2874159 0.772331
0.4502924 -0.3134169 0.8680518
0.3918129 -0.01242559 0.4528047
0.380117 -0.2999786 0.9125687
0.6432749 -0.05104659 0.529619
0.7076023 -0.2176471 0.6706213
0.6432749 -0.3034655 0.7419188
0.8011696 -0.3298862 0.7711605
0.4269006 -0.4501497 0.8578339
0.502924 -0.02302882 0.458594
0.7017544 -0.2516727 0.728541
0.4444444 -0.2825257 0.8896036
0.3216374 -0.1887465 0.8022427
0.5964912 -0.3384699 0.7494314
0.3157895 -0.008973512 0.2797122
0.4502924 -0.2372113 0.7818481
0.4152047 -0.1766224 0.7802634
0.3040936 -0.2534916 1.022853
0.3859649 -0.2319564 0.9107503
0.4210526 -0.2065409 0.79608
0.2280702 -0.2081787 1.22093
0.4385965 -0.2486158 0.814902
0.2923977 -0.2068098 0.8676614
0.4678363 -0.2217528 0.7215912
0.5146199 -0.1426338 0.6379346
0.5672515 -0.2875801 0.741632
0.3567251 -0.1566569 0.8662061
0.3216374 -0.1811722 0.8609053
0.3391813 -0.2644129 1.012515
0.4736842 -0.2874968 0.8246782
0.5380117 -0.1529158 0.6479839
0.3333333 -0.3523808 1.108373
0.5087719 -0.1905916 0.7232189
0.6666667 -0.1431749 0.6137694
0.3976608 -0.3456401 0.9870107
0.3918129 0.08044184 0.4537449
0.2222222 -0.3355225 1.407915
0.4327485 -0.2035922 0.8119195
0.2748538 -0.304694 1.24066
0.5497076 -0.153371 0.6729405
0.3040936 -0.2815948 1.035958
0.4444444 -0.05722451 0.5604923
0.6432749 -0.3027668 0.7350936
0.2923977 -0.3095156 1.157723
0.6023392 -0.260691 0.7265084
0.3625731 -0.1904528 0.8875064
0.2163743 0.04530974 0.74946
0.2807018 -0.2100602 1.059961
0.9064327 -5.336739 5.761587
0.5087719 -0.1827872 0.6781884
0.4444444 -0.163076 0.7439756
0.4619883 -0.2431365 0.820403
0.4561404 -0.1378563 0.7194318
0.5614035 -0.2360141 0.7525917
0.380117 -0.2566761 0.9228405
0.374269 -0.1135387 0.7804689
0.5380117 -0.2168036 0.7378062
0.2163743 -0.1768604 1.167359
0.2923977 -0.3823453 1.288877
0.3040936 -0.3614484 1.154641
0.6608187 -0.2120021 0.6887664
0.2865497 -0.1862407 0.9996975
0.3859649 -0.2202732 0.8086053
0.625731 -0.2441185 0.705746
0.3508772 -0.1379657 0.7901142
0.374269 -0.1535395 0.8340068
0.3859649 -0.05729746 0.5328273
0.2923977 -0.06206284 0.7239727
0.4795322 -0.1084937 0.6537424
0.3040936 0.1930611 1.019742
0.5614035 -0.08412099 0.542732
0.2865497 -0.1808475 0.8833372
0.2923977 -0.2040871 0.901762
0.4736842 -0.256753 0.8112223
0.3625731 -0.2739253 0.9271788
0.4210526 -0.1911941 0.8013073
0.4444444 -0.2027178 0.7304309
0.3684211 -0.2649863 0.9402788
0.5146199 -0.2796727 0.7673275
0.2865497 -0.1924128 0.9036259
0.374269 -0.1629502 0.794487
0.5087719 -0.1707899 0.7075431
0.4619883 -0.3119075 0.8666328
0.3216374 -0.2413952 1.00588
0.3216374 -0.2581468 1.055198
0.3040936 -0.283969 1.118932
0.3859649 -0.2692055 0.91354
0.3274854 -0.383725 1.159503
0.3508772 -0.3472533 1.089627
0.4853801 -0.287422 0.7941445
