0.2865497 -0.2544531 1.093729
0.3099415 -0.2786518 1.123206
0.2105263 -0.5523858 1.302514
0.3099415 -0.1199341 0.8835399
0.2690058 -0.06065016 0.6416289
0.4152047 -0.2754361 0.8933882
0.3157895 -0.1259191 0.7096564
0.2339181 -0.2469125 1.234901
0.5380117 -0.1087357 0.6131991
0.2807018 -0.1386433 0.8948601
0.5438596 -0.200943 0.7174122
0.2807018 -0.3950534 1.231911
0.3333333 -0.1195216 0.8452408
0.2163743 -0.152211 1.099854
0.5263158 -0.1133827 0.5558819
0.4327485 -0.2686972 0.8317151
0.4152047 -0.2583177 0.839393
0.4327485 -0.2897563 0.8849219
0.2807018 -0.2074001 1.023428
0.4210526 -0.1166888 0.6996286
0.3508772 -0.2170343 0.967244
0.3859649 -0.1938397 0.8200729
0.2163743 -0.07095055 0.6906689
0.3099415 -0.1572079 0.6586293
0.2982456 -0.2606442 1.052063
0.2046784 -0.1919778 1.133475
0.3099415 -0.2188459 0.9820183
0.2339181 -0.09682341 0.9713942
0.2807018 -0.2225057 1.080698
0.2690058 -0.1837431 0.9472597
0.3157895 -0.204264 0.9639636
0.2339181 -0.06169365 0.6154107
0.1929825 -0.03099517 0.7813246
0.2748538 -0.04402162 0.4108495
0.3157895 -0.1342643 0.7544197
0.4561404 -0.147349 0.6586633
0.3567251 -0.1701948 0.7968249
0.4444444 -0.1500078 0.6494405
0.4269006 -0.29169 0.9032791
0.3099415 -0.1063009 0.7451132
0.4736842 -0.1459396 0.6829373
0.4619883 -0.1639343 0.7454587
0.2748538 -0.3734609 1.220079
0.245614 -0.2194685 1.057806
0.3216374 -0.270529 1.042348
0.2923977 -0.2280767 1.023446
0.2631579 -0.3290067 1.123172
0.497076 -0.1841499 0.6728863
0.3216374 -0.05372813 0.6624588
0.3216374 -0.2580637 0.8642716
0.3625731 -0.2148744 0.8753938
0.3625731 -0.1650839 0.7807705
0.2748538 -0.2886105 1.17188
0.497076 -0.05327123 0.5545058
0.5438596 -0.2500976 0.7429097
0.2573099 -0.7963877 1.467869
0.2690058 -0.177372 0.9830434
0.4853801 -0.0964027 0.6308218
0.4502924 -0.2667459 0.8368938
0.5730994 -0.3238365 0.7952873
0.1345029 -0.2840376 1.516282
0.251462 -0.5795312 1.474333
0.2397661 -0.2569208 1.099337
0.2631579 -0.02956233 0.619965
0.380117 -0.180044 0.7652419
0.2339181 -0.1512883 0.9822059
0.2163743 -0.3277824 1.428568
0.3508772 -0.1711083 0.8659656
0.3684211 -0.2014727 0.8480762
0.4561404 -0.1557334 0.7358215
0.3625731 -0.2193619 0.8822351
0.3567251 -0.3056969 0.9864299
0.3625731 -0.09876943 0.760791
0.4210526 -0.1223307 0.7050007
0.2923977 -0.008160868 0.5446237
0.3976608 -0.1777184 0.7319505
0.3274854 -0.1564886 0.8292717
0.3450292 -0.1572279 0.8208965
0.4035088 -0.2224415 0.8184403
0.2690058 -0.2973377 1.194916
0.2397661 -0.2729744 1.298252
0.3684211 -0.1617333 0.7424938
0.1988304 -0.06879312 0.9623025
0.3391813 -0.3222229 1.061043
0.4327485 -0.2671016 0.861522
0.5380117 -0.01894022 0.5166094
0.2865497 -0.4003454 1.234143
0.2807018 -0.3195454 1.202482
0.502924 -0.1887383 0.732053
0.2807018 -0.2092731 0.9956252
0.3625731 -0.1020248 0.7342295
0.4444444 -0.05050893 0.5922592
0.2397661 -0.1940799 0.7297546
0.4093567 -0.0348436 0.5636264
0.2982456 -0.07707775 0.8210059
0.1871345 -0.1282044 0.9522081
0.3567251 -0.3329604 0.9667147
0.3450292 -0.2335638 0.9375411
0.5263158 -0.3724833 0.8559115
0.3684211 -0.09919118 0.7265249
0.2397661 -0.403826 1.452412
0.3684211 -0.2038441 0.8420646
0.3216374 -0.3573643 1.205186
0.5263158 -0.2344848 0.7216139
0.2573099 -0.01799651 0.6625073
0.5555556 -0.1585209 0.7044121
0.4678363 -0.130319 0.6490767
0.6140351 -0.3198076 0.767982
0.4561404 -0.1378764 0.625488
0.502924 -0.1370279 0.6706612
0.5263158 -0.2306065 0.6842818
0.2339181 -0.2441587 1.19186
0.2046784 -0.440399 1.557319
0.1871345 -0.1243209 0.8609396
0.2163743 -0.3308623 1.451512
0.2865497 -0.1929656 0.909024
0.4502924 -0.2495885 0.8215884
0.2397661 -0.1969444 0.9586449
0.4152047 -0.3019758 0.8967441
0.4678363 -0.1205933 0.6215759
0.3859649 -0.2440322 0.9192466
0.4619883 -0.1881666 0.757523
0.3333333 -0.1211265 0.7380015
0.3099415 -0.09615562 0.6792209
0.3216374 -0.009999049 0.6150606
0.4152047 -0.1615879 0.7789153
0.2748538 -0.1319377 0.3495247
0.2807018 -0.2726707 1.181316
0.2573099 -0.07027613 0.7523868
0.2573099 -0.4335176 1.185994
0.3157895 -0.02636065 0.6674011
0.2631579 -0.236019 1.07839
0.4269006 -0.1157515 0.7374026
0.3040936 -0.4112203 1.121464
0.2046784 -0.06092991 0.9213347
0.3040936 -0.425275 1.134327
0.4795322 -0.2765357 0.8486787
0.3918129 -0.1638198 0.7775768
0.6081871 -0.112965 0.588975
0.5730994 -0.4720479 0.8762667
0.4736842 -0.2152901 0.79527
0.4853801 -0.2563257 0.8182118
0.380117 -0.2133761 0.9194167
0.4152047 -0.04625959 0.555436
0.3216374 -0.2801412 1.043685
0.245614 -0.2845743 1.118934
0.4269006 -0.09781704 0.631572
0.3216374 -0.1313305 0.6224601
0.3274854 -0.207572 0.9644743
0.380117 -0.1101464 0.6593446
0.2046784 -0.5391539 1.48888
0.1695906 -0.1310989 1.188929
0.3216374 -0.2282999 0.9525544
0.374269 -0.09348975 0.6707348
0.2923977 -0.1704313 1.024947
0.374269 -0.1920944 0.8325959
0.2397661 -0.1785534 0.9868041
0.2163743 -0.2490799 0.8745735
0.4093567 -0.1844498 0.7725628
0.2105263 -0.1399947 0.7837501
0.4561404 -0.08814244 0.6065323
0.1871345 -0.0913718 1.178803
0.251462 -0.1356319 0.9313808
0.4678363 -0.147677 0.6681852
0.3040936 -0.3228295 1.168994
0.5087719 -0.1311047 0.599667
0.3274854 -0.125365 0.8333188
0.2690058 -0.1926029 1.080344
0.2222222 -0.04472189 0.8482654
0.3216374 -0.09238138 0.7180753
0.251462 -0.1604929 0.9785276
0.3040936 -0.06096031 0.7599344
0.2631579 -0.3509516 1.30578
0.2631579 -0.3218899 1.170648
0.3216374 0.02061718 0.6144563
0.3040936 -0.2506972 1.060111
0.4853801 -0.1441133 0.6776737
0.3450292 -0.1285335 0.8049084
0.3625731 -0.3047169 0.9648766
0.2573099 -0.21011 1.05892
0.3157895 -0.1098244 0.8480114
0.2339181 -0.3453257 1.402695
0.3508772 -0.1872011 0.8387654
0.3099415 -0.2739389 1.046561
0.4327485 -0.2010297 0.7739892
0.4269006 -0.008956005 0.5463894
0.2748538 -0.06005327 0.6774132
0.2397661 -0.2607851 1.207288
0.4736842 -0.2541885 0.7813727
0.4561404 -0.1671971 0.7271725
0.3333333 -0.2271534 0.9208763
0.2690058 -0.1586693 0.9137927
0.2807018 -0.2562857 1.10881
0.2807018 -0.1991819 0.9788026
0.3450292 -0.3377529 1.055777
0.2397661 -0.2800591 1.09932
0.2163743 -0.2453822 1.350519
0.3391813 -0.1747717 0.9217251
0.380117 -0.2074803 0.8898808
0.3333333 -0.05829359 0.7641828
0.4093567 -0.1912597 0.8290244
0.3976608 -0.09793097 0.7086695
0.2631579 -0.3970981 1.325932
0.2748538 -0.1606016 0.987456
0.2280702 -0.2405625 1.090323
0.3450292 -0.1866995 0.8126299
0.2865497 -0.3106124 1.146292
0.2865497 -0.1498979 0.8862876
0.2631579 -0.3912772 1.216663
0.2573099 -0.2069247 1.095244
0.3099415 -0.09278003 0.7773142
0.3333333 -0.1605291 0.876492
0.2397661 -0.2054086 1.133261
0.2923977 -0.1458623 0.8580977
0.380117 -0.1514624 0.6560953
0.2397661 -0.1073966 0.8922526
0.2339181 -0.4578437 1.460416
0.4561404 -0.276571 0.7855389
0.3684211 -0.1955382 0.861402
0.3333333 -0.2314296 0.9425556
0.2631579 0.01140928 0.6903539
0.380117 -0.3030084 0.9499567
0.5789474 -0.3543692 0.7944542
0.7777778 -0.2492699 0.6220091
0.7134503 -0.2581534 0.6503143
0.2105263 -0.2740182 1.387962
0.4619883 -0.1014107 0.6211516
0.374269 -0.2571753 0.8982633
0.3391813 -0.1617994 0.7824424
0.4795322 -0.2365969 0.7771135
0.2573099 0.02719111 0.5600942
0.2573099 -0.279797 1.161535
0.2865497 -0.1592468 0.9318105
0.3099415 -0.1834318 0.9056141
0.2923977 -0.05157103 0.6629867
0.3567251 -0.207988 0.8862123
0.1929825 -0.2226738 1.341695
0.3684211 -0.2464337 0.9462791
0.2807018 -0.1751693 1.004707
0.2046784 0.02001844 0.5717068
0.3625731 -0.1013597 0.7170965
0.3216374 0.05770039 0.4759025
0.2865497 -0.1817308 0.9457092
0.2690058 -0.2775989 1.176566
0.5730994 -0.3049038 0.7811251
0.2105263 -0.0003470939 0.8429346
0.4678363 -0.07999327 0.5210673
0.3099415 -0.2469769 0.990859
0.2923977 -0.1254139 0.7955447
0.5321637 -0.0008123231 0.4896399
0.4152047 -0.2780798 0.8739557
0.4269006 -0.2452047 0.8247027
0.2982456 -0.17569 0.8225631
0.2573099 -0.2406032 1.156805
0.2690058 -0.2386906 1.050632
0.4269006 -0.1059934 0.6655283
0.380117 0.02968073 0.4543395
0.5321637 -0.188996 0.7203685
0.5730994 0.03895204 0.4047702
0.3859649 -0.2161611 0.8748231
0.4093567 -0.2009122 0.8396023
0.4152047 -0.2378419 0.8534206
0.7894737 -0.1869198 0.6291479
