0.5555556 -0.2764726 0.7824038
0.8011696 0.705559 -0.3425893
0.5438596 -0.07384655 0.565457
0.3508772 -0.12389 0.7866106
0.3625731 -0.2267807 0.9469625
0.502924 -0.1090017 0.5411456
0.4444444 -0.2088602 0.7216833
0.5438596 -0.2314138 0.671779
0.6140351 -0.2261628 0.6677176
0.4736842 -0.2773015 0.8525111
0.5146199 -0.2390272 0.7308021
0.3450292 -0.2523189 0.9443553
0.3859649 -0.276593 0.9636886
0.5204678 -0.2384161 0.7729988
0.2631579 -0.1470668 0.995124
0.2865497 -0.1703255 0.8033697
0.2748538 -0.2488747 1.091424
0.3274854 -0.1141974 0.7529013
0.3040936 -0.264443 1.076457
0.4795322 -0.2520127 0.8165158
0.4035088 -0.1124795 0.684732
0.3216374 -0.1209097 0.8436371
0.3625731 -0.1536526 0.7729271
0.3099415 -0.3386002 1.1078
0.2865497 -0.2727645 1.074327
0.4795322 -0.1100398 0.5930456
0.5847953 -0.01883762 0.3604138
0.497076 -0.1868847 0.6850572
0.3918129 -0.03868823 0.5728409
0.6491228 -0.0871452 0.481381
0.5380117 0.02900837 0.4546753
0.4795322 -0.05826873 0.4926319
0.3099415 -0.1225278 0.7550076
0.3333333 -0.1271174 0.8611172
0.3333333 -0.1793639 0.9097562
0.4093567 -0.2066313 0.8503037
0.4678363 -0.04453402 0.5608507
0.2222222 -0.101894 0.9346423
0.4152047 -0.01765704 0.5593133
0.3333333 -0.1909181 0.8766559
0.2339181 -0.06545962 0.9427861
0.4561404 0.01078509 0.5209696
0.6432749 -0.3439565 0.7558205
0.4912281 -0.2583761 0.8097215
0.4736842 -0.08502911 0.562041
0.2923977 -0.2738721 1.087191
0.6491228 -0.1241769 0.5988816
0.2807018 -0.1302816 0.956604
0.4853801 -0.2130928 0.7648555
0.4561404 -0.0844243 0.6088372
0.3391813 -0.125436 0.7334811
0.2573099 -0.3763069 1.275743
0.245614 -0.3865835 1.377606
0.2748538 -0.06265807 0.7829652
0.6315789 -0.2867913 0.7248774
0.6666667 -0.2306273 0.6513156
0.3099415 -0.2427853 1.030814
0.5906433 -0.141824 0.6343914
0.7192982 -0.2200847 0.6296435
0.4912281 -0.2745703 0.813175
0.3274854 -0.1715479 0.8896765
0.1988304 -0.1214319 1.075907
0.2222222 -0.006258719 0.6244727
0.5555556 -0.2882284 0.762434
0.4269006 -0.2166136 0.7539924
0.5847953 -0.1733111 0.6365453
0.5438596 -0.1708184 0.65969
0.4210526 -0.3236625 0.9234682
0.2865497 -0.1963088 0.8757533
0.502924 -0.1709094 0.6791244
0.2105263 -0.372258 1.440435
0.2865497 -0.2374067 0.9851011
0.5321637 -0.1515881 0.5840544
0.4912281 -0.1192234 0.5649187
0.5204678 -0.2683094 0.7830954
0.5087719 -0.2596922 0.7943646
0.5906433 -0.1927647 0.6438403
0.4035088 -0.08416817 0.7084148
0.5263158 -0.1968383 0.6801714
0.2807018 -0.3407074 1.038982
0.2748538 -0.1809256 1.013704
0.3567251 -0.3152351 1.166737
0.3918129 -0.1692981 0.7784218
0.4619883 -0.2188434 0.7706137
0.4327485 -0.2115656 0.8102799
0.5847953 -0.1651067 0.5999109
0.4853801 -0.1839836 0.6956678
0.5438596 -0.06332945 0.4994125
0.5263158 -0.1252534 0.571475
0.380117 -0.1702229 0.7829455
0.1988304 -0.06890303 0.933906
0.7134503 -0.1841138 0.6325726
0.2690058 -0.3328023 1.26157
0.4093567 -0.195862 0.8142122
0.3157895 -0.2607875 1.055376
0.4678363 -0.1276264 0.7002811
0.7777778 0.004332411 0.3786017
0.7251462 -0.1128804 0.5009889
0.3099415 -0.2939267 1.087578
0.7134503 -0.1662813 0.5563444
0.4035088 -0.1876745 0.7495614
0.3333333 -0.1806223 0.9012005
0.3391813 -0.1906905 0.8677859
0.251462 -0.3336684 1.317533
0.2807018 -0.1344532 0.7829875
0.625731 -0.3407592 0.759679
0.497076 -0.1741993 0.6918731
0.4152047 -0.2348808 0.8351591
0.6023392 -0.3251599 0.7380551
0.5146199 -0.1002664 0.5685082
0.2748538 -0.4996325 1.302395
0.4795322 -0.150905 0.7180343
0.380117 -0.2891451 0.9503036
0.4678363 -0.1331064 0.6497346
0.3625731 -0.2045725 0.8555882
0.4795322 -0.220104 0.7545024
0.4385965 -0.1922355 0.7793462
0.4385965 -0.1502903 0.7369892
0.4385965 -0.2050422 0.7996439
0.5730994 -0.01972781 0.510249
0.4385965 -0.1524439 0.7322387
0.5672515 -0.2351787 0.7071564
0.6140351 -0.2907434 0.7304131
0.6842105 -0.06226668 0.4751892
0.4152047 -0.1415396 0.7303017
0.6432749 -0.3858548 0.8062382
0.4561404 -0.2668256 0.8662255
0.3859649 -0.0805563 0.7270574
0.5672515 -0.1645416 0.6447498
0.5497076 -0.01484719 0.5041333
0.6959064 -0.07598207 0.5164873
0.6666667 -0.04715848 0.4280039
0.6374269 -0.05289241 0.4469311
0.5146199 -0.1935806 0.6859358
0.6900585 -0.1696592 0.5799555
0.4444444 -0.2574515 0.8591559
0.5438596 -0.1003121 0.6099622
0.4795322 -0.3019928 0.8359188
0.6959064 -0.1488611 0.5413042
0.4502924 -0.2315408 0.7953873
0.4795322 -0.133786 0.626886
0.5146199 -0.1531493 0.6798716
0.3567251 -0.05435589 0.5851308
0.3684211 -0.1269797 0.7700444
0.3567251 -0.1190968 0.783561
0.374269 -0.1773238 0.8128643
0.4736842 -0.0795414 0.594062
0.5438596 -0.3218989 0.7939242
0.4327485 -0.2358559 0.779905
0.5438596 -0.2245116 0.7011459
0.5964912 -0.310093 0.7678185
0.4736842 -0.1515589 0.6768743
0.2222222 -0.1028716 1.069172
0.374269 -0.05275706 0.6824916
0.4736842 -0.200168 0.7793917
0.4502924 -0.3131663 0.8910668
0.3040936 -0.252158 1.068226
0.3274854 -0.265135 0.9641826
0.4327485 -0.1816808 0.749033
0.5321637 -0.1903724 0.6678543
0.3976608 -0.2369977 0.9018322
0.3976608 -0.05514993 0.6230522
0.4795322 -0.1483805 0.7119393
0.5438596 -0.005021456 0.5588646
0.4035088 -0.1686911 0.7391481
0.6491228 -0.3534289 0.7802095
0.3684211 -0.1846183 0.8392096
0.2163743 -0.005678402 0.7153796
0.2923977 -0.229509 1.017329
0.3274854 -0.2849994 1.053316
0.2982456 -0.1803834 0.7896585
0.2748538 -0.1261328 0.9114748
0.3274854 -0.2707086 1.000403
0.5614035 -0.1540004 0.63809
0.4093567 -0.2290451 0.8546507
0.6023392 0.0789791 0.3760377
0.3274854 -0.3532244 1.135356
0.6432749 -0.1507366 0.5582226
0.4736842 -0.2680538 0.8317185
0.6549708 -0.1998577 0.6352696
0.3391813 -0.1141495 0.7843516
0.3976608 -0.1779574 0.8093032
0.245614 -0.1812329 0.4333334
0.4912281 -0.2450674 0.8179502
0.4210526 -0.3002853 0.8498161
0.4795322 -0.1356418 0.6656062
0.748538 -0.08480298 0.5124685
0.3918129 -0.213037 0.8196208
0.4678363 -0.1970697 0.7735988
0.6725146 -0.375124 0.8236149
0.2222222 -0.341007 1.545657
0.5087719 -0.1474128 0.6934134
0.5438596 -0.05366452 0.4835697
0.4269006 -0.2416969 0.8807796
0.5847953 -0.2748963 0.7377869
0.6491228 -0.5773223 0.9412344
0.6549708 -0.1394927 0.5406185
0.4561404 -0.2676953 0.842587
0.5087719 -0.07139769 0.5498526
0.5204678 -0.2349565 0.7319334
0.374269 -0.174974 0.8350484
0.1695906 -0.1599129 1.363569
0.3567251 -0.130733 0.7615619
0.6140351 -0.2653695 0.7279189
0.3859649 -0.1486559 0.8231266
0.5555556 -0.1084852 0.5276513
0.3567251 -0.2607243 0.9864445
0.4444444 -0.2562253 0.8294446
0.5789474 -0.2207446 0.6511915
0.3684211 -0.3007803 0.955772
0.4736842 -0.1303116 0.6573686
0.2690058 -0.2788664 1.237298
0.6023392 -0.07069676 0.5046495
0.877193 -0.7910246 1.188842
0.3684211 -0.1381018 0.8217326
0.1988304 -0.3138225 1.433411
0.3040936 -0.2931984 1.079327
0.2982456 -0.4107921 1.235685
0.4795322 -0.2738784 0.84034
0.5321637 -0.08808415 0.523707
0.6081871 -0.1542346 0.5879273
0.5789474 -0.07657847 0.4970403
0.5672515 -0.2880753 0.743867
0.4269006 -0.0957441 0.6524305
0.2397661 -0.1637593 1.116229
0.3567251 0.07768021 0.5481098
0.3274854 -0.2778264 1.013188
0.4152047 -0.2361564 0.8084221
0.2982456 -0.2280113 0.8162816
0.3216374 -0.1939101 0.9156104
0.5497076 -0.2734215 0.7493685
0.374269 -0.2446931 0.8932091
0.3567251 -0.06387678 0.6558496
0.5263158 -0.05334534 0.5112538
0.3508772 -0.1744635 0.9147916
0.4736842 -0.04030517 0.4607196
0.3859649 -0.3145501 0.9744605
