0.1520468 -0.1864083 1.500276
0.2631579 -0.1143863 0.8764603
0.5204678 0.06882338 0.4470325
0.6432749 -0.2631157 0.7340427
0.3450292 -0.2263856 0.9657423
0.6549708 0.009625908 0.4101076
0.2748538 -0.2427335 1.157945
0.6023392 -0.02431402 0.4853351
0.2748538 -0.03687345 0.7401321
0.3040936 -0.1815316 0.9948357
0.7426901 -0.2859969 0.7133169
0.3391813 -0.1882765 0.9146629
0.5555556 -0.07988757 0.5872598
0.5438596 0.0177831 0.4621489
0.3333333 -0.2848454 1.059378
0.3567251 -0.2319092 0.9498797
0.5555556 -0.08912446 0.6025879
0.3508772 -0.04888685 0.7712008
0.2982456 -0.1013332 0.8972462
0.5438596 -0.0241651 0.5106927
0.7076023 0.01231534 0.3539473
0.5847953 -0.2675172 0.775618
0.380117 -0.3129108 0.9999219
0.3274854 -0.1849649 0.9326937
0.5321637 -0.2204123 0.755461
0.3450292 -0.2153534 0.9414289
0.6374269 -0.2864865 0.7389095
0.2923977 -0.1167963 0.8766721
0.3625731 -0.1304837 0.7994466
0.3450292 -0.01451679 0.7004454
0.3976608 -0.2444835 0.8890271
0.5380117 -0.1993449 0.690096
0.3567251 -0.1724064 0.8657844
0.2046784 -0.03743369 0.9350235
0.2339181 -0.3349925 1.402634
0.625731 -0.09005324 0.5426508
0.2280702 -0.02673849 0.559273
0.5263158 -0.2000561 0.7398747
0.3333333 -0.2655892 1.047367
0.4152047 -0.07796238 0.6803164
0.3859649 -0.216975 0.8963295
0.3274854 -0.09648691 0.8012975
0.6140351 -0.2270568 0.6995753
0.5672515 -0.1797799 0.6878883
0.6315789 0.05137497 0.417724
0.4795322 0.1279303 0.3806827
0.3040936 -0.1374632 0.9245035
0.3508772 0.0304854 0.5764326
0.5964912 -0.006616999 0.4739358
0.1929825 -0.2314073 1.73167
0.3450292 -0.2166932 0.9215958
0.2865497 -0.1551331 0.8512917
0.5263158 -0.1083084 0.6548781
0.251462 -0.0685455 0.7945537
0.245614 -0.04415382 0.8122433
0.4444444 -0.0676296 0.6736269
0.4502924 -0.1391442 0.7546025
0.5906433 -0.2383042 0.7040376
0.4736842 -0.007721138 0.5609462
0.3684211 -0.03125706 0.6176674
0.8245614 1.137805 -0.5403539
0.4152047 -0.1472518 0.723424
0.2982456 -0.172048 0.9675459
0.4853801 -0.1846146 0.7073939
0.3508772 -0.1125352 0.8182488
0.2690058 -0.2330786 1.110436
0.3391813 -0.09569494 0.7726132
0.4385965 -0.1906918 0.826709
0.3274854 -0.2545458 1.029042
0.3684211 -0.1953875 0.8638704
0.6315789 -0.1311415 0.6005358
0.6725146 -0.1918209 0.7057934
0.619883 -0.07434541 0.5571811
0.3567251 -0.188463 0.9081066
0.4444444 -0.2608548 0.8646086
0.5497076 -0.06058942 0.5908338
0.3976608 -0.2621695 0.914011
0.4385965 -0.01608972 0.630576
0.4385965 -0.07495183 0.6889681
0.245614 -0.2612557 1.203177
0.5497076 -0.03962114 0.536277
0.5438596 -0.2437687 0.7504124
0.5730994 -0.2339336 0.7137315
0.7076023 -0.2081833 0.6756618
0.7777778 0.5207523 -0.08072018
0.4210526 -0.2090598 0.8249133
0.502924 -0.04274134 0.5657381
0.1812865 -0.1410767 1.241937
0.4678363 -0.28155 0.8473902
0.2573099 -0.1614525 1.056075
0.2631579 -0.1807305 0.9327282
0.251462 -0.096428 0.9697821
0.2573099 -0.2155628 1.109225
0.1929825 -0.01597636 1.000707
0.2163743 -0.1967335 1.284833
0.2046784 0.01081558 1.013444
0.2105263 -0.4659852 1.697662
0.3976608 -0.1400925 0.7406874
0.245614 -0.2132127 1.11932
0.4912281 -0.1755865 0.7513458
0.2748538 -0.1153113 0.9315753
0.3333333 -0.09172767 0.7959879
0.1929825 -0.09880485 1.026585
0.245614 -0.2989658 1.229
0.4678363 -0.1904656 0.7625721
0.4385965 -0.180178 0.7602825
0.2222222 -0.2847552 1.184069
0.1988304 -0.4438198 1.422485
0.2339181 -0.399175 1.099977
0.6140351 -0.2287116 0.7109579
0.4093567 -0.06374014 0.7371457
0.3450292 -0.05399506 0.6623845
0.6608187 -0.0419871 0.5277581
0.2046784 -0.2754701 1.394911
0.619883 -0.1158489 0.5799823
0.3859649 -0.3613059 0.9976807
0.2163743 0.03456132 0.9491679
0.4853801 -0.1852077 0.7366488
0.5730994 -0.1836053 0.6659774
0.4736842 -0.2338555 0.8011335
0.6023392 -0.1699855 0.6343685
0.3625731 -0.2209421 0.9201712
0.5555556 -0.1194128 0.6565635
0.3099415 -0.312811 1.059231
0.5730994 -0.2507297 0.791372
0.3391813 -0.1904065 0.9148131
0.2631579 -0.06644992 0.923698
0.4093567 -0.1444719 0.7744889
0.5906433 -0.150275 0.6354205
0.5789474 -0.4918949 1.03445
0.4152047 -0.1534108 0.7475084
0.3450292 -0.07429389 0.7720694
0.8128655 -0.06060042 0.5679911
0.3684211 -0.08729274 0.7426822
0.4152047 -0.1050717 0.6694685
0.7660819 0.06159408 0.3685754
0.5672515 -0.09931299 0.6312206
0.2631579 -0.1600898 1.056179
0.2807018 -0.04006602 0.74825
0.251462 -0.1751436 0.9903191
0.2280702 -0.5150434 1.597878
0.374269 -0.2089548 0.8825532
0.5497076 -0.223779 0.7286146
0.3918129 -0.09004116 0.7264934
0.2222222 -0.1308759 1.059619
0.6023392 -0.3259971 1.078111
0.2807018 -0.121576 0.921459
0.2280702 -0.2086013 1.204634
0.2807018 -0.1316215 0.929588
0.2280702 -0.1669715 1.089443
0.2865497 -0.02702908 0.7373443
0.4210526 -0.08023146 0.6644794
0.1520468 -0.1858633 1.499574
0.2748538 -0.1263016 0.9596453
0.1754386 -0.1887614 1.290583
0.4795322 -0.1329676 0.7343838
0.5438596 -0.08589938 0.581666
0.3450292 -0.03903404 0.7604253
0.3450292 -0.1816104 0.9128028
0.374269 -0.2544995 0.9464747
0.1461988 -0.1849999 1.447696
0.4269006 -0.08638138 0.6742678
0.4093567 -0.2633364 0.8775109
0.5146199 -0.03320016 0.555468
0.5789474 0.04522118 0.4139441
0.1929825 -0.4732033 1.695935
0.1637427 -0.03919954 1.052011
0.3859649 -0.1311473 0.762971
0.2222222 0.1723286 0.1343346
0.2397661 -0.004174352 0.7752977
0.2105263 -0.1117662 0.9766017
0.2046784 0.04755782 0.8994637
0.2748538 -0.07467442 0.7954676
0.1812865 0.01634436 0.1076282
0.2339181 -0.09007546 0.8300939
0.1929825 -0.06432644 0.8016117
0.2690058 -0.2484462 1.120831
0.2807018 0.1341634 0.3156717
0.3976608 -0.2234136 0.881025
0.4327485 -0.1437937 0.7389633
0.2690058 -0.1443748 1.011347
0.1754386 -0.2691076 1.501024
0.2046784 -0.01702503 0.8680193
0.1988304 -0.1366842 1.079553
0.3567251 -0.1988941 0.8698194
0.3918129 -0.1595929 0.7940463
0.6491228 -0.2474634 0.6829883
0.3859649 -0.1433776 0.742843
0.380117 -0.07218797 0.7309988
0.2280702 -0.1637283 1.177153
0.1988304 -0.1662639 1.245823
0.3508772 -0.08374726 0.7485712
0.4795322 -0.1231605 0.7091879
0.122807 -0.501025 2.2614
0.3391813 -0.1256934 0.8151755
0.3040936 -0.1570865 0.9328873
0.4619883 -0.1448253 0.7179953
0.6725146 -0.1084037 0.5686227
0.5964912 -0.1658532 0.6357953
0.2397661 -0.2553416 1.280991
0.3976608 -0.1979901 0.8323521
0.4385965 -0.08149866 0.6780821
0.3918129 -0.2213469 0.8639496
0.4736842 -0.07128534 0.5707102
0.1812865 -0.5675777 1.881163
0.3859649 -0.3027446 0.9884048
0.2163743 -0.06363184 0.9169874
0.4619883 0.05068083 0.4754036
0.2163743 -0.09692202 1.003833
0.6081871 -0.2636538 0.7554073
0.3274854 -0.1792972 0.9289835
0.4736842 -0.1004394 0.6427739
0.1871345 -0.1130331 1.254093
0.5087719 -0.3017977 0.8272085
0.502924 -0.2049252 0.7395148
