0.2573099 -0.2981708 1.237702
0.2748538 -0.0501912 0.6915392
0.2222222 -0.1321642 1.033233
0.3040936 -0.2041782 0.894435
0.2280702 -0.1011014 0.7698114
0.2690058 -0.4884153 1.49868
0.2397661 -0.2525908 1.212278
0.2982456 -0.1322546 0.8089145
0.2748538 -0.1499059 0.9506104
0.3450292 -0.1532211 0.8563979
0.3216374 -0.2453006 0.982386
0.3099415 -0.1404812 0.8651378
0.2982456 -0.1357056 0.8963828
0.2807018 -0.1375548 0.892026
0.2163743 -0.3837463 1.39438
0.3274854 -0.2889789 0.966924
0.374269 -0.2783819 0.9270469
0.4035088 -0.242424 0.8851794
0.2105263 -0.07942434 0.90901
0.2280702 -0.2173636 1.081472
0.2690058 -0.3367529 1.235441
0.2280702 -0.3424978 1.195708
0.251462 -0.5777854 0.8737727
0.3216374 -0.2745529 0.9457903
0.3274854 -0.1923828 0.6106709
0.3099415 0.03174512 0.5838315
0.251462 -0.02632878 0.700613
0.2748538 -0.2326294 1.024706
0.2631579 0.02937098 0.6987555
0.1871345 -0.4613355 1.632911
0.2222222 -0.2439932 1.318235
0.4619883 -0.182129 0.7373393
0.3333333 -0.09210527 0.7344619
0.1988304 -0.1736907 1.185802
0.251462 -0.06200283 0.4996421
0.2631579 -0.2373458 0.9184305
0.2105263 -0.2964222 0.9431905
0.2748538 -0.1748526 0.7501004
0.2163743 -0.3870666 1.429049
0.4444444 -0.2264926 0.8066416
0.2865497 -0.299755 1.146084
0.245614 -0.2936049 1.231746
0.2339181 -0.2267074 1.104789
0.1988304 -0.06836416 0.793706
0.1871345 -0.1309814 1.026033
0.2748538 -0.1713213 0.979842
0.3391813 -0.01732778 0.5216009
0.3391813 -0.2179663 0.8863343
0.3508772 -0.1410035 0.7109213
0.2573099 -0.09277476 0.7357431
0.251462 -0.3150352 1.242916
0.3333333 -0.1943156 0.7863402
0.3391813 -0.1596397 0.8354137
0.2631579 -0.2520307 0.848166
0.3450292 -0.1688233 0.8812898
0.2105263 -0.580673 1.412285
0.3274854 -0.2558654 0.9505234
0.2573099 -0.3089665 1.12459
0.2573099 -0.2393401 1.018444
0.1929825 -0.2380565 1.366874
0.2631579 -0.1572028 0.840373
0.1403509 -0.1116554 1.039075
0.3040936 -0.2668756 1.087745
0.1578947 -0.2596308 1.134029
0.2222222 -0.02127983 0.7544165
0.4385965 -0.4326014 0.8494123
0.2865497 -0.09113804 0.8748401
0.3391813 -0.1626098 0.6467564
0.2163743 -0.3328402 1.355095
0.3040936 -0.2312213 0.9779095
0.3274854 -0.1041425 0.7883007
0.3859649 -0.273599 0.8864735
0.245614 -0.2693499 1.007982
0.3216374 -0.2481572 0.8873411
0.3157895 0.01136927 0.6121439
0.245614 -0.2193521 1.125222
0.2690058 -0.003587768 0.5147637
0.3274854 -0.2147574 0.9000517
0.374269 -0.2114032 0.8543666
0.3450292 -0.1209708 0.613536
0.251462 -0.1329884 0.9704308
0.3918129 -0.3001505 0.9064845
0.3567251 -0.1425568 0.6800664
0.3157895 -0.1841699 0.8751494
0.3099415 -0.07982668 0.7793616
0.2807018 -0.08308257 0.7922779
0.3450292 -0.2702123 0.9911606
0.2982456 -0.2073549 0.6264087
0.4678363 -0.07892843 0.6373273
0.2748538 -0.2752156 1.18949
0.3976608 -0.1686619 0.7536384
0.1461988 -0.5513481 1.954658
0.2280702 -0.5837162 1.334349
0.3567251 0.001191719 0.5059714
0.1812865 -0.1230253 1.164487
0.2397661 -0.3327612 0.8338479
0.2748538 -0.08715966 0.7322857
0.3099415 -0.1177226 0.7672903
0.3099415 -0.2161392 0.9645584
0.3391813 -0.1358346 0.5779314
0.2397661 -0.3709224 1.223342
0.3157895 -0.1380712 0.7192428
0.3157895 -0.03447655 0.5925928
0.1871345 -0.2524581 1.100924
0.3157895 0.06685094 0.4342413
0.3567251 -0.1696697 0.8440651
0.2865497 -0.2513493 1.033801
0.2573099 -0.08066804 0.7368964
0.2631579 -0.1289777 0.8496071
0.2631579 0.04976559 0.592933
0.1988304 0.1135202 -0.1048357
0.3567251 0.006964506 0.5369961
0.2573099 -0.2665473 1.155889
0.3859649 -0.1938364 0.856209
0.245614 0.1289532 0.4408419
