0.2397661 -0.3220249 1.056808
0.3157895 -0.07911997 0.7442001
0.3274854 -0.1807833 0.8238529
0.3567251 -0.03831731 0.6572241
0.2982456 -0.2066708 0.9076541
0.251462 -0.229321 1.073015
0.2573099 -0.1637702 0.9446296
0.3567251 -0.2156721 0.8170848
0.2397661 -0.2289964 1.016576
0.2982456 -0.2848633 0.7835159
0.2573099 -0.1627636 1.023681
0.2573099 -0.07459035 0.850809
0.1754386 -0.01363234 0.2854813
0.3099415 -0.188895 0.9011676
0.2397661 -0.3900661 1.191066
0.2748538 -0.1239851 0.8638113
0.3450292 -0.1754724 0.8039821
0.2222222 -0.1426348 0.9251505
0.3216374 -0.2944646 1.072441
0.1988304 -0.08908475 0.8418147
0.2631579 0.0471508 0.4233697
0.251462 -0.007353822 0.3317614
0.3216374 0.05530402 0.3625215
0.3157895 -0.3343403 1.045409
0.2397661 -0.4304071 1.425253
0.2865497 -0.08669384 0.8021031
0.2982456 -0.1359241 0.8039818
0.2923977 -0.1927237 0.9986602
0.3099415 -0.1682043 0.8284126
0.2105263 -0.2022708 0.9756681
0.3625731 -0.08753991 0.7065256
0.2923977 -0.337399 0.832672
0.2631579 -0.01131857 0.5578934
0.1520468 -0.5492091 1.821696
0.3508772 -0.3075461 0.9648959
0.2397661 -0.3899595 1.064192
0.2748538 -0.1332586 0.9373818
0.2807018 -0.2585586 0.961874
0.1520468 -0.3167622 1.507068
0.245614 -0.09441429 0.8167633
0.2397661 -0.1903987 0.5528211
0.1988304 -0.3095906 1.075881
0.1754386 -0.5790733 1.809753
0.2163743 -0.130222 0.6733565
0.3274854 -0.2825775 1.065695
0.2807018 0.03275847 0.5348038
0.3157895 -0.1584688 0.8989125
0.3918129 -0.2065135 0.8582659
0.4269006 -0.08957522 0.6472568
0.2865497 -0.2500501 1.002797
0.2339181 -0.1497355 0.8495203
0.3625731 -0.3266236 0.9449857
0.3450292 -0.1698663 0.864442
0.2046784 -0.3900747 1.460985
0.3859649 -0.05171252 0.7103165
0.245614 -0.1199018 0.922418
0.3333333 -0.1884598 0.862128
0.3684211 -0.3031408 0.9514674
0.2748538 -0.03168698 0.6161892
0.245614 0.05993147 0.6299248
0.251462 -0.2290726 0.9615946
0.3099415 -0.0982512 0.6688747
0.2280702 -0.4532291 1.444481
0.2923977 -0.07213785 0.7991623
0.3157895 0.03912744 0.3430404
0.2163743 -0.2059015 1.027903
0.2280702 -0.2909665 1.174034
0.2163743 -0.07581321 0.7595853
0.3508772 -0.1684063 0.7495476
0.2865497 -0.1296607 0.6697009
0.2222222 -0.3673056 1.344899
0.2690058 -0.2549528 0.9542229
0.3099415 -0.1116023 0.623219
0.2105263 -0.1172081 0.6474947
0.1637427 -0.4034134 1.846742
0.3333333 -0.07296718 0.6625992
0.3099415 -0.1717917 0.8933707
0.2339181 -0.5069443 1.451927
0.2046784 -0.253594 1.324144
0.2865497 -0.061602 0.6287502
0.2573099 -0.2052318 1.006737
0.3040936 -0.04618863 0.7906715
0.3508772 -0.2381687 0.9177972
0.2222222 -0.5080753 1.22984
0.4385965 -0.06937946 0.5668505
0.3099415 -0.2792372 0.9887589
0.3216374 -0.3940136 0.8946264
0.3274854 -0.1415957 0.7807546
0.3508772 -0.3102132 0.920076
0.1871345 -0.2824521 1.146525
0.3625731 -0.2159448 0.549431
0.2280702 -0.3305951 1.047212
0.2807018 -0.2055885 0.9561257
0.2982456 -0.07150235 0.7215785
0.4035088 -0.1146492 0.6800539
0.251462 0.0988743 0.183782
0.2397661 -0.2491817 1.189897
0.1988304 -0.1145086 0.9541647
0.2923977 -0.2329027 1.002146
0.2573099 -0.08547365 0.8321997
0.3099415 -0.09819701 0.7683166
0.251462 -0.09995262 0.6761443
0.251462 -0.1964047 1.100122
0.2163743 -0.4550167 1.510019
0.2280702 -0.2763656 1.143661
0.2690058 -0.3006258 1.106298
0.3567251 -0.04544632 0.6308002
0.2573099 0.001720362 0.5743359
0.2748538 -0.01599957 0.4270212
0.1695906 -0.3398721 0.7046379
0.3567251 -0.3200632 0.9850909
0.2046784 -0.3171843 1.176313
0.2280702 -0.2254646 1.21169
0.2865497 0.01174298 0.4275712
0.251462 -0.1695186 1.084762
0.3040936 -0.1998558 0.9533735
0.3040936 -0.2505445 1.058106
0.2573099 -0.3366538 1.223913
0.2573099 -0.3164592 0.8292626
0.1695906 -0.2556938 1.309028
0.3976608 -0.1689319 0.7753847
0.1461988 0.009131518 0.7946348
0.1929825 -0.5023155 1.510556
0.3157895 -0.1949938 0.9642387
0.3099415 -0.2630205 1.069524
0.2690058 -0.2118997 1.024885
0.3918129 -0.1141506 0.6320921
0.2631579 -0.09346797 0.5645406
0.2807018 -0.292617 1.117353
0.2573099 -0.02176183 0.7151936
0.245614 -0.1595226 0.9982961
0.245614 -0.2095513 0.9926841
0.3099415 -0.1995636 0.734294
0.2573099 -0.04954609 0.3966491
0.2982456 -0.2641451 1.018316
0.3508772 -0.2467855 0.7843839
0.2397661 -0.3544737 1.24231
0.3684211 -0.1091514 0.693519
0.2397661 -0.3034459 0.8014968
0.3391813 -0.2037029 0.8849658
0.3157895 -0.2431679 0.9893086
0.3274854 -0.06357844 0.6271574
0.4269006 -0.2780306 0.8614029
0.374269 -0.1987455 0.8668631
0.2046784 -0.2289232 1.236147
0.2397661 -0.3278166 1.235994
0.2046784 -0.2781331 1.02753
0.1695906 -0.2259775 1.334294
0.2631579 -0.2845197 1.208866
0.3157895 -0.1686377 0.8201153
0.3040936 -0.3384767 0.9954804
0.3274854 -0.08601332 0.7749405
0.3976608 -0.1528346 0.7791358
0.3625731 -0.2430012 0.9295417
0.3508772 -0.04891082 0.4283049
0.251462 -0.1245299 0.9062038
0.2280702 -0.2614236 1.188496
0.2397661 -0.3302138 1.301941
0.1988304 -0.1253304 0.763665
0.2573099 -0.1532778 1.000728
0.2865497 -0.1144182 0.8200665
0.3040936 -0.1693562 0.8442708
0.1871345 -0.006877779 0.5908778
0.1988304 -0.01159393 0.6610121
0.1988304 -0.4255255 0.5397183
0.3274854 -0.08123888 0.7224255
0.3216374 -0.2287202 0.9665213
0.3040936 -0.2665862 0.9706782
0.2631579 -0.3030856 1.020082
0.2631579 -0.2376833 0.917535
0.1871345 -0.3746332 1.586567
0.4269006 -0.1429913 0.7155202
0.2222222 -0.08783221 0.765789
0.3625731 0.1052749 0.3906427
0.1871345 -0.1708015 1.287435
0.2865497 -0.1412779 0.9210301
0.3099415 -0.05937118 0.6435109
0.2339181 -0.1511692 0.8030024
0.2280702 0.008327617 0.7727077
0.2748538 -0.3811843 0.9313525
0.2807018 -0.06062973 0.748371
0.2222222 -0.3023915 1.279957
0.2339181 -0.2180829 0.6076246
0.3508772 -0.1736116 0.8330811
0.2222222 -0.06710398 0.1210909
0.3099415 -0.2337522 1.051581
0.251462 -0.1361689 0.8774369
0.2982456 -0.1960527 0.891199
0.2923977 -0.2036596 1.00751
0.3040936 -0.1656219 0.8722013
0.2339181 -0.1965469 1.049074
0.2748538 -0.2488247 1.076057
0.245614 -0.09363556 0.926763
0.251462 -0.07266806 0.852745
0.2280702 0.03714834 0.4538834
0.245614 -0.1817428 0.9013221
0.2748538 -0.08561711 0.7294646
0.2807018 -0.1307585 0.9077801
0.3099415 -0.2150133 0.8302937
0.2105263 0.02567481 0.7207747
0.3099415 -0.2507129 1.024362
0.3216374 -0.2333582 0.8810041
0.2748538 -0.04901811 0.7705037
0.4035088 -0.08963518 0.6446564
0.2807018 -0.2726249 1.032148
