0.2807018 -0.3090047 1.189462
0.3216374 -0.1287532 0.6766057
0.3918129 -0.2420744 0.8496452
0.5380117 -0.07848264 0.561943
0.4093567 -0.2244453 0.8257312
0.3040936 -0.006639464 0.7323215
0.2865497 -0.1685049 1.006618
0.3216374 -0.09809575 0.7422293
0.3333333 -0.1850248 0.875075
0.2631579 -0.2923796 1.23987
0.2397661 -0.391341 1.134018
0.3157895 -0.4264487 0.882817
0.4093567 -0.2317516 0.8750015
0.3216374 -0.3500406 1.060616
0.3040936 -0.1782177 0.8710859
0.4619883 -0.150939 0.7159198
0.5204678 -0.04428767 0.4861998
0.6900585 -0.2282759 0.696032
0.5614035 -0.1202608 0.5963063
0.4152047 -0.2766885 0.8809689
0.7076023 -0.2568268 0.6891417
0.625731 -0.2118893 0.7019299
0.4327485 -0.345078 0.9305582
0.4269006 -0.2163347 0.8128079
0.2105263 -0.1438688 0.9743089
0.3918129 -0.1371638 0.7368352
0.380117 -0.2774431 0.9323484
0.9181287 1.463659 -0.9381656
0.6842105 0.1646025 0.2931663
0.502924 -0.1386179 0.7166457
0.7894737 -0.1205908 0.5849959
0.4444444 -0.3356572 0.8560246
0.5204678 -0.2229802 0.7330441
0.5087719 -0.2183073 0.5985306
0.4210526 -0.2158931 0.8047054
0.2748538 -0.01515509 0.561464
0.374269 -0.2470394 0.8845601
0.3157895 0.03338296 0.5250744
0.4327485 -0.1411507 0.7363618
0.3859649 -0.2124995 0.823106
0.3216374 -0.2274502 0.9182842
0.1988304 -0.3405464 1.446897
0.4736842 -0.2912571 0.84003
0.497076 -0.2058638 0.7566809
0.5730994 -0.1589273 0.6281891
0.5263158 -0.1668154 0.7092057
0.3567251 -0.1981682 0.841027
0.3099415 -0.1832467 0.9819216
0.3508772 -0.2414377 0.8653777
0.3918129 -0.2786663 0.896997
0.5380117 -0.21922 0.7528053
0.502924 -0.1798274 0.7075627
0.251462 -0.2722236 1.195571
0.2923977 -0.1979425 0.9782206
0.2748538 -0.2237743 0.9334969
0.4210526 -0.005114304 0.5580413
0.245614 -0.1346533 0.9510091
0.1520468 -0.486043 1.572593
0.497076 -0.077195 0.5500571
0.502924 -0.04543642 0.2284508
0.3859649 -0.07146361 0.6296704
0.3216374 -0.2631599 1.022214
0.2982456 -0.3472986 1.202852
0.2222222 -0.1004044 0.6759888
0.1637427 -0.3373915 1.296458
0.2865497 -0.3856192 1.279878
0.3216374 -0.2893122 0.8823014
0.2748538 0.02490321 0.6290459
0.3508772 -0.2337119 0.9230782
0.1929825 -0.3009172 1.335049
0.4035088 -0.1941403 0.8187514
0.3918129 -0.1422225 0.7750059
0.2339181 -0.3105285 1.264687
0.2923977 -0.1989396 0.9066858
0.2690058 -0.2483205 1.142234
0.2163743 -0.2196741 1.236672
0.3157895 -0.1809471 0.937396
0.2397661 -0.2572229 1.171406
0.2748538 -0.1179917 0.9478112
0.2339181 -0.1209669 0.8969396
0.3274854 -0.2515182 0.9927315
0.2105263 -0.2684596 1.090638
0.2280702 -0.1936238 1.122348
0.2865497 0.02162196 0.5909957
0.3040936 -0.007758321 0.5744815
0.2631579 -0.2257661 1.093727
0.2690058 -0.2277159 0.8704222
0.2573099 -0.2244128 1.072771
0.3391813 -0.1917035 0.7547572
0.2865497 -0.152151 0.9682536
0.2807018 -0.219211 1.051211
0.380117 -0.3067004 0.9864936
0.3508772 -0.1052144 0.5385753
0.245614 -0.6173102 1.249901
0.3157895 -0.2286342 0.9587534
0.2690058 -0.05435424 0.5362591
0.2163743 -0.168859 1.135307
0.1988304 -0.04910722 0.7485809
0.2222222 -0.441804 1.563106
0.1929825 -0.1022919 0.8059796
0.1754386 -0.1970372 0.8181134
0.1988304 -0.1376804 1.189187
0.2807018 -0.03401625 0.714197
0.3099415 -0.2369805 0.8233356
0.3976608 -0.3010836 0.9970095
0.2397661 -0.546483 1.362709
0.2280702 -0.1246677 1.0318
0.2631579 -0.154062 0.9144928
0.2222222 -0.3759333 1.199934
0.2982456 -0.1142448 0.5464338
0.3859649 -0.2258678 0.888331
0.3567251 -0.06657013 0.6099566
0.4912281 -0.1828207 0.6792388
0.4444444 -0.2128448 0.6288658
0.2163743 0.03102322 0.5966117
0.3391813 -0.2575958 1.008101
0.5087719 -0.1803614 0.7104542
0.5789474 -0.155906 0.6209946
0.4269006 -0.2743956 0.8746597
0.4795322 -0.09373182 0.5988952
0.6959064 -0.182739 0.6190208
0.4210526 -0.1897527 0.8115964
0.4736842 -0.2136126 0.7034132
0.2923977 -0.190792 0.9972706
0.4152047 -0.221312 0.8114815
0.374269 -0.1624723 0.7951261
0.2807018 -0.2673782 1.145906
0.3040936 -0.1523546 0.9072585
0.3567251 -0.1007394 0.6688089
0.3333333 -0.02781042 0.6170637
0.2280702 -0.02894264 0.8910186
0.2222222 -0.3304175 1.421706
0.4269006 -0.1014677 0.6887495
0.4327485 -0.2127934 0.8152812
0.3391813 -0.03080598 0.683523
0.2865497 -0.09422223 0.9015456
0.3567251 -0.1869031 0.9147279
0.4327485 -0.2679414 0.896008
0.2222222 -0.2508302 1.221487
0.380117 -0.3357234 1.07011
0.5847953 -0.216448 0.8079714
0.2807018 -0.2140529 1.076493
0.4678363 0.06006289 0.4724203
0.5380117 -0.100638 0.5474202
0.2573099 -0.3200631 1.23403
0.5321637 -0.2002138 0.6678846
0.3859649 -0.1704722 0.7837558
0.3625731 -0.2385028 0.9600732
0.4093567 -0.2832347 0.9383344
0.3567251 -0.2645288 0.9853714
0.5614035 0.1474488 0.2699274
0.3333333 -0.3164268 1.070792
0.2748538 0.0623172 0.5552877
0.4152047 -0.2898497 0.8760254
0.2923977 -0.08860284 0.6948041
0.2573099 -0.4684222 1.364847
0.2807018 -0.1196619 0.7088494
0.2573099 -0.2714106 1.03673
0.2339181 -0.2028088 1.116198
0.374269 -0.1978362 0.7534226
0.3040936 -0.2856477 0.9293612
0.2631579 -0.1704536 0.888887
0.2982456 -0.09883865 0.7561928
0.245614 -0.242361 1.160504
0.374269 -0.1032543 0.7426126
0.3684211 -0.196961 0.7768265
0.2339181 -0.139461 0.9836911
0.3040936 -0.2324844 0.9818478
0.3099415 -0.1908251 0.9257186
0.2690058 -0.2099351 1.0657
0.3918129 -0.2113721 0.7257549
0.3040936 -0.1631408 0.6012458
0.2807018 -0.2051847 0.9653565
0.3684211 0.03542091 0.4007821
0.3040936 -0.173272 0.9482967
0.3625731 -0.1996135 0.8600266
0.2748538 -0.2709473 1.035536
0.4093567 -0.2411951 0.8458297
0.251462 -0.1751856 1.007234
0.3099415 -0.2082668 0.9697209
0.4385965 -0.1727931 0.7424491
0.2807018 0.03737072 0.4784384
0.380117 -0.1792274 0.8459233
0.380117 -0.2541283 0.9424439
0.2222222 -0.1896994 1.111289
0.4269006 -0.1124893 0.6908887
0.374269 -0.1914054 0.8950761
0.4093567 -0.2646538 0.9053757
0.4444444 -0.2321911 0.8320869
0.5555556 -0.1721537 0.6599295
0.374269 -0.2398442 0.8537921
