0.3508772 -0.2451529 0.9268303
0.3274854 -0.2472397 0.9151441
0.3040936 -0.1774471 0.9339469
0.2280702 -0.07087991 0.9675096
0.3157895 -0.2945533 1.118325
0.4327485 -0.2759844 0.8721652
0.5146199 -0.08801853 0.5286562
0.251462 -0.02427084 0.8695925
0.3859649 -0.08525322 0.6924402
0.2748538 -0.5107167 1.234861
0.5204678 -0.1449744 0.5931867
0.2046784 -0.3218033 1.447305
0.3859649 -0.2750817 0.8941705
0.619883 -0.265472 0.7874316
0.6374269 -0.2541167 0.780415
0.3450292 -0.07420896 0.6618751
0.3274854 -0.07342232 0.7700312
0.3157895 -0.1704625 0.8564668
0.4327485 -0.2405649 0.8278261
0.2222222 -0.07192143 0.8916939
0.4093567 -0.1827672 0.8319333
0.3684211 -0.09613165 0.6887163
0.3391813 -0.07303966 0.6509362
0.3450292 -0.2335781 0.9244665
0.2982456 0.02429326 0.265627
0.4502924 0.0599912 0.2413531
0.6140351 -0.1674785 0.5978368
0.4912281 -0.1392546 0.6908435
0.5730994 0.06165123 0.4581506
0.3508772 -0.1341919 0.5919475
0.3099415 -0.1641181 0.9070357
0.2690058 -0.04893485 0.8353954
0.3508772 -0.141812 0.7119801
0.1929825 -0.4704249 1.65574
0.4269006 -0.05779162 0.6216274
0.3333333 -0.1409787 0.8489627
0.4502924 -0.05893505 0.5798215
0.4912281 -0.1740774 0.6924667
0.2631579 -0.2143248 0.9483819
0.3333333 -0.181681 0.9032357
0.2280702 0.01263317 0.6532842
0.2280702 -0.2088836 1.156245
0.2748538 -0.2540366 1.059361
0.3040936 -0.2323943 1.055121
0.4619883 -0.02518112 0.5191249
0.4093567 -0.1047362 0.6867788
0.380117 -0.2050368 0.8698146
0.4269006 -0.1802841 0.795155
0.2982456 -0.1494408 0.9176043
0.5730994 -0.1532077 0.7281605
0.2748538 -0.1678761 0.9613699
0.2690058 -0.2021699 1.043632
0.2923977 -0.08562517 0.8297221
0.2631579 -0.05828344 0.83725
0.3333333 -0.2859593 0.9866732
0.1988304 -0.3840186 1.508914
0.2046784 -0.377888 1.469572
0.2573099 0.1610222 0.2301025
0.4093567 -0.06251694 0.5548915
0.2046784 -0.1032231 0.9512558
0.3391813 -0.09750086 0.6468488
0.3157895 -0.06899291 0.7281166
0.5847953 -0.2290471 0.7070537
0.2923977 -0.2664183 1.063717
0.3625731 -0.0213238 0.6406605
0.3508772 -0.1322538 0.7972626
0.3216374 -0.2009583 0.9592571
0.4444444 -0.2196801 0.8169374
0.3274854 -0.2719423 0.8727646
0.6023392 -0.1093379 0.6374411
0.2982456 -0.2120984 0.9712473
0.2397661 -0.1401703 0.2707758
0.2163743 -0.3265451 1.407722
0.245614 -0.234299 1.135814
0.3333333 -0.163547 0.5862096
0.245614 -0.2988487 1.006
0.251462 -0.07096942 0.8776424
0.2748538 -0.2005724 0.9708607
0.4912281 -0.1763018 0.7127238
0.2280702 0.1419378 0.03911466
0.3450292 -0.2148851 0.9264877
0.4093567 -0.05210769 0.587669
0.2923977 -0.001860378 0.6981484
0.3859649 -0.1258183 0.7575946
0.3918129 -0.1006096 0.7080825
0.3625731 -0.1661784 0.8458352
0.3099415 -0.2561698 0.990091
0.3099415 -0.2510648 1.041052
0.2748538 -0.232405 1.058933
0.2748538 -0.2245484 1.114746
0.2690058 0.008808368 0.5100422
0.1988304 -0.4973051 1.139346
0.2280702 -0.2824261 1.107218
0.3450292 -0.3290301 1.089913
0.3918129 -0.2213022 0.8961148
0.4561404 -0.06303652 0.5524766
0.2807018 -9.244712e-06 0.6963155
0.4561404 -0.225731 0.8150088
0.3391813 -0.1056107 0.6899725
0.3859649 -0.1818395 0.7851359
0.4385965 -0.2639831 0.8226667
0.2339181 0.1169303 0.1441618
0.2105263 0.06062824 0.3362508
0.4093567 -0.1585613 0.7148116
0.3274854 -0.06643259 0.5580977
0.2046784 -0.5491677 1.411017
0.1929825 0.1014777 0.8437096
0.3684211 -0.1409701 0.7313962
0.2923977 -0.1574945 0.5332353
0.3216374 -0.1624433 0.9004871
0.4385965 -0.2380408 0.8503736
0.3859649 -0.2928048 0.7639067
0.2573099 -0.1601466 1.026652
0.4561404 -0.184109 0.7629706
0.5672515 0.05811882 0.4499129
0.2807018 0.007211293 0.6510415
0.4152047 -0.1050234 0.685253
0.2982456 -0.2745184 1.085281
0.502924 -0.05975028 0.5662765
0.4327485 -0.1599026 0.760428
0.3216374 -0.1893761 0.8523292
0.2923977 -0.14359 0.6684038
0.2748538 -0.1486228 0.9479152
0.2982456 -0.09764778 0.6055069
0.3859649 -0.2491884 0.8712421
0.2690058 -0.1890985 0.9962031
0.2807018 -0.1728501 0.9755788
0.3274854 -0.02007789 0.5941538
0.251462 -0.2350814 1.034563
0.497076 -0.1387828 0.6938511
0.3859649 -0.0814182 0.6401745
0.2631579 -0.4331016 1.430395
0.3684211 -0.3177093 0.9963491
0.2339181 -0.2442864 0.9725205
0.2748538 -0.02487879 0.7177082
0.3508772 0.07312487 0.5400209
0.2280702 -0.09682342 0.919563
0.4619883 -0.2538057 0.8533675
0.1695906 -0.2739928 1.4721
0.2397661 -0.1670136 0.8084093
0.2397661 -0.1309264 0.7390299
0.3567251 -0.03582383 0.6281628
0.3040936 -0.135664 0.9272602
0.2046784 -0.1482808 1.201394
0.3567251 -0.07839912 0.734077
