0.2807018 -0.1529161 0.905435
0.3274854 -0.1379043 0.8104837
0.3450292 -0.09185001 0.7668746
0.245614 -0.09549775 0.8718171
0.3040936 -0.05934769 0.6438975
0.3274854 -0.156029 0.8264571
0.3976608 -0.1998884 0.7984075
0.4385965 -0.2326218 0.8383502
0.3567251 -0.1921057 0.8714891
0.502924 -0.2755018 0.7803222
0.3625731 -0.1937419 0.836099
0.2807018 -0.2121118 1.018438
0.3450292 -0.1570204 0.8299778
0.3508772 -0.2873764 0.9923696
0.2690058 -0.2304085 1.091286
0.4035088 -0.1893226 0.753226
0.5087719 -0.1635913 0.65504
0.4210526 -0.2282786 0.832793
0.1929825 -0.4337917 1.668893
0.2982456 -0.2317268 1.042171
0.5204678 -0.1498845 0.6315332
0.5380117 -0.2099354 0.7012112
0.3625731 -0.2288001 0.9120826
0.5438596 -0.2150477 0.7357904
0.245614 -0.09772451 0.6948609
0.2865497 -0.2172811 1.058342
0.2807018 -0.1615207 0.9631488
0.380117 -0.1164405 0.7108085
0.2631579 -0.03727552 0.7085011
0.2222222 -0.3130723 1.322227
0.380117 -0.1196174 0.7386806
0.2105263 -0.3240668 1.396408
0.3859649 -0.004485718 0.5767841
0.4619883 -0.1255888 0.6793128
0.3040936 -0.1247171 0.8475842
0.2865497 0.04837623 0.5545537
0.5906433 -0.1598884 0.6398471
0.1637427 -0.2548003 0.7512574
0.374269 -0.2066113 0.9000467
0.380117 -0.09877709 0.6832365
0.2865497 -0.2052417 0.8108195
0.4385965 -0.2918408 0.8764604
0.3157895 -0.2106081 0.775157
0.245614 -0.2153631 1.075256
0.3508772 -0.2083569 0.8191591
0.4035088 -0.08714475 0.634703
0.3040936 -0.2611956 1.078343
0.4444444 0.06495734 0.449551
0.4561404 -0.2074313 0.8108981
0.380117 -0.2952191 0.9502741
0.3859649 -0.223275 0.8866699
0.3216374 -0.2397126 0.9655086
0.380117 -0.1440916 0.7817045
0.4093567 -0.2167407 0.8095176
0.4035088 -0.2217858 0.8217674
0.2982456 -0.1174212 0.8601139
0.4502924 -0.02895168 0.4623158
0.2923977 -0.3570319 1.11852
0.3508772 -0.2039447 0.9009633
0.2222222 -0.1781444 1.088208
0.4795322 -0.1462258 0.6402822
0.380117 -0.1666124 0.7763842
0.3625731 -0.1355033 0.7743923
0.5380117 -0.2002672 0.6965034
0.245614 -0.2318453 1.170534
0.3508772 -0.07317916 0.5390433
0.3216374 -0.2582714 0.9315302
0.3450292 -0.2623466 1.014397
0.4502924 -0.2048102 0.7141991
0.4502924 -0.1435128 0.6924408
0.2631579 -0.2099778 1.043925
0.5087719 -0.3216915 0.8176351
0.3567251 0.02039864 0.4905448
0.2865497 -0.284226 1.093726
0.2982456 -0.08538536 0.8625817
0.2046784 -0.3375995 1.342382
0.2573099 -0.1610324 0.9803361
0.3157895 -0.008771899 0.6855976
0.3450292 -0.06547561 0.6309267
0.1929825 -0.1485583 0.9882269
0.3040936 -0.2721153 1.07257
0.2865497 -0.209243 1.038864
0.4385965 -0.3067232 0.8781093
0.3625731 -0.2657946 0.9669669
0.6374269 -0.2178781 0.6799321
0.3567251 -0.08115909 0.7094253
0.3508772 -0.1189942 0.7889448
0.4502924 -0.1474214 0.6992262
0.3391813 -0.1115262 0.6501676
0.3391813 0.05933904 0.5437856
0.1637427 -0.1956602 0.8850643
0.3859649 -0.1806881 0.8512079
0.5204678 -0.2201623 0.7482998
0.1929825 -0.1731746 1.262433
0.2105263 -0.17486 1.167733
0.3333333 -0.09401958 0.6282589
0.2748538 -0.2652755 1.078257
0.2982456 -0.3408108 1.131778
0.2923977 -0.2567451 0.9511118
0.2748538 -0.1451708 0.9767426
0.2690058 -0.3242336 1.116119
0.4210526 -0.1056799 0.5856359
0.4269006 -0.06457143 0.6049205
0.3099415 -0.2436504 0.9829971
0.3099415 -0.162407 0.8588306
0.2982456 -0.1672921 0.9324969
0.2690058 -0.250731 1.110555
0.2690058 -0.3133703 1.125675
0.2982456 -0.223667 0.84227
0.2865497 -0.1559466 0.9994462
0.2631579 -0.2864484 1.195192
0.2807018 -0.05669529 0.7651962
0.2807018 -0.384415 1.167614
0.2923977 -0.3249685 0.5448942
0.4269006 -0.2159682 0.8342485
0.3274854 -0.260473 0.9622864
0.2807018 -0.1272096 0.9266155
0.4619883 -0.04536263 0.5530351
0.2923977 -0.1130681 0.7561255
0.2748538 -0.101085 0.8981288
0.2807018 -0.1922289 0.9590359
0.2631579 -0.2035679 1.062353
0.251462 -0.1483117 0.9210305
0.1637427 -0.2198023 1.237857
0.3684211 -0.1653637 0.667567
0.3859649 -0.07091445 0.5567442
0.2339181 -0.1544958 1.084307
0.2631579 -0.3491665 1.199975
0.2631579 -0.1978947 1.087045
0.2865497 -0.1831955 1.010391
0.4502924 -0.1073331 0.6063556
0.2807018 -0.1728916 0.8758256
0.3625731 -0.1200389 0.6525781
0.3391813 -0.183131 0.8776921
0.4210526 -0.07049756 0.6380148
0.3040936 -0.08478677 0.6660082
0.3450292 -0.2647144 0.9353121
0.2280702 -0.1546575 0.8313429
0.3567251 -0.1968039 0.8723255
0.2397661 -0.05517596 0.8761639
0.2923977 -0.2309016 1.062636
0.4210526 -0.1542292 0.727796
0.3450292 -0.2092986 0.9244756
0.2690058 -0.2208751 1.121609
0.3216374 -0.3351222 1.141029
0.2748538 -0.3498132 1.236936
0.2280702 -0.3315772 1.046471
