0.380117 -0.3397781 1.032023
0.6842105 -0.07451895 -0.436361
0.4678363 -0.1288728 0.6835208
0.6666667 -0.1675629 0.5840659
0.5204678 0.01426594 0.4805916
0.619883 -0.3482997 0.8085402
0.8187135 -0.6091938 0.9987351
0.6959064 -0.02708773 0.4718043
0.502924 -0.2802379 0.8040892
0.5321637 0.008770716 0.5145708
0.6666667 -0.09166521 0.5080571
0.5964912 -0.1946101 0.6754923
0.4736842 -0.2548072 0.8194211
0.4444444 -0.1975591 0.7855601
0.4327485 -0.3050166 0.2777779
0.6900585 -0.3872046 0.8145017
0.7134503 -0.06693687 0.5331808
0.6549708 -0.361677 1.236846
0.4912281 0.2702383 0.7290779
0.3684211 -0.3790656 1.03574
0.5146199 -0.07050516 0.6351676
0.5204678 -0.2059742 0.7311784
0.4269006 -0.2844566 0.9165279
0.5964912 -0.2573774 0.8066262
0.6666667 -0.2943596 0.7425098
0.5380117 -0.2403753 0.7916678
0.5321637 -0.4713175 1.140785
0.3099415 -0.2728114 1.079363
0.4210526 -0.1926704 0.7822225
0.3333333 -0.3753079 1.112441
0.5555556 -0.2104124 0.735849
0.6959064 -0.7286583 1.127332
0.6842105 -0.3735238 0.8016368
0.5321637 -0.2292087 0.7843283
0.6959064 -0.2771693 0.6877747
0.5847953 -0.2818501 0.7886309
0.6549708 -0.1821226 0.6081876
0.497076 -0.2513135 0.8098931
0.6959064 -0.1485388 0.5829622
0.877193 -0.5428051 0.9725152
0.6608187 -0.4269984 0.968781
0.497076 0.01095962 0.4631749
0.6549708 -0.126316 0.5145293
0.5263158 -0.2463421 0.7926145
0.5087719 -0.1720596 0.7196849
0.5614035 -0.2897513 0.7768037
0.502924 -0.2840001 0.8000148
0.625731 -0.3077349 0.7555745
0.497076 -0.2162573 0.7638385
0.502924 -0.1928197 0.7263681
0.3216374 -0.3259389 1.124029
0.5906433 -0.01505062 0.5285546
0.7368421 -0.55556 0.9618837
0.4561404 -0.2471994 0.842053
0.4795322 -0.2104323 0.7650306
0.5380117 -0.2931482 0.8226848
0.4795322 -0.1814155 0.7123137
0.6081871 -0.4356328 1.125024
0.6023392 -0.1805911 0.8592207
0.4795322 -0.3278646 0.8533364
0.5146199 -0.3073565 0.8246526
0.6023392 -0.4009181 0.8500102
0.5263158 -0.214735 0.7685424
0.4853801 -0.07767685 0.7140641
0.7076023 -0.216868 0.7136308
0.5964912 0.1978844 0.276543
0.6023392 -0.1462341 0.6047649
0.5087719 -0.2800966 0.7868469
0.4912281 -0.1462372 0.7158244
0.497076 -0.1354642 0.6817572
0.619883 -0.2697449 0.7497951
0.6900585 0.5925551 -0.1364701
0.5555556 -0.1862234 0.7224315
0.3450292 -0.3722434 1.141272
0.6725146 -0.2655164 0.7478881
0.6081871 -0.2494568 0.7228243
0.3976608 -0.1806117 0.8128353
0.5321637 -0.2714503 0.7891234
0.3684211 -0.2555768 0.9618244
0.619883 -0.190905 0.8365945
0.6140351 -0.1049056 0.5805373
0.6432749 -0.1764914 0.6268978
0.5730994 -0.2420585 0.7485821
0.6432749 -0.2595358 0.736901
0.5906433 0.01494028 0.3973415
0.5146199 -0.2759208 0.8376916
0.6666667 -0.2861187 0.7761519
0.2865497 -0.4535696 1.372686
0.4152047 -0.2563542 0.8943814
0.7660819 -0.6653108 1.064184
0.6491228 -0.1513453 0.6405501
0.2748538 -0.3132903 1.187151
0.4444444 -0.2359499 0.8837678
0.7017544 -0.6424043 1.051101
0.6315789 0.1660629 0.3211966
0.5789474 -0.1489501 0.6863381
0.3859649 -0.2764071 0.8431718
0.2982456 -0.4210912 1.298149
0.3274854 -0.5403594 1.260667
0.502924 -0.122491 0.6476892
0.5380117 -0.2208283 0.694925
0.6432749 -0.320563 0.7766549
0.5614035 -0.0008494226 0.4349062
0.5263158 -0.1720364 0.6753154
0.5087719 -0.1666731 0.6847456
0.3333333 -0.3264785 1.139348
0.5146199 -0.2013267 0.6814634
0.7777778 0.1552686 0.2623127
0.4385965 -0.2632651 0.9002555
0.5730994 -0.2638322 0.5490201
0.3684211 -0.2145357 0.9013983
0.4327485 -0.1766364 0.8205053
0.5438596 -0.2164083 0.7398914
0.4912281 -0.06365922 0.3615112
0.6549708 -0.2444678 0.6902828
0.6432749 -0.2572327 0.7288233
0.7251462 -0.1371202 0.5780945
0.6023392 -0.2072665 0.6816679
0.619883 -0.3727254 1.01917
0.6959064 -0.1898381 0.6107766
0.4736842 -0.2349518 0.8014428
0.8362573 -0.2357451 0.7978054
0.7134503 -0.03537817 0.497323
0.7660819 -0.24377 0.6731726
0.5321637 -0.2668755 0.7827968
0.7076023 -0.2295292 0.6760402
0.4093567 -0.5038529 1.408224
0.380117 -0.3369772 1.049437
0.5906433 -0.1702746 0.7132122
0.5087719 -0.2655731 0.8122849
0.5614035 -0.1056869 0.6579544
0.4619883 -0.1674399 0.7306679
0.5906433 -0.2745323 0.7474977
0.6023392 -0.2505939 0.770535
0.6549708 -0.2536972 0.741269
0.4619883 -0.2175508 0.7653374
0.619883 -0.1052719 0.5501163
0.619883 -0.1569992 0.7180747
0.6608187 -0.3073781 1.015692
0.4093567 -0.2420638 0.8821327
0.6140351 -0.219347 0.6748967
0.6666667 -0.03248773 0.5085832
0.4619883 -0.2612471 0.8636366
0.6608187 -0.2181027 0.6664332
0.3859649 -0.2192904 0.8508584
0.6842105 -0.04851129 0.4715946
0.7719298 -0.3548638 0.777588
0.5847953 -0.2688907 0.7437874
0.4269006 -0.1830803 0.7554391
0.7017544 -0.07688319 0.5215096
0.4795322 -0.3235762 0.8429359
0.4619883 -0.2058424 0.8040229
0.374269 -0.1511185 0.5749523
0.3508772 -0.2285557 0.9431065
0.5730994 -0.05615052 0.5543489
0.5847953 -0.650331 0.9406097
0.5555556 -0.2767602 0.7554624
0.6725146 -0.08320318 0.5272135
0.5555556 -0.07834265 0.5537805
0.7076023 -0.2588692 0.7190762
0.5497076 -0.01476792 0.4788399
0.7251462 -0.1764929 0.6924367
0.6666667 -0.07188778 0.5559819
0.5380117 -0.157405 0.6713309
0.7309942 0.03510254 0.3379042
0.6374269 -0.1390568 0.62492
0.6549708 -0.1011396 0.5334292
0.3567251 0.02940658 0.4940743
0.6783626 -0.3263906 0.7585983
0.6081871 -0.201516 0.6801735
0.5087719 -0.2182621 0.7690671
0.7076023 -0.1424102 0.587452
0.4502924 -0.2006167 0.7646957
0.5087719 -0.3026676 0.7766605
0.5263158 -0.3572773 0.8293622
0.3040936 -0.3003771 1.086799
0.6608187 -0.2029054 0.6319653
0.625731 -0.3587539 0.7872288
0.3099415 -0.3733125 1.142822
0.5497076 -0.06553086 0.5507656
0.6783626 0.2842414 0.1621965
0.5614035 -0.08192631 0.5686851
0.5964912 -0.2393397 0.747566
0.7251462 -0.2869198 0.7024267
0.6140351 -0.4002209 0.8488761
0.6140351 -0.1915243 0.6726117
0.5614035 0.07180007 0.3607302
0.6081871 -0.3291875 0.7681778
0.3976608 -0.2598616 0.9114557
0.4385965 -0.2596762 0.3411446
0.619883 -0.2627684 0.7208088
0.3684211 -0.3688185 1.068052
0.4269006 -0.1977289 0.7918825
0.4561404 -0.2497695 0.7088664
0.6900585 -0.09269413 0.5022222
0.5497076 -0.1649824 0.6712835
0.7777778 -0.5421415 1.00128
0.6432749 0.1188468 0.2765567
0.5906433 -0.392852 0.8146398
0.4853801 -0.157117 0.6918741
0.6842105 -0.1639145 0.5741744
0.374269 -0.2404083 0.9561503
0.6666667 -0.2124263 0.6499287
0.7017544 -0.3269257 0.7465386
0.5438596 -0.1399166 0.6760572
0.5438596 -0.1920575 0.735012
0.6374269 -0.3196461 0.7728291
0.4619883 -0.2305419 0.8129877
0.4736842 -0.1765837 0.7070054
0.4327485 -0.2671606 0.8665153
0.5380117 -0.2260574 0.1300124
0.5964912 -0.2271285 0.7273542
0.3684211 -0.3325219 1.022532
0.7953216 0.6387729 -0.1942702
0.754386 -0.2212493 0.6522775
0.7134503 -0.3187299 0.7740944
0.5146199 -0.284995 0.7907806
0.4853801 -0.2388222 0.7932888
0.497076 -0.04985505 1.743513
0.7426901 0.01924111 0.478558
0.4152047 -0.1978061 0.7850582
0.4152047 -0.2351823 0.8633698
0.6549708 -0.1254799 0.5408651
0.625731 -0.07967857 0.5207915
0.6315789 -0.2188931 0.6806041
0.4912281 -0.2931798 0.8331096
0.2631579 -0.1891109 1.060748
0.4619883 -0.2141453 0.8165398
0.6081871 -0.3367228 0.8078237
0.4210526 -0.2015215 0.8178339
0.2690058 -0.2486503 1.172325
0.748538 -0.4439379 0.8697574
0.4269006 -0.1203551 0.7280718
0.4561404 -0.09983388 0.9015826
0.5321637 -0.1598323 0.7260586
0.3625731 -0.1782152 0.8259785
0.4795322 -0.2802104 0.8508831
0.5087719 -0.2458861 0.7953192
0.4678363 -0.1839695 0.9479406
0.4444444 -0.2374423 0.8356923
0.3976608 -0.2472614 0.8937423
0.6023392 -0.1930637 0.7026498
0.3918129 -0.2463674 0.9243252
0.4736842 -0.131136 0.7337117
0.619883 -0.02382163 0.5049274
0.5321637 -0.5002497 1.292613
0.8596491 -1.213768 1.649714
0.8479532 -0.9629704 1.462041
0.5847953 -0.1657086 0.7767955
0.5614035 -0.2514882 0.7490842
0.619883 -0.3281229 1.347677
0.5321637 -0.1599886 0.6886347
0.6023392 -0.1325917 0.6482226
0.5555556 -0.2066885 0.7355602
0.5321637 -0.1635999 0.6886143
0.5204678 -0.2031824 0.7573232
0.5146199 -0.3022619 0.8434829
0.4152047 -0.2569766 0.9134047
0.5438596 -0.1277994 0.6305283
0.4912281 -0.2733375 0.8309437
0.748538 -0.6810739 1.097854
0.5263158 -0.1698228 0.7113816
0.374269 -0.2412975 0.9350444
0.5614035 -0.182562 0.7032516
0.497076 -0.2603444 0.8328202
0.6549708 -0.2778569 0.7446464
0.6081871 -0.3571866 0.8158806
0.502924 -0.2130379 0.7757342
0.7309942 -0.1881553 0.7058957
0.8070175 -0.5319967 0.9461031
0.6023392 -0.04077117 0.5395037
0.3625731 -0.1895435 0.4430453
0.6666667 -0.2903936 0.7349205
0.6725146 -0.1328342 0.5869862
0.6023392 -0.1626891 0.6838424
0.7017544 -0.1879056 0.6446052
0.5730994 -0.3274086 0.80089
0.374269 -0.2680072 0.9861643
0.5146199 -0.2279137 0.4272868
0.374269 -0.2055166 0.9038447
0.374269 -0.1801032 0.8212176
0.6783626 -0.161639 0.6075728
0.4327485 -0.1132437 0.7101085
0.6666667 -0.04303937 0.4975608
0.4853801 -0.2471076 0.7970386
0.4152047 -0.3065238 0.9546127
0.6374269 -0.08330104 0.6066514
0.5964912 -0.1202794 0.5900163
0.6081871 -0.1542167 0.6319117
