0.3333333 -0.07420347 0.6997264
0.3450292 -0.06660213 0.7114917
0.3625731 -0.1045386 0.6343976
0.619883 -0.400638 0.8102622
0.4444444 0.03154466 0.3768349
0.4736842 0.01669846 0.414257
0.3391813 -0.1423682 0.7422415
0.2631579 -0.1718744 0.9951341
0.7076023 -0.04709796 0.4904965
0.4853801 -0.08984978 0.6107009
0.9005848 -4.740186 5.167768
0.2690058 -0.2171852 1.053404
0.3274854 -0.1687295 0.8601052
0.5380117 -0.178521 0.677804
0.4619883 -0.1987702 0.7601291
0.2807018 -0.1417076 0.9586711
0.5847953 -0.03422845 0.5066403
0.3040936 -0.3450703 1.148902
0.3391813 -0.2166472 0.8597459
0.4736842 -0.08416779 0.4069482
0.4912281 -0.04991173 0.5531718
0.502924 -0.0575773 0.5430635
0.4385965 -0.2721053 0.8351294
0.4736842 -0.05788154 0.5541241
0.2982456 -0.2073087 0.8398468
0.3508772 -0.02734421 0.6305084
0.5438596 -0.02223143 0.4837723
0.3450292 -0.1712432 0.8175045
0.4385965 -0.3336447 1.176113
0.2631579 -0.1828647 0.9385217
0.4444444 -0.1140346 0.6400971
0.3099415 -0.2891964 1.083687
0.497076 -0.1464679 0.6299239
0.2982456 -0.1550316 0.9362765
0.1637427 -0.1726091 1.433668
0.3450292 -0.3697394 1.103846
0.4619883 -0.2008285 0.7536205
0.3625731 -0.1856128 0.8215465
0.4093567 -0.03003609 0.5425425
0.374269 -0.02965242 0.5858742
0.3684211 -0.0283284 0.5515022
0.4444444 -0.1067796 0.6505867
0.5555556 -0.1849245 0.6650731
0.4561404 -0.04010627 0.5672307
0.5789474 -0.09093283 0.5687596
0.1871345 -0.5358332 0.9143479
0.4093567 -0.1893023 0.6952622
0.6023392 -0.2583882 0.6842365
0.245614 -0.4075801 1.374203
0.3274854 -0.3784959 0.8391819
0.4035088 -0.1655448 0.8232135
0.2865497 -0.1860519 0.9932891
0.619883 -0.1906314 0.6246682
0.3684211 -0.05569083 0.7030236
0.251462 -0.0562033 0.768884
0.3450292 -0.1100554 0.7187609
0.2865497 -0.1731148 0.9085276
0.2631579 -0.2464786 1.09475
0.5146199 -0.1249721 0.6042536
0.5906433 -0.2756807 0.7561726
0.5321637 -0.3220828 0.8276589
0.4619883 -0.1628089 0.6839657
0.3508772 -0.2126926 0.9389277
0.6725146 -0.1265164 0.5749985
0.3625731 -0.1813792 0.8682834
0.2105263 -0.2513927 1.335859
0.2397661 -0.317203 1.250827
0.3040936 -0.1509767 0.7248485
0.5672515 -0.2380106 0.6839127
0.6900585 -0.22757 0.6559745
0.2865497 -0.3310025 1.201694
0.6783626 -0.2138272 0.6519452
0.4093567 -0.1205095 0.7357335
0.4093567 -0.06249888 0.5858267
0.4619883 -0.03614908 0.5754941
0.380117 -0.1609188 0.7322807
0.3391813 0.0005891722 0.5693952
0.380117 -0.2494304 0.9202078
0.1988304 -0.3164154 1.509181
0.3216374 -0.247762 0.9183557
0.2807018 0.07068291 0.5460866
0.3684211 -0.2078431 0.8505695
0.3450292 -0.0657921 0.5367907
0.3040936 -0.1343528 0.7782942
0.3040936 -0.1537801 0.8477008
0.4444444 -0.3202615 0.9006258
0.3391813 -0.1928051 0.8713782
0.4385965 -0.1525592 0.725581
0.7836257 -0.2289837 0.6669488
0.8128655 -0.2686462 0.6937716
0.4269006 -0.2494097 0.848231
0.6315789 -0.2388219 0.7201965
0.3450292 -0.3194752 1.000284
0.4035088 -0.2073857 0.844225
0.4210526 -0.2042452 0.7329427
0.2631579 -0.3390541 1.255799
0.4035088 -0.1419847 0.7556381
0.3508772 0.005796936 0.5027829
0.4269006 -0.2349092 0.813201
0.4269006 -0.1795415 0.7206874
0.3918129 -0.3112975 0.9375908
0.3508772 -0.16718 0.7820742
0.497076 -0.05189194 0.5775666
0.5087719 -0.2779306 0.7774346
0.380117 -0.2660283 0.9404561
0.4619883 -0.1847451 0.7774934
0.4619883 -0.2644271 0.8375038
0.5906433 -0.2636389 0.7091541
0.5438596 -0.2021489 0.6934755
0.3684211 -0.1932061 0.8793749
0.2280702 -0.2745809 1.299757
0.3976608 -0.06332942 0.6440574
0.2690058 -0.1500006 0.8474658
0.3976608 -0.1705382 0.7747555
0.2865497 -0.1751367 0.9924744
0.4795322 -0.1844209 0.7198003
0.5789474 0.08958399 0.3455995
0.502924 -0.2502175 0.8184406
0.3157895 -0.2248539 1.037948
0.4035088 -0.240419 0.8623849
0.6432749 -0.349368 0.7759077
0.5906433 -0.2940287 0.7561423
0.2573099 -0.3701006 1.335706
0.6608187 -0.05660724 0.5573072
0.245614 -0.3590117 1.336457
0.3157895 -0.1803232 0.9225844
0.5497076 -0.3286125 0.804514
0.4678363 -0.2364789 0.7972939
0.251462 -0.07984405 0.781429
0.5614035 -0.3082395 0.7919737
0.2982456 -0.2123894 1.023059
0.5847953 -0.3028219 0.7689475
0.7134503 -0.5591532 0.9433349
0.380117 -0.1386646 0.7815569
0.4093567 -0.2076113 0.8194146
0.6023392 -0.2660495 0.7075662
0.2748538 -0.234406 1.031664
0.5438596 -0.2384364 0.7366188
0.3333333 -0.1171315 0.7442105
0.380117 -0.08411752 0.6792813
0.4035088 -0.06218467 0.6778662
0.4561404 -0.090714 0.6418907
0.251462 -0.09714465 0.8941319
0.4736842 -0.194764 0.7376848
0.3625731 -0.1729512 0.8611919
0.5263158 -0.2744895 0.7776454
0.3918129 -0.04065331 0.5938198
0.2923977 -0.238646 0.9895456
0.4912281 -0.09875417 0.6104722
0.1578947 -0.5040963 1.444495
0.4269006 -0.1800338 0.7454949
0.3976608 -0.1911431 0.790513
0.4035088 -0.155856 0.7460794
0.4502924 -0.1400863 0.6543357
0.3976608 -0.1538252 0.7682288
0.497076 -0.1097651 0.598078
0.3040936 -0.2030421 0.9686381
0.6549708 -0.01447953 0.4427478
0.3333333 -0.06252485 0.6376016
0.4678363 -0.1745575 0.720432
0.3450292 0.07849678 0.2956964
0.4152047 -0.2647934 0.8927637
0.4035088 -0.0731329 0.6151616
0.4210526 -0.08350824 0.6493198
0.3099415 -0.20226 0.9559476
0.5555556 -0.2323592 0.6864408
0.5204678 -0.1544512 0.667287
0.2865497 -0.1819717 0.8680109
0.374269 -0.1851795 0.833035
0.4035088 -0.1542275 0.7413413
0.4912281 0.009173341 0.4426913
0.3157895 -0.1179015 0.9043004
0.3333333 -0.2511884 1.016123
0.2807018 -0.1104733 0.8722306
0.2982456 -0.3438044 0.937903
0.4385965 -0.1095483 0.686652
0.5204678 -0.06606494 0.5478868
0.3099415 -0.1785219 0.9445435
0.2163743 -0.247315 1.318284
0.5204678 -0.1162316 0.5322428
0.3450292 -0.1682969 0.8659735
0.6081871 0.1097369 0.1899932
0.5614035 -0.3153689 0.7666233
0.3625731 -0.1598261 0.8058817
0.748538 0.1199663 0.1834501
0.4678363 -0.09477035 0.5844684
0.4152047 -0.2487813 0.8975739
0.3567251 -0.1509444 0.7640538
0.2690058 -0.1436567 0.9007416
0.502924 -0.2591203 0.7565331
0.4210526 -0.3288503 0.8697429
0.3450292 -0.02761002 0.4168772
0.3450292 -0.163606 0.7827112
0.245614 -0.1082206 0.8836183
0.3157895 -0.09225294 0.731016
0.2397661 -0.1121074 0.6491016
0.4444444 -0.106653 0.6095821
0.2163743 -0.211294 1.210798
0.2923977 -0.2169931 0.9520024
0.4678363 -0.02984411 0.5177972
0.2865497 -0.1126419 0.8418765
0.3684211 -0.09000378 0.6728367
0.4210526 -0.2668505 0.8169024
0.4035088 -0.03781295 0.6680384
0.3099415 -0.3181319 1.114836
0.4444444 -0.08459841 0.6234218
0.4385965 -0.1829125 0.7733777
0.6432749 -0.1819461 0.6065038
0.3216374 0.08102717 0.4327693
0.2573099 -0.06762867 0.4343672
0.380117 0.07658193 0.330937
0.3157895 -0.2115301 0.987023
0.497076 -0.01371561 0.4442714
0.3625731 -0.1214268 0.6476664
0.3918129 -0.2211225 0.8621856
0.3567251 -0.2193489 0.8857747
0.4035088 -0.07896463 0.7392663
0.3274854 -0.2961013 1.045072
0.7368421 -0.3257611 0.7098737
0.3157895 -0.2339284 0.9616818
0.5497076 -0.2051345 0.6884079
