0.3918129 -0.1592272 0.8310518
0.2573099 -0.1390605 0.8574166
0.2807018 -0.1682686 0.9468784
0.2690058 -0.3442079 0.9304029
0.1578947 -0.2327436 0.8570321
0.2163743 0.01614636 0.7187372
0.3976608 -0.2310148 0.7920788
0.3157895 -0.2462918 1.008211
0.2397661 -0.1779208 1.011578
0.4210526 -0.1025171 0.6579464
0.245614 -0.3061377 1.286101
0.2339181 -0.227195 1.104795
0.2865497 -0.1389077 0.9323154
0.3450292 -0.1388602 0.7906083
0.2690058 -0.1653824 0.7617592
0.1637427 -0.4202128 1.751113
0.2339181 -0.343151 0.9602022
0.245614 -0.1333388 0.8435579
0.2807018 -0.3402461 1.037287
0.3274854 -0.1782563 0.8571978
0.2865497 -0.1855582 0.9310214
0.4795322 -0.2235313 0.7737125
0.2339181 -0.1988597 0.9861966
0.2690058 -0.1179578 0.8060192
0.245614 -0.4535982 1.011027
0.1754386 -0.1593292 0.9067449
0.2397661 -0.1883356 1.065083
0.2807018 -0.232299 1.100724
0.374269 -0.2069469 0.7696223
0.3099415 -0.05952652 0.7150493
0.2865497 -0.1745026 0.9134454
0.5555556 -0.3053727 0.7864241
0.4269006 -0.1087784 0.555609
0.2923977 -0.2133341 0.8281129
0.245614 -0.3510558 1.207591
0.3684211 -0.2250215 0.8865279
0.3216374 -0.2264593 0.9651631
0.251462 -0.1670122 0.8049316
0.2163743 -0.3165994 1.258663
0.2631579 -0.3593719 1.208916
0.2222222 -0.2570021 1.300388
0.625731 0.1689592 0.252642
0.3508772 -0.1263365 0.7505355
0.3918129 -0.1929449 0.8032845
0.5321637 -0.1877197 0.6445361
0.4035088 -0.04264187 0.6329244
0.4502924 -0.1202797 0.6015737
0.2573099 0.004261572 0.7365399
0.3684211 -0.2505769 0.8599941
0.3508772 -0.2019816 0.8688911
0.4561404 -0.3277511 0.8891064
0.2397661 -0.2522042 1.216299
0.1988304 -0.2222286 1.294443
0.2105263 -0.3644387 1.393431
0.1929825 -0.00898427 0.8179117
0.2690058 -0.2964664 1.074953
0.2163743 -0.0502359 0.0577211
0.1988304 -0.07778982 0.4408324
0.4327485 -0.2335642 0.8185127
0.2923977 -0.233332 0.8260297
0.2280702 -0.04755546 0.8880429
0.380117 -0.11187 0.6762779
0.2397661 -0.089508 0.8043658
0.2046784 -0.1107503 0.6357969
0.3274854 -0.2481672 0.9636282
0.3684211 -0.1658233 0.8466696
0.2163743 -0.08259043 0.8211841
0.2690058 -0.2368203 1.138739
0.2280702 0.01561532 0.404872
0.380117 -0.1793747 0.7862199
0.3274854 -0.2899816 1.064056
0.2690058 -0.3138794 1.207226
0.3157895 -0.1572119 0.8660261
0.1988304 -0.3036827 1.390886
0.3508772 -0.3054219 0.9847339
0.3976608 -0.1819926 0.7831061
0.3450292 -0.1187037 0.7769039
0.2865497 -0.163344 0.9682914
0.3157895 -0.1669326 0.8966857
0.3625731 -0.1737627 0.6689071
0.2046784 -0.3055664 1.331437
0.3625731 -0.236705 0.8255669
0.2982456 -0.08425677 0.8720349
0.4269006 -0.1287171 0.5214624
0.3040936 -0.1811099 0.9948841
0.4619883 -0.2343442 0.7744074
0.2690058 -0.1155171 0.8969812
0.3216374 -0.3056327 1.081259
0.2923977 -0.2937578 1.002851
0.2923977 -0.1738269 0.9471046
0.2397661 -0.1567503 1.041155
0.2163743 -0.2763044 1.289099
0.2631579 -0.3326335 1.248816
0.1929825 -0.5331317 1.151935
0.3216374 -0.1274005 0.8305792
0.2807018 -0.09439823 0.813329
0.2631579 -0.1408583 0.8706412
0.3157895 -0.2383642 0.9635678
0.3976608 -0.2052206 0.8116739
0.2748538 -0.1415722 0.825007
0.245614 -0.05413751 0.9316961
0.374269 -0.1023942 0.6347188
0.502924 -0.1182342 0.6462232
0.4853801 -0.2944961 0.8072321
0.3508772 -0.1541381 0.8066592
0.4502924 -0.1640126 0.7482736
0.2923977 -0.2878522 1.118708
0.2046784 -0.140922 1.064401
0.3918129 -0.1093072 0.6134572
0.3684211 -0.2492128 0.9356965
0.4385965 -0.1894861 0.7051851
0.2748538 -0.1134605 0.787641
0.3918129 -0.07150466 0.592204
0.4795322 -0.136411 0.6855644
0.2339181 -0.2394369 1.193981
