0.2573099 -0.3688735 1.026471
0.2982456 -0.2409735 0.7660764
0.2982456 -0.2510288 1.077765
0.3099415 -0.2138041 0.5043056
0.1929825 0.0288152 0.187908
0.2923977 -0.170922 0.9247024
0.2807018 -0.1862169 0.9665503
0.2807018 -0.02362761 0.5534491
0.2573099 -0.2558422 1.136051
0.2690058 -0.154551 0.9788184
0.2397661 -0.2972005 1.126019
0.2105263 -0.1619438 1.084497
0.3099415 -0.4192561 1.143866
0.2807018 -0.1264722 0.9070442
0.3099415 -0.2574484 0.9215923
0.1929825 -0.1803574 1.310093
0.3684211 -0.1203491 0.7463841
0.4502924 -0.1446225 0.6588132
0.3216374 -0.2191382 0.9018675
0.380117 -0.1953846 0.833585
0.2046784 -0.1268671 1.130432
0.2163743 -0.05169971 0.7900539
0.3099415 -0.2928424 0.9754188
0.2339181 -0.1163765 0.8225352
0.374269 -0.1849799 0.8328194
0.1988304 -0.3537125 1.44113
0.1637427 -0.4756379 1.620413
0.2397661 -0.1858737 0.8436008
0.1988304 0.02711767 0.6712288
0.3976608 -0.2662688 0.8665906
0.2865497 -0.2087499 0.9623603
0.3040936 -0.1833743 0.7374211
0.2339181 -0.2680857 1.230896
0.2222222 -0.2252697 0.9109063
0.4152047 -0.1770565 0.752406
0.3625731 -0.06539135 0.6355301
0.1812865 -0.3685431 1.256966
0.3450292 -0.1555634 0.7596976
0.2807018 -0.2689978 1.157574
0.2865497 -0.345083 1.13711
0.1637427 -0.7322212 1.172208
0.2280702 0.001497474 0.6506693
0.2105263 -0.1612624 0.8967809
0.4327485 -0.1823771 0.722415
0.3099415 -0.2053731 0.9625723
0.2280702 -0.237633 0.9107987
0.2105263 -0.2680957 0.9045647
0.1929825 -0.3365495 0.7953546
0.3040936 -0.00614332 0.5220612
0.3040936 -0.1279421 0.8825717
0.2923977 -0.06195124 0.6557292
0.245614 -0.2184346 0.7480992
0.2046784 -0.4348852 1.396863
0.2982456 -0.04843059 0.6320318
0.3274854 -0.05228154 0.4127622
0.2397661 -0.1646395 0.9602857
0.2397661 -0.1466793 1.027103
0.2807018 0.02002654 0.4573912
0.2923977 -0.08555763 0.8118672
0.2807018 -0.2421271 1.096334
0.2923977 0.05004207 0.3815514
0.2397661 -0.08217473 0.9305774
0.2690058 -0.3276937 1.014742
0.1988304 -0.08112999 0.6707127
0.3333333 -0.1785496 0.913105
0.2690058 -0.08348162 0.7815311
0.2397661 0.04508898 0.4326729
0.2865497 -0.1039499 0.6967022
0.3391813 -0.2526645 0.9896467
0.2982456 -0.2036854 0.9169516
0.2807018 -0.2243973 0.9515621
0.2573099 -0.1770456 1.037602
0.1812865 -0.6967159 0.9302741
0.1637427 0.02069038 0.4345074
0.1812865 -0.002571866 0.7409796
0.1871345 -0.3784797 1.276493
0.2105263 -0.1470631 1.101647
0.2163743 -0.1696621 1.006455
0.2690058 -0.07702483 0.845511
0.2690058 -0.2248876 0.9878653
0.2397661 -0.1725659 1.060985
0.3099415 -0.1363297 0.8634327
0.251462 -0.2949853 1.0626
0.2748538 -0.3419235 1.04155
0.245614 -0.2338668 0.9563989
0.2280702 -0.3602892 1.152501
0.2163743 -0.1107074 1.055088
0.3508772 -0.1251466 0.7615896
0.1695906 -0.1188401 1.263055
0.3391813 -0.1288565 0.64202
0.2923977 -0.3366358 1.127023
0.2163743 -0.394583 1.060743
0.5204678 -0.1637595 0.671509
0.4327485 0.109863 0.3852738
0.3040936 -0.09158629 0.8350972
0.3216374 -0.09968213 0.7439778
0.2397661 -0.1470326 0.8601409
0.3157895 -0.08606134 0.5405804
0.2397661 -0.1046066 0.8370893
0.3157895 -0.07871137 0.7136659
0.2397661 -0.2639269 1.073085
0.1988304 -0.265907 1.294415
0.1929825 -0.1229175 1.177304
0.2046784 -0.1968669 1.050215
0.3391813 -0.2947581 0.9994458
0.2163743 0.02782348 0.4046927
0.3391813 -0.2151159 0.8352445
0.3333333 -0.1528815 0.8610388
0.2631579 -0.1686771 0.8884964
0.3099415 -0.2125442 0.8527653
0.2748538 -0.1815064 0.8798736
0.2631579 -0.1926791 0.9899097
0.3216374 -0.1392541 0.796383
0.2339181 -0.1183701 0.82559
0.2923977 -0.09692002 0.6320583
0.3859649 -0.1302174 0.7384185
0.3918129 -0.193332 0.7416767
0.245614 -0.4882261 1.367575
0.2748538 -0.07757672 0.5213614
