0.9005848 -0.2299213 1.149389
0.3567251 -0.1068168 0.7709484
0.374269 -0.05690107 0.6893394
0.5497076 0.02888262 0.4790403
0.5847953 -0.1977964 0.7256657
0.6315789 -0.1653449 0.6538036
0.2573099 0.06026282 0.7564056
0.374269 -0.2747186 1.034428
0.3625731 -0.1074529 0.7541215
0.3333333 -0.3310115 1.099814
0.5321637 -0.1343582 0.7053625
0.4269006 -0.150356 0.7569643
0.619883 -0.1138888 0.5634392
0.3918129 -0.1741796 0.8556387
0.3567251 -0.08090263 0.768368
0.6549708 0.3270987 0.2330213
0.3684211 -0.02684311 0.652647
0.7134503 0.09646794 0.3689846
0.2748538 -0.2125382 1.105914
0.3274854 -0.2174141 0.9354798
0.3918129 0.1103295 0.455061
0.5321637 -0.1312929 0.6774999
0.754386 -0.2733531 0.7722258
0.4210526 -0.1328743 0.8015806
0.4736842 -0.1690161 0.7881463
0.8128655 -1.374896 1.766259
0.4210526 -0.2239039 0.8598751
0.4678363 -0.315441 0.8709536
0.6140351 0.02189237 0.5113949
0.4912281 -0.1936531 0.7212702
0.619883 -0.1895123 0.6426236
0.3274854 -0.1800694 0.9386933
0.5263158 -0.2538833 0.7601659
0.4795322 -0.1189773 0.6662582
0.3216374 -0.08262507 0.8372474
0.5087719 -0.009343439 0.503566
0.4795322 -0.1769851 0.7634819
0.3976608 -0.23374 0.8745571
0.2690058 -0.1680693 1.013198
0.4912281 -0.3148977 0.9198229
0.3508772 -0.1440559 0.9091859
0.3333333 -0.1546657 0.911671
0.4912281 -0.07832238 0.6423239
0.4444444 -0.2593215 0.8611164
0.5146199 -0.2724566 0.893716
0.2982456 -0.2791201 1.151873
0.3859649 -0.2203163 0.9051963
0.4795322 -0.1434895 0.6764923
0.3684211 -0.1654004 0.8717669
0.5730994 -0.223851 0.7770021
0.3625731 -0.3036927 1.018262
0.6491228 -0.8937438 -0.2235275
0.374269 -0.1806277 0.8471191
0.7368421 -0.1198408 0.5452068
0.5146199 -0.2392702 0.7750324
0.3333333 -0.1563187 0.8690422
0.5263158 -0.1276483 0.6388714
0.4619883 -0.1137119 0.7100548
0.3859649 -0.1401868 0.811186
0.3040936 -0.2221523 1.016147
0.3450292 -0.26566 1.052773
0.5204678 -0.1578267 0.6956827
0.245614 -0.05801184 0.9286753
0.2573099 -0.06227369 0.8794302
0.7719298 -0.1064867 0.5380391
0.3567251 -0.1414701 0.8856781
0.4210526 -0.2365057 0.8740425
0.7953216 -0.5065811 0.8979337
0.497076 -0.1407252 0.6940143
0.5614035 -0.2921025 0.7960398
0.374269 -0.2277036 0.9362986
0.3040936 -0.1863517 0.9871435
0.2982456 -0.08339476 0.9241216
0.3567251 -0.3285431 1.069724
0.3918129 -0.2069169 0.8706032
0.3333333 -0.1891004 0.9105749
0.7192982 -0.2859906 0.7337213
0.3450292 -0.1662277 0.9004951
0.2748538 -0.2813498 1.176322
0.6900585 -0.05985428 0.5494245
0.2865497 -0.07403639 0.855789
0.1695906 -0.2267624 1.387683
0.2280702 -0.06872041 0.975194
0.4269006 -0.1069174 0.7169896
0.2105263 -0.1777875 1.257321
0.3274854 -0.2194699 0.9918457
0.4035088 0.1001959 0.4629444
0.5146199 -0.1571727 0.6445168
0.4736842 -0.200101 0.7518493
0.245614 -0.0679365 0.9460476
0.374269 -0.07955886 0.7523654
0.497076 -0.06695308 0.6144
0.245614 -0.1165349 1.032543
0.2865497 -0.01661763 0.6569207
0.3450292 -0.1179567 0.8474907
0.4736842 -0.1728152 0.7316137
0.3274854 -0.1678486 0.9455641
0.4678363 -0.08308282 0.6427794
0.3859649 -0.2250464 0.9209302
0.6783626 -0.04111143 0.5066867
0.3567251 -0.2184793 0.9520178
0.380117 -0.1944559 0.9037381
0.6725146 -0.1291434 0.5626964
0.374269 -0.1810502 0.8758587
0.3274854 -0.07608242 0.81148
0.2397661 -0.1467288 1.009488
0.2923977 -0.1544875 1.006822
0.3391813 -0.3222272 1.136808
0.2046784 -0.3618918 1.554858
0.2573099 -0.251336 1.208968
0.5497076 -0.2816924 0.9826897
0.251462 -0.1116894 1.028145
0.6140351 -0.3542746 0.9977591
0.380117 -0.179658 0.8543429
0.5438596 -0.1210787 0.6946518
0.3684211 -0.2468539 0.9822916
0.5847953 0.1238386 0.4069973
0.4502924 -0.2695368 0.8348113
0.3684211 -0.2643083 0.9596563
0.3918129 -0.2838576 0.948256
0.4678363 -0.2496629 0.8405886
0.4269006 -0.1260428 0.7435826
0.3918129 -0.1190757 0.7041159
0.619883 -0.2033194 0.6850594
0.497076 0.01232155 0.4992395
0.6315789 -0.3607802 0.8049149
0.3040936 -0.1767891 1.0001
0.5146199 -0.2955939 0.9379064
0.6900585 -0.3285671 0.9449684
0.3099415 -0.2450572 1.046442
0.3684211 -0.2218686 0.9206852
0.3859649 -0.2209351 0.8796218
0.2690058 -0.09341342 0.9459606
0.7426901 -0.2515609 0.6724768
0.5730994 -0.1132842 0.5672766
0.4678363 -0.3033692 0.894364
0.4327485 -0.1438977 0.7481696
0.2982456 -0.2662757 1.124345
0.4093567 -0.2184557 0.8499687
0.497076 -0.03830235 0.5530072
0.374269 -0.2311019 0.9157079
0.625731 -0.2918389 0.7665809
0.6608187 -0.2850279 0.7462977
0.380117 -0.2911889 0.9979458
0.4269006 -0.1798448 0.7677126
0.3508772 -0.3747398 1.207741
0.3976608 -0.1374118 0.7660485
0.380117 -0.2462609 0.9428265
0.4912281 -0.309431 0.8322737
0.2573099 -0.160408 1.019132
0.5964912 -0.003887462 0.5121303
0.2982456 -0.2198554 1.015385
0.6081871 -0.2373424 0.7374267
0.1578947 -0.3599912 1.872445
0.2748538 -0.04599203 0.8512972
0.4152047 -0.1746886 0.8527624
0.4912281 -0.2749701 0.8370932
0.6549708 0.6014032 -0.09814901
0.4678363 -0.06263979 0.6554752
0.3099415 -0.2409562 1.044277
0.3918129 -0.1296896 0.7571106
0.7836257 -0.07011205 0.4626588
0.5438596 -0.2399022 0.7488226
0.4152047 -0.2763643 0.9349225
0.2807018 -0.3442921 1.276299
0.6900585 -0.2197566 0.6449883
0.3216374 -0.2429696 1.006907
0.4210526 -0.3033097 0.9215112
0.5087719 -0.1882214 0.756141
0.6140351 -0.1532243 0.6181041
0.2631579 -0.1674948 1.039515
0.6081871 -0.1755406 0.6683574
0.4152047 -0.1855591 0.8298708
0.3918129 -0.1536043 0.8097874
0.5146199 -0.1556648 0.7129954
0.4210526 -0.1667074 0.7861348
0.2748538 -0.06642917 0.8976105
0.3859649 -0.1704241 0.849226
0.4210526 0.02534637 0.5748315
0.3508772 -0.1605927 0.8694973
0.4736842 -0.2084974 0.7930345
0.4561404 -0.1200111 0.6959645
0.5146199 -0.220233 0.7951316
0.4619883 -0.1336768 0.7269149
0.4093567 -0.2114635 0.8815523
0.497076 -0.1325033 0.7826434
0.3099415 0.01969187 0.793073
0.2923977 -0.2666943 1.143309
0.3625731 -0.1191218 0.7938796
0.6081871 -0.1231869 0.6294052
0.2982456 -0.2399888 1.125961
0.4444444 -0.1848828 0.8194248
0.6432749 -0.2225215 0.7037438
0.2573099 -0.1289858 1.04047
0.3040936 -0.2773601 1.118296
0.5438596 -0.0816101 0.5789845
0.2690058 -0.2564825 1.196742
0.3859649 -0.2529028 0.9579458
0.3333333 -0.2782647 1.083187
0.6432749 -0.2722043 0.7870827
0.6023392 -0.2279135 0.7255724
0.3567251 -0.02086703 0.635072
0.4152047 -0.1853113 0.8123127
0.5087719 -0.2237523 0.8461647
0.4327485 -0.1271626 0.7375338
0.7719298 0.07713556 0.2952939
0.7836257 0.1688203 0.3186326
0.3450292 -0.1736228 0.9170586
0.374269 -0.194776 0.8841695
0.4795322 -0.1344361 0.7206025
0.4152047 -0.1196207 0.769725
0.6374269 -0.3573808 0.8074865
0.2865497 -0.1681005 1.017455
0.4385965 -0.1282341 0.7679851
0.4619883 -0.1646413 0.7618749
0.4269006 -0.09701187 0.7116024
0.4327485 -0.1214701 0.7475561
0.5380117 -0.2214929 0.7515173
0.5263158 -0.1960968 0.711667
0.3625731 -0.09680589 0.7775179
0.4210526 0.03316777 0.5929712
0.4619883 -0.1570129 0.7527693
0.4795322 -0.001203565 0.5615416
0.3567251 -0.233306 0.9501881
0.3625731 -0.324706 1.062307
0.5555556 -0.1373461 0.6583281
0.3216374 -0.162498 0.9311058
0.5204678 -0.06858907 0.5647697
0.5263158 -0.0642845 0.5833197
0.2923977 -0.05862235 0.8304841
0.3274854 -0.2684997 1.090309
0.3099415 -0.1513333 0.9353016
0.4795322 0.09599726 0.5351924
0.2923977 -0.09811965 0.8777977
0.4269006 -0.126036 0.7531082
0.2222222 -0.169298 1.23585
0.2397661 -0.3932362 1.466635
0.3918129 0.2161619 0.3659069
0.4561404 -0.1331343 0.7480611
0.380117 -0.1187564 0.7759111
0.4269006 -0.1941332 0.854421
0.6374269 -0.09830006 0.5816918
0.4795322 -0.2485428 0.7940293
0.754386 -0.1355663 0.8702322
0.3040936 -0.1548231 0.9672796
0.4795322 -0.183201 0.7415294
0.2163743 -0.3453333 1.485435
0.4619883 -0.07209344 0.6254037
0.4035088 -0.09879146 0.6717014
0.3508772 -0.009658225 0.6796231
0.4853801 0.0808827 0.458403
0.3040936 -0.1293032 0.9269226
0.3157895 -0.1965353 0.952202
0.4561404 0.112044 0.4232764
0.4619883 -0.2757868 0.8742593
0.3625731 -0.08393959 0.7816561
0.3157895 -0.2884006 1.150199
0.5906433 -0.2160339 0.708055
0.3918129 -0.07969697 0.7009661
0.5730994 -0.02303686 0.5252175
0.2865497 -0.246424 1.126242
0.5380117 -0.1474726 0.7270357
0.1812865 -0.2297543 1.439362
0.5204678 -0.2127375 0.771796
0.3625731 -0.1608776 0.8533077
0.2339181 -0.1995314 1.170481
0.3391813 -0.2781681 1.035516
0.2748538 -0.03235114 0.8887264
0.4912281 -0.1371398 0.7125791
0.2807018 -0.2210338 1.11537
0.3333333 -0.1545497 0.8930385
0.3157895 -0.1137491 0.8913329
0.3450292 -0.2748304 1.010748
0.3859649 -0.257668 0.9391855
0.5204678 -0.1832226 0.7245803
0.6491228 -0.141127 0.6130521
0.4210526 -0.1890084 0.8479501
0.9415205 -6.476626 7.075584
0.5497076 -0.105451 0.6394507
0.5730994 -0.1156718 0.5827191
0.7134503 -0.1354273 0.5223836
