0.4327485 -0.07009251 0.6266456
0.2222222 -0.4108009 1.031866
0.3040936 -0.1697554 1.007159
0.3567251 -0.1347111 0.9320688
0.2748538 -0.03949605 0.8190233
0.2807018 -0.1433434 0.9615771
0.3450292 -0.1578049 0.9061771
0.374269 -0.225855 0.9556386
0.4736842 -0.2743039 0.838915
0.4795322 -0.0867485 0.6620308
0.380117 -0.0499438 0.7088396
0.2865497 -0.07005626 0.8163227
0.4093567 -0.05892624 0.7084881
0.3684211 -0.2096788 0.9584198
0.4327485 -0.1297829 0.7075729
0.3567251 -0.2100442 0.8801309
0.3216374 -0.1095893 0.854577
0.5263158 -0.0165986 0.5577592
0.251462 -0.1815469 1.101194
0.2163743 -0.03770074 0.9521628
0.2339181 -0.2307715 1.202166
0.2631579 -0.2171254 1.139221
0.4035088 -0.2671685 0.9210577
0.4912281 -0.01877615 0.5586992
0.502924 -0.1401586 0.6837419
0.6842105 -0.26961 0.7313686
0.2923977 -0.2230436 1.093579
0.251462 -0.1402695 1.002507
0.374269 -0.1770049 0.8798966
0.1403509 -0.08774544 1.367171
0.2631579 -0.1898705 1.084296
0.2690058 -0.06551835 0.9174408
0.3625731 -0.1272116 0.8630605
0.2748538 -0.1887465 1.075569
0.2222222 0.07665528 0.8491065
0.5204678 -0.1393321 0.6850495
0.3099415 -0.3183235 1.149415
0.2280702 -0.151239 1.05902
0.2573099 -0.006435466 0.8533063
0.3157895 -0.03077144 0.7461726
0.380117 -0.1634039 0.8578665
0.374269 0.003959889 0.6769731
0.5380117 -0.2527053 0.848962
0.5146199 0.01913561 0.4886348
0.2573099 0.03665384 0.7512821
0.6432749 0.1759973 0.2462174
0.4327485 -0.1479688 0.7458017
0.4093567 -0.168975 0.8376357
0.5964912 -0.281162 0.8104658
0.4269006 0.0865101 0.4981038
0.2397661 -0.2150114 1.228614
0.3567251 -0.2006925 0.9192732
0.3508772 -0.23755 0.9674665
0.2982456 -0.2964623 1.137457
0.4736842 -0.0926778 0.7000043
0.4269006 -0.08153928 0.6896622
0.4385965 -0.1763309 0.8105662
0.7076023 -0.1983908 0.6818876
0.5614035 -0.5326803 3.220843
0.3976608 -0.198498 0.8432759
0.2573099 -0.1674016 1.097143
0.6432749 -0.1748804 0.7246087
0.4561404 -0.1961379 0.7987729
0.380117 -0.2028363 0.8939495
0.3684211 -0.07406415 0.702686
0.2923977 -0.2680484 1.143794
0.2105263 -0.1241658 1.214735
0.1812865 -0.2092832 1.46094
0.5204678 -0.1457144 0.6733206
0.2982456 -0.07127393 0.8246518
0.2105263 -0.2130568 1.354322
0.5789474 -0.2275315 0.7843239
0.3040936 -0.2216937 1.037467
0.5087719 0.1437717 0.4315495
0.4327485 -0.168933 0.740196
0.3216374 -0.006135986 0.7345886
0.5087719 -0.2254758 0.7622055
0.3625731 -0.1370507 0.7937441
0.3976608 -0.1228906 0.8011228
0.6842105 0.8411125 -0.2675937
0.3450292 -0.2488618 1.036031
0.5789474 -0.2368065 0.9823117
0.3274854 0.03204134 0.6053249
0.3684211 -0.2460399 1.007982
0.4210526 -0.1714418 0.7947505
0.3684211 -0.1587301 0.8641337
0.4210526 -0.07574272 0.6875879
0.4210526 -0.04158123 0.6642709
0.4093567 -0.1748989 0.8332245
0.3333333 -0.07985993 0.8119238
0.3391813 -0.1854472 0.9446768
0.2163743 -0.2400132 1.368344
0.2222222 -0.1284716 1.092666
0.3508772 -0.09991196 0.7907928
0.6608187 -0.1848885 0.6756058
0.3508772 0.003899722 0.6255402
0.4269006 -0.1611518 0.7860691
0.3976608 -0.0985808 0.7640855
0.5321637 -0.04613058 0.5699456
0.6081871 -0.08545137 0.5839586
0.3333333 -0.0344351 0.7484692
0.4093567 -0.1805533 0.8127167
0.6666667 -0.2643028 0.8690709
0.4327485 0.01692562 0.5659177
0.4093567 0.07104604 0.582568
0.3918129 -0.1326248 0.7708982
0.4269006 -0.1025622 0.7010978
0.3216374 -0.1449563 0.9218056
0.3684211 -0.2036654 0.9597706
0.497076 -0.2338575 0.816893
0.4678363 0.01515476 0.5699138
0.1403509 -0.2948887 1.678217
0.6374269 0.03585279 0.426167
0.4912281 -0.0898513 0.6494099
0.4736842 -0.1326675 0.7071282
0.3859649 -0.163873 0.8105789
0.3333333 -0.06864615 0.7690014
0.4035088 -0.2027199 0.8680049
0.4210526 -0.187604 0.8016683
0.5263158 0.134696 0.4598
0.5730994 -0.2051465 0.7547978
0.5789474 0.03727693 0.4577115
0.4444444 -0.1595322 0.8044857
0.4093567 -0.2589998 0.9029235
0.619883 0.02371939 0.4437108
0.251462 -0.2769203 1.207652
0.5380117 -0.1972673 0.7515425
0.4385965 -0.2395613 0.8321371
0.5614035 -0.2653968 0.7443963
0.497076 -0.1783151 0.7465087
0.6491228 -0.1093545 0.6522285
0.251462 -0.1689217 1.083048
0.2865497 -0.1758606 1.005346
0.502924 -0.1396823 0.6935892
0.1988304 -0.01151875 0.8809433
0.3859649 -0.1756418 0.836131
0.3976608 -0.01375643 0.6123573
0.5614035 -0.13333 0.612789
0.1871345 -0.3804983 1.69835
0.4619883 -0.03098057 0.6446936
0.4444444 -0.01002112 0.6117977
0.497076 -0.09502001 0.6406904
0.4561404 -0.2096997 0.7676351
0.625731 -0.04596888 0.5451877
0.4444444 -0.1680983 0.7937992
0.6783626 0.01026716 0.4720697
0.4093567 -0.209956 0.8391547
0.5497076 -0.1163689 0.6388896
0.5204678 -0.1396399 0.6971392
0.6023392 -0.06577422 0.5710937
0.3859649 -0.04923061 0.7669862
0.380117 -0.1765534 0.8735168
0.4912281 -0.002631761 0.6030927
0.4152047 -0.1054797 0.7227053
0.4152047 -0.03916048 0.6782152
0.3450292 -0.1385669 0.8763888
0.4561404 0.03731213 0.516332
0.497076 -0.1595587 0.7184498
0.3684211 -0.1503685 0.8124498
0.5321637 -0.230337 0.7769609
0.1871345 -0.385697 1.393896
0.1637427 0.07254136 1.011224
0.5087719 -0.1167905 0.6763648
0.2923977 -0.2667152 1.114892
0.128655 0.07588182 1.271598
0.3040936 -0.2097309 1.084853
0.2923977 -0.0488973 0.7975123
0.374269 -0.06858016 0.6617556
0.2865497 -0.1366854 0.9747856
0.4327485 -0.1673729 0.7700832
0.4035088 -0.1911661 0.8084293
0.4210526 -0.2100559 0.8500704
0.4210526 0.06695973 0.5559885
0.5263158 -0.2086236 0.8245234
0.4327485 -0.08665566 0.6759336
0.3684211 -0.1290408 0.7882553
0.4210526 -0.1270467 0.7151836
0.1871345 -0.2590303 1.336816
0.2105263 -0.2903015 1.385195
0.2397661 -0.2495872 1.279703
0.4736842 0.02664204 0.5838837
0.3216374 -0.1467407 0.9191358
0.5555556 -0.2071949 0.7359252
0.5789474 -0.1797479 0.6855864
0.5146199 -0.2063698 0.7573928
0.2923977 -0.08940107 0.8688676
0.5730994 -0.24112 0.7663454
0.5847953 -0.2391312 0.7369872
0.6023392 0.2226094 0.3618068
0.4853801 -0.1144623 0.7286612
0.4502924 -0.09104356 0.7453603
0.2865497 -0.135305 1.009334
0.380117 -0.008511074 0.640654
0.5672515 -0.2188022 0.803846
0.374269 0.2049398 0.2704201
0.4502924 -0.1030943 0.6843424
0.3040936 -0.1585509 0.9570754
0.5321637 -0.1777996 0.7246759
0.374269 -0.2526587 1.008147
0.4385965 -0.1479496 0.746548
0.3508772 -0.1753797 0.8680431
0.4035088 -0.1392162 0.7348823
0.6023392 -0.1265326 0.6132339
0.4327485 -0.1309139 0.748819
0.5087719 -0.1994526 0.8993754
0.4152047 -0.1668689 0.8588024
0.4678363 -0.2502503 0.868696
0.4912281 -0.1561859 0.7281384
0.502924 -0.2201592 0.7783228
0.4619883 0.01176447 0.5025074
0.4385965 -0.08950495 0.7094959
0.4152047 -0.2215658 0.9253644
0.2923977 -0.1465096 1.010168
0.5321637 -0.1949954 0.7155256
0.4152047 -0.1649487 0.7916591
0.3625731 -0.06635379 0.7532587
0.4502924 -0.2428943 0.9011628
0.2573099 -0.2539433 1.201552
0.4912281 -0.2353455 0.7922278
0.5146199 -0.1960124 0.7264068
0.2865497 -0.07897244 0.8946947
0.4561404 0.09393066 0.4450249
0.2923977 -0.3347414 1.186844
0.5614035 -0.07223892 0.6458637
0.3976608 -0.2031914 0.8894072
0.5555556 -0.1229248 0.6862967
0.6783626 -0.2758367 0.7260309
0.4093567 -0.2213739 0.830975
0.5964912 0.001403748 0.4787634
