0.5730994 -0.3220389 0.8712048
0.4561404 -0.3383649 0.9185584
0.5204678 -0.6673545 1.50269
0.5263158 0.1440091 0.183803
0.6374269 -0.333178 0.807176
0.5380117 -0.4307108 0.8905808
0.6959064 -0.5691658 0.9859118
0.625731 -0.683813 1.244586
0.4385965 -0.3094494 0.9135277
0.4678363 -0.340507 0.8746711
0.5730994 -0.4562234 0.8737974
0.4795322 -0.4815689 0.8507554
0.5614035 -0.6347211 1.014802
0.7134503 -2.697187 3.064898
0.380117 -0.35855 1.007831
0.4736842 -0.3279036 0.8768846
0.6549708 -0.2767003 1.841449
0.3918129 -0.5176847 1.036643
0.3625731 -0.3385916 1.031187
0.4502924 -0.4132644 0.8951843
0.3684211 -0.4271398 1.084568
0.5555556 -0.3417635 0.840613
0.502924 -0.2900342 0.837013
0.5672515 -0.2597409 0.7568957
0.3333333 -0.4160944 1.427097
0.6432749 -1.069232 1.283565
0.5146199 -0.3164825 0.8240233
0.6666667 -4.985611 11.52096
0.4678363 -0.3097144 0.8948445
0.5789474 -0.3658511 0.6576051
0.5087719 -0.3178681 0.861067
0.4678363 -0.3120521 0.8981757
0.380117 -0.5550463 1.401173
0.8304094 -7.921456 8.331211
0.6140351 -0.4701448 0.6284578
0.3976608 -0.5872698 1.463067
0.7017544 -1.117392 1.502813
0.5964912 -0.7264357 0.9945606
0.7251462 -0.1910629 0.7724475
0.497076 -0.4662378 -0.2286635
0.4269006 -0.0907581 0.2730068
0.3099415 -0.3985254 1.263486
0.619883 -0.1727005 0.2034728
0.4385965 -0.342189 0.8971826
0.7192982 -1.035301 1.416128
0.3567251 -0.2543172 0.9667348
0.5380117 -0.6183391 1.00082
0.4327485 -0.3378367 0.9502328
0.4385965 -0.2164415 0.8164404
0.6666667 -0.3701988 0.7784033
0.4385965 -0.2530349 0.8113657
0.4619883 -0.6285928 1.394487
0.5847953 -0.3404726 0.8072448
0.7192982 -0.6561581 1.04692
0.7953216 -0.6650855 1.054799
0.5497076 -0.340996 0.8677042
0.5555556 -0.613684 1.259568
0.4502924 0.1679096 0.656372
0.7076023 -0.5936151 0.9853205
0.7953216 -0.3435314 0.6736404
0.4736842 -0.2646139 0.8456246
0.6023392 -0.3459806 0.8337495
0.5789474 -0.4090445 0.7288598
0.5146199 -0.3056858 0.9627912
0.3333333 -0.4292906 1.267042
0.4269006 -8.099402 8.774192
0.5614035 0.4096622 2.223967
0.2923977 -0.477098 1.466199
0.3216374 -0.5599238 1.402969
0.4385965 -0.112808 0.2706931
0.5146199 -0.5876056 0.984213
0.3859649 -0.4695254 1.138724
0.497076 -0.2434999 0.7626529
0.6023392 -0.3478938 0.7927839
0.4795322 -0.3192182 0.856208
0.5087719 -0.3978045 0.8548752
0.6374269 -0.3248441 0.7836032
0.8128655 -7.110775 7.478657
0.497076 0.141811 0.7398937
0.5555556 -0.3254959 0.8128552
0.6608187 -1.134192 1.359765
0.7309942 -1.247317 1.615615
0.4269006 -0.09992793 0.5693319
0.5438596 -1.419592 2.387004
0.7777778 -6.813549 7.189934
0.4327485 -0.3482428 0.9561532
0.5847953 -0.4191921 0.8638237
0.4561404 -0.3098693 0.9121297
0.3157895 -0.5441019 1.46461
0.3918129 -0.3443137 0.9258451
0.4502924 -0.3423801 0.9183699
0.748538 -0.6092552 1.202715
0.502924 -0.6107013 1.001773
0.4561404 -0.3271475 0.9104634
0.4678363 -0.35846 0.9069549
0.619883 -0.3511202 0.2624607
0.625731 -0.4908747 0.9074457
0.4853801 -0.3750968 0.8855888
0.7076023 -0.8825179 1.21313
0.4736842 -0.2451079 0.814693
0.5672515 -0.505644 0.9145606
0.619883 -0.2803136 0.7595913
0.6023392 -0.3330635 0.7945747
0.3567251 -0.3586401 1.094886
0.4736842 -0.3252606 0.8587033
0.748538 -5.498844 5.85636
0.374269 -1.041394 1.537888
0.4736842 -0.307841 0.8585009
0.2982456 -0.6044841 1.37493
0.6081871 -0.223533 0.6856886
0.3391813 -0.4394239 1.187781
0.2690058 -0.6822847 1.596755
0.3216374 -0.3434481 1.194911
0.4912281 -0.2396343 0.7718544
0.380117 -0.3337369 1.060576
0.380117 -0.2943824 0.9986445
0.2280702 -0.6971003 1.731341
0.754386 -0.4716903 2.673377
0.3274854 -0.7737509 1.387024
0.7777778 -6.009232 6.39795
0.4853801 -0.3189211 0.8790838
0.380117 -0.3731861 1.037589
0.6666667 0.09703037 0.40752
0.4035088 -0.3664374 1.034754
0.7719298 -1.600561 1.626713
0.7719298 -5.069452 5.462011
0.5614035 -0.2205646 0.2081722
0.4385965 -0.329226 0.9490901
0.5438596 -0.6686471 0.9536151
0.380117 -0.3021255 0.9677793
0.5321637 -0.378008 0.8544089
0.4853801 -0.3507696 0.8735782
0.3274854 -0.375918 1.172048
0.4561404 -0.2915291 0.6845486
0.4502924 -0.003747569 0.3506028
0.502924 -0.2891939 0.8267208
0.3391813 -0.320705 1.125359
0.6374269 -0.2720175 0.7397242
0.4269006 -0.3486228 0.9431044
0.4795322 -0.3331882 0.8816603
0.380117 -0.3332835 1.038892
0.4444444 -0.2512131 0.8355028
0.8421053 -8.361943 8.890443
0.5438596 -0.2889582 0.7766619
0.4152047 -0.3485577 0.993047
0.7836257 -7.288642 7.670909
0.3859649 -0.4249527 1.073967
0.5789474 -0.3186484 0.8111391
0.4853801 -0.2639603 0.5815572
0.6549708 -1.073674 1.404988
0.2631579 -0.4358996 1.451266
0.4502924 -0.4575458 1.056683
0.3684211 -0.5024755 1.17846
0.4736842 -0.3807164 0.9308678
0.3567251 -0.3840249 1.178628
0.4736842 -0.6191651 1.397168
0.3333333 -0.3607355 1.125493
0.2690058 -0.6816025 1.554976
0.4035088 -0.3739595 0.9682917
0.6842105 -2.414399 3.115207
0.5380117 -0.3559745 0.9855495
0.5321637 -0.3989841 0.8605831
0.4327485 0.0442625 0.5159549
0.6842105 -5.765024 6.092287
0.5847953 -0.2067399 0.6764737
0.5321637 -0.5123816 1.364956
0.6842105 -0.3405086 0.7761928
0.4385965 -0.1620351 0.7599092
0.5146199 -0.294287 0.8447696
0.4736842 -0.405855 1.012676
0.8830409 -1.809372 1.478533
0.6023392 -0.3819096 0.9417268
0.502924 -0.415081 0.9053146
0.4327485 -0.3490379 0.9823151
0.748538 -6.019772 6.373683
0.497076 -0.310432 0.8617798
0.4210526 -0.4323696 1.035251
0.7017544 -1.13967 1.513987
0.5672515 -0.3165586 0.5204898
0.6023392 -0.2475505 0.7168585
0.502924 -0.6207617 1.417207
0.6842105 -0.1409152 0.5530864
0.4853801 -0.2856458 0.8510851
0.4152047 -0.3708967 1.050397
0.7660819 -0.1454898 0.6034288
0.4210526 -0.2931362 0.9063872
