0.1988304 -0.1710266 1.016103
0.122807 -0.2052979 1.126844
0.2573099 -0.1388074 0.7671511
0.3567251 -0.2826082 0.9695375
0.1812865 -0.2668487 1.115546
0.3625731 -0.05619399 0.6133624
0.1461988 -0.3096974 1.272083
0.2339181 -0.1155919 0.7789155
0.3157895 -0.2498914 0.8357649
0.245614 -0.1464453 1.013472
0.2748538 -0.1951048 0.7402648
0.2222222 -0.3256929 1.138566
0.4035088 -0.1294379 0.6850154
0.3333333 -0.1328912 0.6896339
0.3157895 -0.1670059 0.6100424
0.2339181 -0.5540292 1.121504
0.2105263 -0.1848007 0.8681001
0.2748538 -0.0589819 0.6753162
0.3040936 -0.1109157 0.686019
0.2748538 -0.1657043 0.8721862
0.1520468 -0.3327116 1.378456
0.2222222 -0.3709337 1.019399
0.2690058 -0.1795086 0.8545065
0.2222222 -0.2260083 1.126405
0.2397661 -0.0429754 0.8532341
0.1637427 -0.04342203 0.7395932
0.1871345 -0.0818716 0.8487248
0.1929825 -0.01397193 0.6046815
0.2631579 -0.3664412 1.253591
0.2923977 -0.004195268 0.3224143
0.2690058 -0.1802943 0.7886548
0.2690058 -0.07142532 0.6063883
0.2222222 -0.2750752 1.282263
0.2339181 -0.2527957 1.220931
0.2046784 -0.5799714 1.519544
0.2105263 -0.2597967 1.139891
0.3099415 -0.03240348 0.6194117
0.1988304 -0.07087011 0.9705894
0.1871345 -0.2637738 1.288974
0.2748538 -0.08362593 0.33375
0.2748538 -0.294153 1.10465
0.1929825 -0.2725808 1.333442
0.1637427 -0.4386755 1.822381
0.2865497 -0.2547495 1.125687
0.251462 -0.08895073 0.7225108
0.2631579 0.03646079 0.5144608
0.2339181 0.1111893 0.4219386
0.2222222 -0.3127105 1.179572
0.2046784 -0.3262714 1.268906
0.2397661 -0.1344995 0.975783
0.2222222 -0.162079 0.8006772
0.2982456 -0.2797313 0.9900252
0.2573099 -0.1493491 0.9156198
0.2807018 -0.1822367 0.9119746
0.2397661 -0.1354884 0.9016157
0.2690058 -0.07554899 0.6443556
0.3508772 -0.2457171 0.9680203
0.3274854 0.1347363 0.3620976
0.2280702 -0.1935067 1.173552
0.3567251 -0.3193042 1.020886
0.374269 -0.02713947 0.4976001
0.1988304 -0.19349 1.059551
0.2807018 0.05083277 0.2549425
0.245614 -0.2526004 1.20479
0.2573099 -0.05642924 0.7059984
0.2280702 -0.2254825 0.8153619
0.1695906 -0.3168496 1.406353
0.2339181 -0.09536375 0.6306926
0.2631579 -0.1427799 0.9837319
0.2339181 -0.07872067 0.8529949
0.1637427 -0.2182739 1.33154
0.2631579 -0.2018222 0.9205819
0.2280702 -0.06700799 0.8540725
0.2339181 -0.2103642 0.8500672
0.251462 -0.2882575 1.011401
0.2397661 -0.04677612 0.7361251
0.2046784 -0.2751082 1.341026
0.3040936 -0.390887 0.9380088
0.3567251 -0.06270968 0.283383
0.1988304 0.004777731 0.8488496
0.1929825 0.02829977 0.7290375
0.251462 -0.01775971 0.6204736
0.2046784 -0.1092374 0.7293285
0.3274854 -0.1035931 0.6599779
0.1754386 -0.1420162 1.146862
0.3567251 -0.1896011 0.8133933
0.2339181 -0.4018636 1.325533
0.1812865 -0.1726711 0.4515171
0.1578947 -0.1929041 0.7921411
0.2163743 -0.02128942 0.6304344
0.3274854 -0.138098 0.6022403
0.2280702 -0.2390645 1.239524
0.251462 -0.336649 1.289531
0.2163743 -0.123042 1.09072
0.1754386 -0.105911 0.7967813
0.2690058 -0.1647662 0.7621441
0.1695906 -0.3066692 1.624561
0.2631579 -0.1910532 0.8363921
0.2163743 -0.2614604 0.9832313
0.2339181 -0.1663572 0.9603129
0.1695906 -0.183891 0.733812
0.2222222 0.1462271 -0.1961407
0.3099415 -0.03252587 0.5897771
0.251462 -0.2400519 1.01537
0.2397661 -0.08850538 0.8037119
0.245614 -0.1307925 0.8340519
0.2222222 -0.2985946 0.7146478
0.1578947 -0.1843079 1.270649
0.2339181 -0.2239583 1.177147
0.1871345 -0.2053363 0.8972819
0.1578947 -0.2207537 1.059665
0.2105263 -0.2592634 1.141878
0.2163743 -0.130338 0.8193999
0.2046784 0.07163265 0.4452484
0.1871345 -0.4132056 1.316528
0.2280702 -0.4625377 0.980855
0.2573099 -0.3080057 1.006525
0.2748538 -0.1560266 0.5200409
0.2280702 -0.2266034 1.020256
0.2397661 -0.1863763 1.076374
0.251462 -0.09798437 0.8804919
0.2163743 -0.2859466 0.6906443
0.251462 -0.1846514 0.8380405
0.2748538 -0.0399814 0.781307
0.1988304 -0.2526753 1.227199
0.251462 -0.07620019 0.7517991
0.2163743 -0.208238 1.030023
0.2280702 -0.08531148 0.7815559
0.1871345 -0.210161 0.1232007
0.1754386 -0.3093127 1.597337
0.1812865 -0.1392894 1.161437
0.2631579 -0.2107661 1.046127
0.2397661 -0.209519 1.014927
0.2748538 -0.09738066 0.664283
0.3216374 -0.03535565 0.5369496
0.251462 -0.1080427 0.9227763
0.2105263 -0.2827281 1.02958
0.2222222 -0.4302169 1.455532
0.245614 -0.06994204 0.8696433
0.1988304 -0.09640556 0.9141837
0.3040936 -0.2825225 0.5747155
0.3040936 -0.199496 0.9076982
0.245614 -0.1188417 0.8130265
0.1578947 -0.7766131 1.857207
0.2280702 -0.2719382 1.227497
0.3216374 -0.1696816 0.9323215
0.2339181 -0.3007575 1.267242
0.3508772 -0.2171403 0.9245853
0.1988304 -0.159751 0.5854036
0.2222222 -0.1605086 0.9624934
0.3157895 -0.1690091 0.863352
0.2046784 -0.005931399 0.6848434
0.3450292 -0.1692681 0.8573765
0.2046784 0.07184373 0.1339446
0.2280702 -0.2358374 1.254923
0.3391813 -0.193164 0.8813425
0.2631579 -0.2201962 1.004793
0.2397661 -0.374098 0.5357107
0.1812865 -0.161589 1.263395
0.374269 -0.1900211 0.8531048
0.3274854 -0.3100392 1.080524
0.251462 -0.1089023 0.8759226
0.245614 -0.6866246 1.130717
0.2046784 -0.2163882 1.087677
0.2748538 -0.2764821 1.068669
0.2748538 -0.07712234 0.7578741
0.2222222 -0.1306586 0.9932278
0.2923977 -0.2656911 0.6373595
0.3040936 -0.1858559 0.9245825
0.2397661 0.07755144 0.1118439
0.1578947 -0.1377893 0.06747096
0.251462 -0.2297054 1.191605
0.4269006 -0.115684 0.5607989
0.2222222 -0.4086356 1.390469
0.2865497 -0.07689622 0.6807912
0.2339181 0.1085112 0.2139469
0.1929825 -0.3019087 1.171973
0.2280702 0.009627017 0.008170364
0.2222222 -0.3741187 1.112897
0.3040936 -0.2199094 0.9325431
0.1929825 -0.3400983 0.8032435
0.2105263 -0.05489296 0.519716
0.2748538 -0.1389585 0.8398522
0.245614 -0.2418622 1.045513
0.3216374 -0.194986 0.9236756
0.4093567 -0.1738936 0.7221175
0.1403509 -0.1438885 1.109361
0.2631579 -0.140734 0.8748956
0.2222222 -0.01729061 0.7172895
0.1637427 -0.1346494 1.063912
0.2163743 -0.109079 0.77319
0.1695906 0.0941288 0.2950523
0.3274854 -0.2659479 0.8871556
0.1812865 -0.04562882 0.9910366
0.1637427 -0.3549279 0.8731036
0.2690058 -0.009269585 0.7602612
0.1929825 0.03543593 0.402749
0.2280702 -0.414704 1.136551
0.2280702 -0.1132187 0.9517399
0.3274854 -0.2291256 0.8454602
0.3040936 -0.2861745 1.027251
0.2105263 -0.1214958 0.558224
0.2163743 -0.2094842 0.9703586
