0.3567251 -0.2089565 0.8855016
0.5847953 -0.3173384 0.7706289
0.2690058 -0.2172025 1.168351
0.4912281 -0.245133 0.7834483
0.6081871 -0.2328506 0.7020062
0.502924 -0.1061548 0.5730221
0.7192982 -0.1678299 0.5612708
0.4444444 -0.2538467 0.849155
0.5087719 -0.1681682 0.7182405
0.5672515 -0.2124186 0.7103198
0.2573099 -0.2238163 1.128138
0.5730994 -0.1325538 0.6689255
0.619883 -0.3525333 0.8138377
0.2807018 -0.2501902 1.030836
0.5087719 -0.1284443 0.6689801
0.5672515 -0.5816449 0.9444347
0.3099415 -0.2715415 1.110203
0.3216374 -0.2288673 0.9835428
0.4795322 -0.1263039 0.6815735
0.3567251 -0.1804706 0.8611146
0.5204678 -0.2458323 0.7858588
0.2573099 -0.1988785 1.026063
0.3040936 -0.1521341 0.9176208
0.3099415 -0.3656398 1.106792
0.4327485 -0.1537137 0.727023
0.4444444 -0.2744591 0.81441
0.2573099 -0.1922418 0.7790068
0.4385965 -0.126045 0.708222
0.1695906 0.06218993 0.7314435
0.3508772 -0.2309619 0.9268444
0.3333333 -0.1961358 0.9311769
0.625731 0.1426728 0.279284
0.4853801 -0.2152141 0.7891162
0.7368421 -0.2115512 1.155195
0.4093567 -0.2509956 0.8659739
0.4385965 -0.2369281 0.8528565
0.3684211 -0.2187126 0.9213651
0.4795322 -0.2155656 0.7710789
0.4736842 -0.2191509 0.7727176
0.245614 -0.4232162 1.367127
0.4853801 -0.2554706 0.7934761
0.6666667 -0.2672186 0.6959932
0.5964912 -0.2903251 0.7128406
0.5672515 -0.1173424 0.3198103
0.4678363 -0.259336 0.8029971
0.3040936 -0.2838051 1.1274
0.4385965 -0.2305845 0.8565669
0.4152047 -0.2933802 0.9217147
0.3274854 -0.4156557 0.9664972
0.3918129 -0.3057881 0.9477696
0.5380117 -0.3448517 0.8266573
0.2982456 -0.3857068 1.255047
0.251462 -0.2660258 1.236036
0.4444444 -0.3542803 0.8909882
0.3216374 -0.2673267 1.033232
0.3508772 -0.2338398 0.8683681
0.3684211 -0.2123859 0.8465574
0.497076 -0.2502714 0.7959728
0.3918129 -0.2722985 0.9198646
0.4502924 -0.3209841 0.8275907
0.2397661 -0.2429601 1.267024
0.374269 -0.3012232 0.9900283
0.4152047 -0.2453731 0.8519158
0.619883 -0.1541464 0.6103897
0.4269006 -0.2941947 0.8795615
0.4853801 -0.1483039 0.7322159
0.4444444 -0.213535 0.8157075
0.4502924 -0.1870791 0.743727
0.6608187 -0.2361042 0.6683662
0.380117 -0.1498966 0.7780189
0.4619883 -0.2306843 0.8200412
0.3391813 -0.3508872 1.089037
0.380117 -0.2136402 0.8862292
0.2923977 -0.2124747 1.027751
0.5555556 -0.2275915 0.7259232
0.3157895 -0.1323146 0.8658869
0.3918129 -0.5117431 1.399867
0.2690058 -0.3825178 1.149718
0.2982456 -0.2809091 1.132478
0.4152047 -0.2925322 0.9203327
0.4093567 -0.2183919 0.8628943
0.4210526 -0.1780421 0.7184525
0.3625731 -0.2598251 1.004468
0.4210526 -0.2254453 0.836855
0.4619883 -0.2097101 0.7567347
0.4152047 -0.1832612 0.7794049
0.3157895 -0.2766127 1.068689
0.2280702 -0.2476885 1.303273
0.4093567 -0.239669 0.81678
0.3216374 -0.1651721 0.8480459
0.5204678 -0.249183 0.7542011
0.3450292 -0.1760063 0.8662369
0.4561404 -0.2498157 0.8056928
0.2163743 -0.3548058 1.466637
0.3859649 -0.1075587 0.7405607
0.2631579 -0.2415606 1.112813
0.2865497 -0.1473989 0.9535975
0.3508772 -0.1554119 0.8409868
0.2865497 -0.09540939 0.8572571
0.4327485 -0.2040123 0.8015091
0.4327485 -0.2475129 0.8512138
0.4093567 -0.1590632 0.7824256
0.251462 -0.4232788 1.395759
0.3391813 -0.2943648 1.053222
0.3684211 -0.1345092 0.7089659
0.4210526 -0.1830569 0.7981864
0.4385965 -0.1864645 0.7939634
0.4093567 -0.2853181 0.9418429
0.4678363 -0.273942 0.8269939
0.4385965 -0.1406103 0.692208
0.3157895 -0.1814509 0.9607776
0.3450292 -0.2910337 0.9863454
0.5204678 -0.3038006 0.8611117
0.3333333 -0.4134074 1.050716
0.5906433 -0.1039778 0.5716114
0.5555556 -0.0548616 0.5881129
0.4327485 -0.2243563 0.8288396
0.4210526 -0.2768428 0.897935
0.5614035 -0.2496546 0.716769
0.3976608 -0.1777047 0.8067463
0.6783626 -0.5028325 0.9001801
0.7426901 -0.1384867 0.5531788
0.7836257 0.02943794 0.375459
0.6549708 -0.1511577 0.5796969
0.3625731 -0.2648421 0.967984
0.4678363 -0.306381 0.8693123
0.619883 -0.1413207 0.6200958
0.6081871 -0.0630455 0.503751
0.7134503 -0.3827636 0.7590654
0.5263158 -0.2681355 0.7501999
0.6842105 -0.1268234 0.5433208
0.7426901 -0.1266848 0.5040195
0.7660819 -0.1185688 0.4232609
0.2807018 -0.2785399 1.151777
0.5730994 -0.3251399 0.798884
0.2748538 -0.2827583 1.152988
0.7309942 -0.5978331 0.9916445
0.7777778 -0.4535048 0.8514356
0.497076 -0.07505224 0.5985482
0.7368421 -0.1629995 0.5174068
0.6608187 -0.266272 0.6956649
0.380117 -0.3326964 0.9914702
0.6491228 -0.2299497 0.6856651
0.4853801 -0.2917592 0.834624
0.3508772 -0.2320947 0.9533721
0.5380117 -0.1811536 0.7076069
0.3859649 -0.2556865 0.8792057
0.7836257 -0.3911791 0.7721058
0.6666667 -0.5478136 0.944661
0.4912281 -0.2944289 0.8113082
0.5789474 -0.545443 0.8753738
0.3391813 -0.3284775 1.090845
0.502924 0.07984087 0.3949904
0.4385965 -0.1658395 0.7460479
0.6666667 -0.1645976 0.6020534
0.497076 -0.07351139 0.6033672
0.4853801 -0.01901453 0.5549384
0.4502924 -0.1882504 0.7702932
0.6140351 -0.1789577 0.6308129
0.5672515 -0.2671705 0.7064628
0.2923977 -0.1685011 0.9237955
0.4035088 -0.3005994 1.002252
0.7719298 0.1218375 0.182618
0.4444444 -0.2457078 0.8697009
0.5672515 -0.3087869 0.7637853
0.8245614 -0.1899796 0.7263054
0.5847953 -0.1643215 0.6435598
0.4795322 -0.2172014 0.7000237
0.5555556 -0.196747 0.7394875
0.4035088 -0.2122101 0.8541356
0.3157895 -0.3182849 1.043008
0.7017544 -0.3210757 0.7503645
0.3859649 -0.2717979 0.9558511
0.5730994 -0.1534373 0.5948538
0.4152047 -0.1870486 0.8184619
0.6491228 -0.2574941 0.7120757
0.3918129 -0.3042869 0.9865283
0.2631579 -0.3653684 1.252299
0.5146199 -0.2266139 0.7377102
0.3450292 -0.1846777 0.8809723
0.6549708 -0.09765735 0.5206169
0.3976608 -0.2871503 0.9305652
0.2690058 -0.2839865 1.192169
0.8011696 -1.016895 1.208675
0.7076023 -0.2571022 0.6804204
0.4444444 -0.2175936 0.7984391
0.3859649 -0.4709332 0.8965756
0.497076 -0.1146777 0.6162046
0.4619883 -0.1869005 0.754348
0.4210526 -0.1833603 0.7980228
0.3976608 -0.199116 0.8347086
0.4385965 -0.2869937 0.880817
0.251462 -0.2784966 1.194049
0.5321637 -0.06336617 0.6129398
0.5263158 -0.291215 0.7814112
0.8070175 -0.569164 0.9586825
0.3391813 -0.4097343 1.169713
0.4444444 -0.2116442 0.8287023
0.2397661 -0.3621956 1.385802
0.251462 -0.2292871 1.111911
0.3274854 -0.2271672 0.9534489
0.4502924 -0.2555696 0.8114151
0.5672515 -0.02441351 0.3926882
0.7076023 -0.1579619 0.597302
0.3157895 -0.1888685 0.9810226
0.6315789 -0.2586694 1.06371
0.2865497 -0.3819497 1.297281
0.2982456 -0.3146973 1.188169
0.5964912 -0.2742724 0.7232117
0.6725146 -0.3104737 0.7364502
0.4327485 -0.175396 0.7663296
0.3859649 -0.1550793 0.8121804
0.5263158 -0.247738 0.7789386
0.3157895 -0.2450992 1.004116
0.374269 -0.1938038 0.8179178
0.3625731 -0.272119 0.8791243
0.4269006 -0.3014026 0.9169882
0.4035088 -0.2449405 0.9206786
0.4912281 -0.2452182 0.7857665
0.3040936 -0.3995072 1.238142
0.3216374 -0.2388105 0.9642553
0.4210526 -0.2103852 0.7751293
0.3684211 -0.2938447 0.9460475
0.2339181 -0.3524141 1.396349
0.4035088 -0.2938907 0.9391264
0.4736842 -0.1724405 0.7231941
0.4269006 -0.3584142 0.9766158
0.6608187 -0.3968031 0.8397986
0.3508772 -0.2679309 0.9860435
0.4327485 -0.3274465 0.8913965
0.4385965 -0.160425 0.6707921
0.2748538 -0.2493874 1.130467
0.245614 -0.1878068 1.101014
0.3333333 -0.1577368 0.8784254
0.2690058 -0.2284336 1.12402
0.3567251 -0.2447559 0.987786
0.3040936 -0.2547813 1.02464
0.3567251 -0.1245511 0.7539147
0.4385965 -0.2232102 0.8210023
0.4327485 -0.2710525 0.8506956
0.2748538 -0.1827626 1.031464
0.3684211 -0.247385 0.9240226
0.6842105 -0.1835059 0.6455276
0.8011696 0.3464771 0.04566649
0.3976608 -0.2348893 0.8539175
0.4152047 -0.3340397 0.986451
0.5964912 -0.2194254 0.6584237
0.5438596 -0.2639977 0.7491923
0.4210526 -0.09045137 0.629181
0.380117 -0.1751364 0.8503552
0.1812865 -0.2664563 1.509597
0.4561404 -0.2961149 0.8607192
0.5204678 -0.3527068 0.8518874
0.7368421 -0.03007565 2.157973
0.5263158 -0.2285878 0.7120311
0.3567251 -0.2305477 0.913623
0.5730994 -0.2276259 0.7104937
0.3508772 -0.2138849 0.9487374
0.4561404 -0.1387032 0.7073035
0.2865497 -0.2640841 1.169793
0.3333333 -0.2416286 0.91627
