0.8888889 -1.38443 1.807783
0.3684211 0.4576991 1.985261
0.5087719 -0.2571618 0.8118712
0.4327485 -0.1606412 0.694324
0.2807018 -0.3476367 1.318015
0.5906433 0.07258925 0.05003745
0.3391813 -0.3465517 1.123152
0.4385965 -0.3419194 1.002464
0.8304094 0.05303485 0.3441405
0.5614035 -0.2888932 0.8282671
0.6725146 -0.3640247 0.8043527
0.3450292 -0.7566883 1.625329
0.3918129 -0.3922129 1.086951
0.4385965 -0.3168934 0.9031256
0.5321637 -0.3276135 0.8391564
0.3274854 -0.3679012 1.171839
0.6666667 -0.2170034 0.6677349
0.3684211 -0.2233817 0.9713629
0.5555556 -0.09891063 0.5927154
0.4035088 -0.3592386 1.05641
0.4912281 -0.3626877 1.372566
0.4152047 -0.3555346 1.016881
0.497076 -0.3067105 0.9183159
0.2631579 -0.4388995 1.488757
0.3333333 -0.2988236 1.119089
0.4678363 -0.3236562 0.8957865
0.4093567 -0.377815 0.9920933
0.3508772 -0.3961022 1.151731
0.4619883 -0.1903942 0.7663192
0.6140351 -0.4722401 0.9660798
0.3333333 -0.3530706 1.301922
0.5087719 -0.2670203 0.8290601
0.7076023 -0.07091378 0.5373205
0.2923977 -0.4682762 1.432409
0.4385965 -0.2384236 0.87182
0.3391813 -0.4317382 1.270062
0.502924 -0.3711317 0.8890347
0.6959064 -0.2169559 0.646285
0.3508772 -0.3662451 1.196527
0.3391813 -0.2840067 1.072798
0.5380117 -0.205492 0.7182908
0.3157895 -0.4853086 1.376558
0.5087719 -0.2968468 0.8448
0.497076 -0.3069124 0.8491239
0.6374269 -0.5819733 1.405783
0.3859649 -0.3199099 1.030454
0.3040936 -0.2651461 1.108518
0.4912281 -0.335729 0.8700037
0.6140351 -0.2686753 0.7532905
0.4619883 -0.2385434 0.8402985
0.5964912 -0.06408014 0.5793922
0.2865497 -0.4558997 1.3873
0.4678363 -0.5031857 1.313537
0.3157895 -0.3656125 1.247106
0.3040936 -0.4784302 1.36446
0.4561404 -0.3174415 0.9079286
0.4210526 -0.3112177 0.9730838
0.3508772 -0.2568965 0.3468013
0.5146199 -0.2434034 0.7890887
0.4269006 -0.2324328 -0.9598773
0.3918129 -0.2856444 0.9650562
0.3567251 -0.3361412 1.119389
0.2631579 -0.4148845 1.417678
0.3333333 -0.4453794 1.232272
0.3859649 -0.3288392 1.043592
0.625731 -0.2190437 0.6985423
0.4678363 -0.2359288 0.8211312
0.2222222 -0.6853057 2.015992
0.5555556 -0.1957038 0.7092172
0.3216374 -0.3698075 1.210912
0.4444444 -0.2648668 0.8780453
0.3216374 -0.3301746 1.139001
0.5672515 -0.4309892 0.8791935
0.994152 16.63322 -32.97746
0.2923977 -0.4891786 1.501308
0.5672515 -0.3068568 0.8159646
0.4269006 -0.3190999 0.9753494
0.3918129 -0.1532952 0.5168821
0.374269 -0.3036968 1.041579
0.3684211 -0.4699044 1.230112
0.3918129 -0.2949809 0.9868025
0.3918129 -0.3258055 1.028946
0.3918129 -0.2126852 0.8915598
0.4561404 -0.2689702 0.8710951
0.3859649 -0.1620225 0.5891075
0.5204678 -0.5127002 1.300417
0.380117 -0.3806863 1.063875
0.4035088 -0.2677596 0.9521259
0.4736842 -0.3423548 1.011197
0.4912281 -0.1489658 0.6957797
0.619883 -0.2699928 0.7257764
0.5263158 -0.222983 0.7719463
0.4269006 -0.2861232 0.9260846
0.374269 -0.3286395 1.044056
0.2865497 -0.3168654 1.246763
0.3450292 -0.3347002 1.092925
0.3450292 -0.4147971 1.153489
0.374269 -0.2538272 0.9932169
0.2865497 -0.6124985 1.583014
0.3099415 -0.4267925 1.29085
0.5789474 -0.293571 0.7715432
0.245614 -0.4478171 1.59997
0.3918129 -0.3037663 1.187757
0.7777778 -0.344953 0.7499263
0.497076 -0.2160673 0.7742918
0.5146199 -0.3522908 0.8809498
0.5438596 -0.4397046 0.8982098
0.619883 -0.2040596 0.7014889
0.3391813 -1.103975 1.589918
0.245614 -0.8902133 2.088859
0.5847953 -0.3496759 0.8516941
0.5730994 -0.5580995 1.346288
0.3508772 -0.3943533 1.144992
0.5146199 -0.2546253 0.8023447
0.3567251 -0.3101337 1.043735
0.5730994 -0.1983888 0.7647598
0.374269 -0.373349 1.096966
0.625731 -0.2060465 0.6870258
0.4327485 -0.6012293 1.524806
0.7894737 -1.358191 1.798505
0.625731 -0.2432376 0.7093565
0.7309942 -0.2308449 0.6793612
0.6140351 -0.2456491 0.7071719
0.4912281 -0.4298395 1.260182
0.7251462 -0.1898869 0.7316965
0.3859649 -0.2582599 0.9389353
0.4561404 -0.1746588 0.6382384
0.2163743 -0.6264673 1.997507
0.3274854 -0.3181696 1.162831
0.7017544 0.3243462 0.09220837
0.2631579 -0.7471699 1.865806
0.5321637 -0.2419858 0.7868763
0.3040936 -0.6387909 1.631023
0.625731 -0.3402383 0.8025953
0.4327485 -0.3331037 0.9881576
0.2222222 -0.7017146 2.05416
0.4385965 -0.3322662 0.9458555
0.8011696 -0.3088006 0.7103468
0.3918129 -0.1589312 0.8594295
0.619883 -0.2991109 0.8297457
0.4561404 -0.2116327 0.8434473
0.5204678 -0.2054156 0.7685024
0.5906433 -0.3993699 0.8527968
0.5789474 -0.1885164 0.6860857
0.4035088 -0.2990068 0.9536193
0.3976608 -0.3326529 1.023141
0.4502924 -0.1975653 0.5086456
0.380117 -0.3700218 1.101383
0.7368421 -0.2312963 0.7918164
0.4269006 -0.3457445 0.9858778
0.3157895 -0.5167963 1.328531
0.4152047 -0.3188434 0.9728418
0.4795322 -0.2053448 0.8094044
0.4795322 -0.3496033 0.8902432
0.2923977 -0.4632594 1.385455
0.5146199 -0.2976486 0.8380435
0.2982456 -0.2658932 1.087739
0.3625731 -0.3382838 1.089514
0.7134503 -1.137047 1.743684
0.3040936 -0.4260835 1.344266
0.4269006 -0.3335677 0.9518093
0.2397661 -0.4521477 1.59023
0.3216374 -0.3327256 1.201035
0.4795322 -0.4228404 1.315204
0.3976608 -0.2931238 0.9835817
0.3450292 -0.3009245 1.131899
0.5263158 -0.3152238 0.9237902
0.5730994 -0.2827232 0.788933
0.4912281 0.4403314 -0.34551
0.4210526 -0.3003721 1.008841
0.8362573 0.07936952 0.3137092
0.6491228 -0.7045086 1.076943
0.4327485 -0.2942115 0.9099146
0.7134503 -0.2542797 0.6909926
0.748538 -0.3598793 0.7450543
0.3976608 -0.2649349 0.9604206
0.7426901 -0.2373539 0.6357059
0.8947368 -0.7715624 1.19331
0.4385965 -0.3020042 0.9631927
0.6491228 -0.3954101 0.8368922
0.3859649 -0.1180592 0.8315122
0.4736842 -0.3033882 0.8756776
0.5672515 0.01274861 0.4845518
0.4678363 -0.3230304 0.9241176
0.8479532 -1.782945 2.225339
0.4678363 -0.5476242 1.415365
0.3625731 -0.4142488 1.175371
0.497076 -0.5078512 1.428011
0.7134503 -0.8472569 1.83791
0.4152047 -0.3533967 1.008437
0.4619883 -0.2981576 0.9065383
0.4210526 -0.2807906 0.9265172
0.380117 -0.3188417 1.035083
0.5087719 -0.5165125 1.211946
0.2631579 -0.4352681 1.482008
0.5087719 -0.1501855 0.7155761
0.5730994 -0.1941231 0.7006356
0.6666667 -0.4075612 0.8310221
0.4795322 -0.2489792 0.8138278
0.4035088 -0.2301094 0.8876213
0.380117 -0.2459457 0.9609648
0.4502924 -0.2702472 0.8867601
0.9005848 -0.5877821 1.017407
0.4736842 -0.3377272 0.8875902
0.3391813 -0.2864492 1.076569
0.4678363 -0.3496989 0.9182421
0.4619883 -0.314413 0.9254411
0.3567251 -0.5161014 1.538544
0.2631579 -0.6447107 1.794005
0.5906433 -0.2982277 0.7668626
0.4736842 -0.5802222 1.56147
0.3099415 -0.459934 1.355231
0.4093567 -0.2986416 0.9443797
0.4795322 -0.3376471 0.9704951
0.6081871 -0.1086626 0.592952
0.4269006 -0.3415572 0.9495445
0.5380117 -0.2350623 0.7683455
0.7777778 0.890182 -0.3894355
0.3567251 -0.1544433 0.867135
