0.3625731 -0.263996 0.9487553
0.2573099 -0.162636 1.017293
0.5847953 -0.152055 0.6176818
0.2748538 -0.07097804 0.8996894
0.2748538 -0.08217088 0.8334423
0.4736842 -0.07040855 0.6112278
0.245614 -0.2355277 1.139427
0.5730994 -0.1006024 0.6052903
0.3216374 -0.1729779 0.9060715
0.497076 -0.2392513 0.7673454
0.4736842 -0.1252911 0.5660653
0.2573099 -0.485206 1.484826
0.4561404 0.06133474 0.3665276
0.4035088 -0.2018365 0.7814299
0.380117 -0.0931417 0.734951
0.3157895 -0.2619708 1.009777
0.4093567 -0.1581029 0.8102343
0.4327485 -0.1487699 0.7392368
0.3216374 -0.09335858 0.7726854
0.3157895 -0.2690616 1.034711
0.3333333 -0.2916932 0.9640774
0.5263158 -0.3122354 0.821227
0.2573099 -0.2029013 1.019794
0.5672515 -0.2686434 0.7295586
0.380117 -0.2210295 0.9254606
0.2865497 -0.07834055 0.810512
0.2280702 -0.2442157 1.22987
0.6608187 -0.1724943 0.592059
0.5789474 -0.2716899 0.760951
0.3157895 -0.27956 1.028541
0.6725146 -0.0547094 0.5194523
0.3274854 -0.2236387 0.9645493
0.2163743 -0.7968822 1.67362
0.3508772 -0.1542277 0.8074782
0.1812865 -0.4501298 1.478272
0.4093567 -0.1502135 0.7531581
0.2163743 -0.4830798 1.011481
0.3567251 -0.1755766 0.8179433
0.1754386 -0.1664941 1.343777
0.2631579 -0.2646866 1.16621
0.3450292 -0.1839731 0.8330018
0.245614 -0.342124 1.25309
0.2982456 -0.09838682 0.5168537
0.2865497 -0.4516374 1.159374
0.3216374 -0.3211921 1.124429
0.2573099 -0.4861342 1.533155
0.3274854 -0.2825471 1.035514
0.3099415 -0.2543553 1.017206
0.380117 -0.2063832 0.7996901
0.4035088 -0.2001941 0.6927747
0.4912281 -0.2680337 0.7993789
0.3508772 -0.2764284 1.002768
0.2105263 -0.3247445 1.243148
0.251462 -0.199006 1.048566
0.2397661 -0.3231052 1.301517
0.2923977 -0.2846973 1.126812
0.3976608 -0.02427042 0.5425058
0.3450292 -0.1819947 0.8580691
0.2865497 -0.2677212 1.098691
0.3216374 -0.184755 0.926831
0.2573099 -0.3038917 1.281205
0.2280702 -0.1650031 1.159724
0.5146199 -0.2532084 0.8356737
0.5964912 -0.2789222 0.7736081
0.3099415 -0.3912153 1.216233
0.5087719 -0.2146531 0.7290796
0.497076 -0.1600392 0.698255
0.2573099 -0.3478966 1.330165
0.3157895 -0.1429705 0.8964521
0.4853801 -0.2052453 0.7572551
0.5438596 -0.1598056 0.6783264
0.4385965 -0.08424 0.6865179
0.4444444 -0.2176892 0.8615319
0.2631579 -0.2335653 1.149185
0.3450292 -0.2509761 0.9726161
0.2631579 -0.2469647 0.9743708
0.2690058 -0.1803194 1.011784
0.4561404 -0.2311757 0.8386899
0.4093567 -0.1932204 0.8526994
0.2163743 -0.2502482 0.8752454
0.2573099 -0.3940277 1.323256
0.4269006 -0.1571826 0.7389223
0.3567251 -0.006920112 0.6543222
0.2339181 -0.1878467 0.8730646
0.3099415 -0.2937968 1.069409
0.2690058 -0.2575126 1.118674
0.5730994 -0.3492804 0.8112714
0.3567251 -0.3409997 1.029729
0.3976608 -0.0799233 0.6450368
0.2923977 -0.320697 1.158119
0.3040936 -0.241998 1.041479
0.3625731 -0.2793648 0.9820664
0.3391813 -0.2861158 0.9073349
0.3040936 -0.1968823 0.9728274
0.4561404 -0.1063525 0.6396176
0.4561404 -0.2224169 0.7963633
0.5263158 -0.1479092 0.6799432
0.3567251 -0.2279387 0.9863253
0.4795322 -0.1776275 0.7406506
0.3859649 -0.1707818 0.8372221
0.2631579 -0.2349928 1.153715
0.4619883 -0.1143303 0.686966
0.4093567 -0.1399846 0.6724816
0.2807018 -0.3829082 1.201269
0.3157895 -0.2698306 1.010329
0.3157895 -0.2927661 1.008385
0.3391813 -0.2667913 1.004223
0.2923977 -0.2898099 1.166128
0.2865497 -0.3527161 1.20966
0.4093567 -0.2667834 0.8948372
0.3333333 -0.07590215 0.7342508
0.4561404 -0.2405282 0.8204874
0.4736842 -0.1378495 0.6803179
0.2807018 -0.356974 1.090796
0.5906433 -0.1127874 0.5345434
0.2163743 -0.4446863 1.586179
0.2631579 -0.1997824 1.039747
0.2865497 -0.2800703 1.050517
0.4736842 -0.2026212 0.7453184
0.2865497 -0.2298655 0.998865
0.6023392 -0.2962497 0.793688
0.5204678 -0.2509864 0.7795115
0.5555556 -0.08884563 0.5939371
0.3099415 -0.1832873 0.9460984
0.4035088 -0.249529 0.8904744
0.3040936 -0.3229596 1.059685
0.3450292 -0.2117981 0.9298142
0.3099415 -0.2631498 1.018837
0.3216374 -0.2647618 1.040357
0.4678363 -0.04720937 0.5226916
0.2690058 -0.2902146 1.21522
0.4561404 -0.3573711 0.8713272
0.3567251 -0.3221601 1.013718
0.3391813 -0.1883786 0.9168183
0.7251462 -0.2438852 0.6988708
0.374269 -0.1668862 0.7750935
0.3391813 -0.3085215 1.078536
0.502924 -0.3338541 0.8495723
0.2923977 -0.1393598 0.7813315
0.3157895 -0.1400517 0.8594078
0.3391813 -0.3289816 1.016101
0.4619883 -0.2094131 0.7631431
0.2865497 -0.2447145 0.9549927
0.3684211 -0.1853268 0.8351288
0.3157895 -0.2862099 1.018944
0.6315789 -0.2571831 0.7262268
0.4327485 -0.3173788 0.9307265
0.5789474 -0.198081 0.6782929
0.4093567 -0.1103808 0.7204767
0.374269 -0.203026 0.8970052
0.2807018 -0.2877062 1.101324
0.502924 -0.3675063 0.8504123
0.251462 -0.4775384 1.249364
0.3625731 -0.3136861 0.9902745
0.4678363 -0.2556078 0.7586882
0.3333333 -0.2903035 0.9855131
0.3099415 -0.3294739 1.117915
0.3099415 -0.1311458 0.7817166
0.4093567 -0.123405 0.6954445
0.5380117 -0.2070362 0.6618767
0.2807018 -0.3151521 1.157823
0.3976608 -0.2547434 0.8938565
0.2631579 -0.2907971 1.280819
0.3625731 -0.2970316 1.022189
0.4678363 -0.226224 0.7955373
0.3040936 -0.01318175 0.6825831
0.4619883 -0.3245614 0.8395926
0.4853801 -0.07186338 0.5674258
0.6549708 -0.5534083 0.9513471
0.3391813 -0.2007077 0.9441895
0.4385965 -0.1004677 0.6612021
0.2222222 -0.474525 1.629574
0.3040936 -0.2868391 1.055631
0.251462 -0.2975324 1.257934
0.245614 -0.325585 1.266182
0.2923977 -0.1140933 0.8872349
0.374269 0.01838806 0.6372362
0.4093567 -0.2287495 0.827948
0.4795322 -0.2178253 0.7946279
0.5087719 -0.2067407 0.6914906
0.4502924 -0.1622578 0.7440386
0.374269 -0.158015 0.7849995
0.3040936 -0.4477313 1.226254
0.3333333 -0.1712013 0.9279512
0.5087719 -0.2696684 0.7488858
0.2339181 -0.3162536 0.9273375
0.2865497 -0.06716845 0.6904759
0.3625731 -0.1954797 0.8060929
0.2573099 -0.3280401 1.03204
