0.4853801 -0.2532005 0.8102858
0.3274854 -0.3076849 1.079209
0.4269006 0.0369837 0.4829378
0.3333333 -0.2001278 0.9573712
0.4444444 -0.3236145 0.8378387
0.5614035 0.005169391 0.5119742
0.5497076 -0.3325683 0.8111859
0.6315789 -0.01576131 0.4589648
0.4152047 -0.237594 0.8723113
0.3391813 -0.143711 0.8609713
0.2982456 -0.08403922 0.6016947
0.1929825 -0.1933525 1.189977
0.3333333 -0.2719742 0.9751765
0.4269006 -0.1683984 0.83167
0.2923977 -0.2434684 1.103676
0.2280702 -0.2319232 0.9697653
0.4093567 -0.193893 0.8460381
0.2865497 -0.2089647 1.041167
0.3216374 -0.2321283 0.8772252
0.3918129 -0.2209028 0.8502803
0.5263158 -0.0444807 0.5284339
0.497076 -0.2228461 0.7320103
0.9181287 -5.386776 5.871481
0.2690058 -0.2130364 1.054349
0.3567251 -0.2587454 0.977625
0.4619883 -0.2878595 0.8591904
0.380117 0.0648629 0.4403842
0.7134503 -0.277209 0.7136556
0.374269 -0.2250668 0.918106
0.3216374 -0.1574688 0.7959263
0.5438596 0.0623456 0.4692697
0.4093567 -0.282348 0.9349386
0.497076 -0.1678722 0.6898224
0.4385965 -0.243415 0.8357811
0.4035088 -0.1657263 0.6643934
0.6432749 -0.1802691 0.5962675
0.5614035 -0.2039625 0.6652914
0.4210526 -0.09960246 0.7012719
0.2222222 -0.1222926 0.7213788
0.3918129 -0.1994067 0.8041243
0.4619883 -0.1891458 0.787346
0.5146199 0.003693045 0.5398953
0.4561404 -0.1380863 0.7256358
0.6608187 0.02341448 0.4294862
0.4035088 -0.2783001 0.9143422
0.2982456 -0.229047 0.9808806
0.3216374 -0.1486083 0.8778116
0.3274854 -0.1954025 0.9106166
0.245614 -0.625347 1.40558
0.3684211 -0.09388699 0.6936755
0.4327485 -0.01209125 0.4310818
0.3099415 -0.2122625 0.9378762
0.4385965 -0.1040306 0.6616646
0.4093567 -0.2591752 0.9000355
0.3625731 -0.2969098 0.9967463
0.3216374 -0.03352521 0.6791113
0.4561404 -0.09161177 0.6390682
0.5730994 -0.09641115 0.5627331
0.245614 -0.09660423 0.9180259
0.4269006 -0.1697323 0.7919853
0.3859649 -0.07404252 0.6922731
0.3976608 -0.2577907 0.9174245
0.497076 -0.2370608 0.7672193
0.380117 -0.2816542 0.9547663
0.4619883 -0.2456459 0.8128667
0.4210526 -0.08306763 0.6295136
0.4561404 -0.1813715 0.7549854
0.245614 -0.2783296 1.070899
0.2397661 -0.1274544 1.021896
0.2046784 -0.06008214 1.103097
0.5497076 -0.2017314 0.7436544
0.3684211 -0.03313602 0.6058734
0.4152047 -0.1284626 0.6879768
0.4327485 0.009681689 0.454151
0.2105263 -0.2739382 1.216208
0.2690058 -0.1425019 0.965766
0.2339181 -0.2140748 1.052662
0.4561404 -0.238097 0.8156277
0.6315789 -0.222057 0.7110711
0.3625731 -0.2160646 0.9054661
0.2923977 -0.3112451 1.180202
0.4444444 -0.07752025 0.6105472
0.4152047 -0.147241 0.7524923
0.7017544 0.1063433 0.2044197
0.3216374 -0.1838347 0.8199875
0.497076 -0.09043109 0.5830638
0.1812865 -0.1351223 0.3911497
0.619883 -0.1839686 0.6552394
0.3099415 -0.08353134 0.7513305
0.4619883 -0.1630786 0.6947108
0.4795322 -0.2002999 0.7709803
0.3333333 -0.1380556 0.8320782
0.6842105 -0.1094648 0.5704027
0.4619883 -0.286196 0.899736
0.3625731 -0.138765 0.6455556
0.3859649 -0.1081973 0.7265564
0.3391813 -0.2591003 1.037458
0.374269 -0.04803674 0.6974065
0.748538 0.110435 0.2898615
0.502924 -0.1199489 0.6607581
0.5321637 -0.09475285 0.6139916
0.3567251 -0.1310542 0.8011413
0.3040936 -0.1915377 0.9716489
0.4502924 -0.2403708 0.7439275
0.5146199 -0.1575774 0.6676275
0.4678363 -0.279132 0.8280083
0.5672515 0.06262606 0.3483081
0.5847953 -0.09378565 0.5158574
0.7192982 0.03242631 0.3121677
0.3216374 -0.2219367 0.972343
0.5555556 -0.1655815 0.6953159
0.2923977 -0.3185066 1.205967
0.497076 -0.1191622 0.6432532
0.3625731 -0.1675413 0.7601753
0.3333333 -0.2729247 1.003589
0.5321637 -0.121145 0.5886332
0.7602339 -0.413817 0.8238462
0.2748538 -0.2637008 0.8530162
0.2923977 -0.2842817 1.071785
0.4678363 -0.2305477 0.7689826
0.4444444 -0.2553899 0.8487193
0.4327485 -0.2921847 0.8709609
0.4152047 -0.1556909 0.7178135
0.4795322 -0.1798896 0.7237084
0.4444444 -0.2656761 0.8211631
0.5497076 -0.1216436 0.589977
0.3099415 -0.1987581 0.9902166
0.5380117 -0.1058289 0.5876847
0.4736842 -0.2250179 0.7197498
0.374269 -0.2146853 0.872629
0.5847953 -0.2707012 0.7899176
0.4736842 -0.2333672 0.8025062
0.4619883 -0.3224629 0.8673418
0.3508772 -0.1198364 0.774875
0.3684211 -0.179002 0.8855465
0.4327485 -0.1023331 0.653593
0.245614 -0.1418978 1.008461
0.245614 -0.308665 1.183983
0.3391813 -0.1820199 0.8545857
0.4444444 -0.2027822 0.7512035
0.4269006 -0.205214 0.7869492
0.2807018 -0.1638029 0.9332877
0.3684211 -0.2740533 0.9112959
0.2748538 -0.2116936 1.043045
0.3508772 -0.1608343 0.7536292
0.4678363 -0.2377883 0.7732596
0.3567251 -0.5212259 1.106766
0.4152047 -0.06336224 0.6336203
0.2807018 -0.1459513 0.9383802
0.2982456 -0.0603499 0.6409086
0.3274854 -0.1735939 0.8702653
0.619883 -0.2925828 0.7522345
0.4152047 -0.1766864 0.798115
0.4210526 -0.2187482 0.7976426
0.5438596 -0.2469651 0.7107074
0.4152047 0.05086541 0.4839844
0.4093567 0.03075065 0.4000028
0.3391813 -0.2134927 0.9581696
0.2222222 -0.3138605 1.182153
0.3918129 -0.2980474 0.9497488
0.8596491 0.6438784 -0.2382135
0.4736842 -0.1722327 0.7089056
0.4269006 -0.2386277 0.8587303
0.4269006 -0.2225244 0.8319131
0.3450292 -0.230593 0.9458037
0.4502924 -0.1025628 0.6321869
0.2865497 -0.2313559 1.071887
0.4093567 -0.3068844 0.9250319
0.2222222 -0.1656793 0.7287256
0.5438596 -0.158966 0.5429943
0.2222222 -0.1314972 1.015615
0.7368421 0.06714894 0.3525686
0.4210526 -0.305028 0.867038
0.3567251 -0.1805664 0.8630605
0.4853801 -0.2238297 0.7718573
0.6842105 -0.4132887 0.8132115
0.4093567 -0.2032218 0.8192838
0.5380117 -0.1960484 0.7109175
0.7309942 -0.09293931 0.540895
0.6023392 -0.1893533 0.6419181
0.497076 -0.1140653 0.6494575
0.6432749 -0.249316 0.6618271
0.5906433 -0.1596376 0.611589
0.7192982 -0.3645402 0.7695458
0.5614035 -0.01908574 0.4905522
0.7017544 -0.1059369 0.5274427
0.3450292 -0.2570816 0.9768089
0.5321637 -0.1862231 0.6767378
0.6666667 -0.308596 0.7510403
0.2982456 -0.2998842 1.139869
0.4210526 -0.260699 0.8828505
0.3157895 -0.2083963 0.9506995
0.2748538 -0.256636 1.012734
0.5964912 -0.3850211 0.7831372
0.4502924 -0.2814229 0.8754667
0.4152047 -0.1946375 0.8081208
0.3216374 -0.3504481 1.110979
0.5263158 -0.1059383 0.5747666
0.4152047 -0.2055517 0.825134
0.5380117 -0.112483 0.6372306
0.2865497 -0.1510974 0.9850037
0.5087719 -0.05498453 0.5213469
0.4502924 -0.2050362 0.7485168
0.3157895 -0.2379346 1.04153
0.3918129 -0.09340003 0.7081446
0.5087719 -0.1189468 0.6463081
0.3567251 -0.2254438 0.9360476
0.5789474 -0.3124438 0.7752009
0.4269006 -0.1988856 0.8075235
