0.4327485 -0.1810312 0.7606851
0.2631579 -0.0468425 0.8079157
0.3859649 -0.1929506 0.8104311
0.2982456 -0.07343219 0.7172593
0.2748538 -0.3185885 1.221072
0.3450292 -0.1596786 0.8601166
0.2923977 -0.1622374 0.8537839
0.2280702 -0.1997655 1.078674
0.1929825 -0.04962296 0.824602
0.3216374 -0.2158248 0.7478908
0.1812865 -0.2481924 0.9428906
0.3450292 -0.2606179 0.9971331
0.2923977 0.1483339 0.2694286
0.3216374 -0.2632019 1.027209
0.2280702 0.08263514 0.5807803
0.1871345 -0.413707 0.8208488
0.1871345 -0.03407189 0.8576858
0.2865497 -0.2193298 0.9795425
0.4385965 -0.1109104 0.6327468
0.3567251 -0.1806064 0.7959058
0.374269 -0.2824397 0.9176268
0.2105263 -0.5354651 1.043563
0.2865497 0.01561407 0.3958076
0.2105263 -0.3953623 1.060234
0.3976608 -0.2332326 0.8806604
0.2573099 -0.1239672 0.5435288
0.2280702 0.02743133 0.4291559
0.2865497 -0.03902412 0.4203367
0.4502924 -0.2684047 0.7878799
0.2982456 -0.05914424 0.7071849
0.3216374 -0.2765097 1.006607
0.3040936 -0.1815401 0.8547718
0.2748538 -0.5642575 1.046142
0.2573099 -0.2653142 1.058194
0.2573099 -0.01564443 0.7940645
0.3684211 -0.2340671 0.9358981
0.3625731 -0.1601245 0.7420685
0.2923977 -0.2093442 0.9907085
0.3450292 -0.2125583 0.8052574
0.3099415 -0.09940406 0.8226402
0.245614 -0.1658622 0.7817729
0.3216374 -0.1854753 0.9404322
0.3157895 0.05161316 0.5728811
0.2982456 -0.1446181 0.9001591
0.3450292 -0.1766419 0.7583493
0.3040936 -0.1081667 0.8270036
0.3099415 -0.2631581 1.001346
0.2807018 -0.2641866 0.8625712
0.251462 -0.2095481 1.116985
0.3450292 -0.2317303 0.9240797
0.4444444 -0.1914531 0.7264658
0.4444444 -0.2084594 0.7671873
0.3157895 -0.2207348 0.8706739
0.2807018 -0.2404817 1.017104
0.2982456 -0.1743609 0.8509176
0.3274854 -0.1775849 0.6953914
0.2748538 -0.134554 0.9771846
0.3040936 0.05618308 0.6174045
0.374269 -0.1715051 0.7954268
0.1929825 -0.4632823 1.468705
0.1812865 -0.07024742 0.6095564
0.3216374 -0.2200753 0.9934116
0.2046784 -0.2150634 0.8229162
0.2222222 -0.371879 1.018616
0.2748538 -0.04241955 0.8052391
0.251462 -0.4343322 1.366869
0.4035088 -0.2038645 0.8535708
0.2690058 -0.1945299 0.9864661
0.3274854 -0.3405997 0.997586
0.2573099 -0.1919759 1.047892
0.3274854 -0.2565495 0.9663748
0.2807018 -0.2442744 1.009057
0.3625731 -0.2163667 0.8843224
0.2339181 -0.1107484 0.9805231
0.2807018 -0.0619002 0.8021664
0.1578947 -0.5011247 1.442777
0.1695906 -0.3362155 1.523771
0.3099415 -0.08451774 0.6812071
0.2865497 -0.3586544 0.7746461
0.2105263 -0.3170631 0.7104735
0.245614 -0.3609607 1.006385
0.2923977 -0.06001696 0.6361605
0.2163743 -0.1491235 0.8562456
0.2397661 -0.01779293 0.3885779
0.3040936 -0.06699477 0.7185314
0.374269 -0.0479584 0.550126
0.2865497 -0.2977484 0.9866627
0.245614 -0.1854789 0.819136
0.4327485 -0.1588596 0.7131102
0.3918129 -0.1994504 0.790466
0.3391813 -0.08327153 0.7246137
0.2222222 -0.2229225 1.226521
0.3508772 -0.1729198 0.867481
0.3099415 -0.2032821 0.9214054
0.251462 -0.07025285 0.8130187
0.2046784 -0.2508061 1.324102
0.2573099 -0.06218708 0.7877046
0.2105263 -0.3944553 1.167634
0.2573099 -0.04789572 0.6384928
0.3567251 -0.07001406 0.6661032
0.3391813 -0.2681044 0.9805397
0.3391813 -0.2264411 0.936948
0.1871345 -0.07719943 0.756111
0.2631579 -0.3150899 0.9848129
0.2982456 -0.2655331 0.9561443
0.251462 -0.1345092 0.7840394
0.2339181 -0.06691518 0.8487505
0.3625731 -0.08638237 0.5711412
0.3625731 -0.2196052 0.8843979
0.3391813 -0.2873203 1.016396
0.4736842 -0.1960853 0.7073514
0.2631579 -0.05242442 0.8151326
0.4093567 -0.2315024 0.8047552
0.2046784 -0.1150695 0.8825917
0.1695906 -0.6896058 1.670237
0.3216374 -0.1794452 0.9062535
0.4093567 -0.2392501 0.8261753
0.2222222 -0.1763635 0.9949806
0.2573099 -0.1378318 0.9074245
0.2631579 -0.2615112 0.9113049
0.2923977 -0.2037027 0.9414779
0.3216374 -0.3186649 1.038176
0.2865497 -0.2966942 1.138062
0.3040936 -0.2473003 0.9665416
0.2748538 -0.224354 0.9319616
0.2222222 -0.2240311 1.231482
0.2865497 -0.3856965 1.081964
0.4736842 -0.2237253 0.7708731
0.2397661 -0.02247276 0.7242796
0.3157895 -0.06530879 0.7870006
0.1578947 -0.1331141 1.240579
0.2807018 -0.05882495 0.745288
0.2105263 -0.08280781 0.9407378
0.2865497 -0.2159755 0.9489274
0.2807018 -0.1635696 0.9587648
0.3508772 -0.2241905 0.9801206
0.3157895 -0.3305603 0.9912585
0.2397661 -0.2534617 1.011096
0.2748538 -0.1550002 0.7774423
0.3040936 -0.1476291 0.9066982
0.245614 0.03177177 0.6020722
0.2690058 -0.3808174 1.229883
0.1812865 -0.02953416 0.6412525
0.3333333 -0.1458213 0.8992536
0.1754386 -0.2587211 1.379964
0.2397661 0.09874796 0.4960135
0.3099415 -0.07377816 0.8153615
0.3450292 -0.2922336 0.898495
0.2865497 0.02212659 0.5324098
0.3450292 0.005049756 0.6140111
0.3450292 -0.2630406 0.9850325
0.2923977 -0.1022899 0.822785
0.2982456 -0.1036892 0.8282656
0.3567251 -0.3519179 0.9467254
0.380117 -0.2066983 0.8857611
0.2631579 -0.514399 1.360419
0.2807018 -0.1823186 0.9265604
0.4152047 -0.1626805 0.7228373
0.374269 -0.4186396 0.9075976
0.2631579 -0.2248234 0.9911397
0.3684211 -0.2116544 0.8367308
0.2923977 -0.08473969 0.448599
0.3333333 -0.2086671 0.8006782
0.3099415 -0.03243793 0.7591311
0.2807018 -0.1204425 0.6832945
0.2690058 -0.216615 1.090888
0.2280702 -0.1134545 1.000117
0.2690058 -0.09198676 0.9198733
0.2807018 -0.1823952 0.9779953
0.4561404 -0.2099095 0.7833668
0.2222222 -0.4305475 1.451398
0.3450292 -0.2416727 0.964121
0.2397661 -0.03064693 0.5706446
0.1871345 -0.1516687 1.00374
0.2807018 -0.3940438 1.239394
0.2748538 -0.2066602 0.5272994
0.1578947 -0.1205413 1.0194
0.2339181 -0.1675631 0.9266818
0.3625731 -0.1211184 0.7110778
0.251462 -0.3271875 1.108357
0.3216374 -0.1657243 0.8489145
0.2807018 -0.1946616 0.9341465
0.2573099 -0.2353862 0.7943386
0.4210526 -0.1165938 0.6172113
0.2280702 -0.1716692 0.9936337
0.2923977 -0.1763099 0.9227389
0.3099415 -0.1464289 0.7758371
0.3333333 -0.0150558 0.4570748
0.2631579 -0.3055941 1.173812
0.2690058 -0.2786455 1.186673
0.1988304 -0.078406 0.5603273
0.2163743 -0.1485525 0.8585755
0.2631579 -0.1382095 0.9265254
0.2923977 -0.2032007 0.9751003
0.1871345 -0.1502399 0.796875
0.1988304 -0.23192 1.188725
0.2807018 -0.1810019 0.9634505
0.2280702 -0.0298848 0.7225393
0.2222222 -0.2515423 1.080382
0.4269006 -0.2747212 0.874586
0.2280702 -0.2172631 1.113722
0.2280702 -0.223936 1.199745
0.3040936 -0.2362802 0.983385
0.3567251 -0.1555984 0.8284509
0.2280702 -0.3764385 1.415894
0.3099415 0.05720043 0.4066873
0.4152047 -0.2117675 0.7861921
0.2690058 -0.3025187 1.228521
0.3684211 -0.08581323 0.6014926
0.2923977 -0.1385916 0.8723567
0.3567251 -0.2107506 0.8716002
0.3274854 -0.1503767 0.8343133
0.2807018 -0.1720758 0.948658
0.3040936 -0.1627612 0.9653819
0.4385965 -0.2056237 0.7979338
0.2923977 -0.01012767 0.4267114
0.245614 -0.1130455 0.5623406
0.251462 -0.1661183 0.8817065
0.2105263 -0.2563373 1.30383
0.2339181 -0.05152314 0.6782217
0.3859649 0.01817543 0.5305517
0.3040936 -0.2996491 1.123147
0.4444444 -0.1088177 0.6724371
0.3450292 -0.2347325 0.9156239
0.2631579 -0.1425661 0.7453758
0.2690058 -0.1079585 0.8185859
0.3684211 -0.1535696 0.7858397
0.3216374 -0.1808032 0.8967286
0.2690058 -0.2150147 1.032541
0.3567251 -0.1774392 0.8387497
0.4269006 -0.2348233 0.8174827
0.2690058 -0.1716697 0.9254913
0.374269 -0.2320089 0.9061477
0.3391813 -0.2366164 0.8928843
0.2222222 -0.3569567 1.464992
