0.3567251 0.09306289 0.2771191
0.4912281 -0.2282034 0.7862239
0.1871345 -0.4601743 1.059605
0.2046784 -0.07496817 0.7936916
0.3450292 -0.1993258 0.7374038
0.2865497 -0.2709542 1.035748
0.2923977 -0.1792682 0.9202879
0.2807018 -0.3723769 1.034951
0.245614 0.07665652 0.2091552
0.1871345 -0.06055497 0.9688577
0.3040936 -0.07852189 0.8047425
0.2690058 0.008384578 0.6175108
0.1695906 -0.1088741 1.149196
0.2807018 -0.01896115 0.7428226
0.4210526 -0.1136936 0.7096636
0.2748538 -0.2463459 0.8235983
0.2982456 -0.2646496 0.9547713
0.3040936 -0.1274991 0.8728229
0.3040936 -0.1942269 0.8736133
0.4678363 -0.1691656 0.7323634
0.3099415 -0.2151258 0.9917729
0.2748538 -0.1418985 0.9537612
0.2631579 -0.2749287 1.174989
0.4327485 -0.2040765 0.7915085
0.4912281 -0.1245144 0.6078275
0.3859649 -0.273324 0.9332795
0.4385965 -0.1120698 0.6647439
0.4385965 -0.2646217 0.8239207
0.4093567 -0.2475778 0.8568756
0.3333333 -0.2974715 1.153079
0.3918129 -0.1301162 0.7622262
0.4152047 -0.3555326 0.9337526
0.3625731 -0.01906224 0.2260561
0.5321637 -0.1094019 0.5226641
0.4152047 -0.2355399 0.8334229
0.4210526 -0.1123405 0.6780682
0.2982456 -0.1378562 0.7677715
0.6842105 -0.1821811 0.6240957
0.4736842 -0.2063149 0.7289134
0.3157895 -0.2175736 0.9813173
0.2046784 -0.2905933 1.414662
0.2923977 -0.3226283 1.082567
0.4561404 -0.1734459 0.6621115
0.3391813 -0.111695 0.6499283
0.2807018 -0.2336156 1.025417
0.2397661 0.02993935 0.563469
0.2690058 -0.2149135 1.076161
0.3157895 -0.1155542 0.8301034
0.3274854 -0.2350511 0.768379
0.2046784 -0.173486 1.056148
0.4912281 -0.2542862 0.7800492
0.502924 -0.2969863 0.7542725
0.8011696 -0.00586656 0.4344226
0.4385965 -0.2714064 0.8205992
0.2923977 -0.1437644 0.6688337
0.3567251 -0.1594281 0.8051779
0.2222222 -0.3393873 0.9853479
0.3157895 -0.01284833 0.3689657
0.2280702 -0.1717099 1.13261
0.2222222 -0.3758125 1.189708
0.2631579 -0.3616803 1.231537
0.2397661 -0.3138713 1.295812
0.251462 -0.0455798 0.4086152
0.2631579 -0.2415568 0.7685697
0.2339181 -0.05724757 0.7274011
0.3859649 -0.09814208 0.6774297
0.2397661 -0.2579119 1.237874
0.4210526 -0.0508115 0.5870081
0.374269 -0.2770294 0.97498
0.2631579 -0.1197045 0.9306983
0.380117 -0.1432173 0.7745125
0.3567251 -0.09246248 0.7183475
0.502924 0.06940854 0.4364208
0.5263158 -0.2167198 0.6755423
0.2105263 -0.3653276 1.400837
0.2046784 -0.08229424 1.037457
0.1929825 -0.4395448 1.575907
0.2748538 -0.2085885 1.077454
0.3157895 -0.1531108 0.7117003
0.2923977 -0.159851 0.9311573
0.3274854 -0.1083895 0.7602799
0.2339181 -0.3106883 1.210798
0.2573099 -0.1233053 0.7990563
0.3625731 -0.2105582 0.8276402
0.374269 -0.2038357 0.8178675
0.3216374 -0.1105992 0.7658055
0.3859649 -0.1923282 0.700808
0.4210526 -0.08808812 0.6444208
0.2280702 -0.05627685 0.8687099
0.2573099 -0.3899502 1.101846
0.3567251 -0.172832 0.6959401
0.3216374 -0.1857286 0.9472909
0.4210526 -0.1964597 0.7402691
0.3918129 -0.1914974 0.8444382
0.4853801 -0.1490997 0.6691105
0.3918129 -0.2263663 0.8607656
0.251462 -0.2640426 1.087481
0.3684211 -0.2917111 0.9832238
0.4502924 -0.1653074 0.6382948
0.2573099 -0.04737269 0.8097982
0.502924 -0.2369762 0.6964281
0.3625731 -0.1702031 0.8412463
0.2397661 -0.1039738 1.026092
0.2690058 -0.2224376 0.8987238
0.3391813 -0.2531418 0.9020665
0.3391813 -0.3040985 1.068634
0.3859649 -0.2938943 0.9836148
0.4853801 -0.03920283 0.4918083
0.3508772 -0.1730011 0.6633873
0.4678363 -0.1078252 0.5633037
0.3450292 -0.2825802 0.9717237
0.2573099 -0.1610893 0.9824965
0.2807018 -0.2172129 1.060544
0.3274854 -0.194599 0.8394765
0.2573099 -0.08161344 0.9359942
0.4210526 -0.1376695 0.6967123
0.3918129 -0.2332456 0.8051176
0.380117 -0.1552698 0.7927538
0.2631579 -0.2788686 0.9395442
0.3274854 -0.1077504 0.7599123
0.2982456 -0.1994348 0.7712685
0.3099415 -0.2589718 1.036309
0.3274854 -0.2664935 0.887669
0.380117 -0.1768607 0.80862
0.3918129 -0.1778485 0.8071419
0.1988304 -0.5641 0.6301808
0.4912281 -0.2055831 0.7748685
0.3684211 -0.2734896 0.955632
0.3099415 -0.250158 0.9682673
0.1754386 -0.248274 0.6960158
0.3508772 -0.179854 0.8486539
0.2222222 -0.07078403 0.8641707
0.4210526 -0.2040802 0.7666349
0.502924 -0.04486422 0.483279
0.2222222 -0.3465972 1.315528
0.3274854 -0.06337984 0.7075987
0.3625731 -0.2144772 0.9058918
0.2865497 -0.3148933 1.148811
0.2807018 -0.2897418 0.9404988
0.3099415 -0.0368386 0.7342863
0.3391813 -0.08968706 0.756137
0.3216374 -0.1182728 0.5980659
0.4327485 -0.08687817 0.6112233
