0.380117 -0.1609712 0.8009711
0.4269006 -0.1844638 0.7588244
0.4152047 -0.2571831 0.9052108
0.3450292 -0.2096538 0.8909566
0.3157895 -0.3343451 1.116726
0.1988304 -0.2233696 1.272497
0.4152047 -0.144471 0.7310498
0.3508772 -0.02384282 0.5751798
0.2923977 -0.2529339 0.6770063
0.3333333 -0.2051953 0.7581157
0.4035088 -0.3418924 0.9538677
0.2865497 0.03958461 0.4649807
0.2280702 -0.05383516 0.8440934
0.2339181 0.005680152 0.2815121
0.2807018 -0.2324147 1.060974
0.2046784 -0.2203193 1.024454
0.2982456 -0.1655496 0.7849888
0.3040936 -0.2759582 1.03488
0.3391813 -0.1209837 0.7880552
0.245614 -0.4391884 1.509125
0.2339181 -0.1830864 0.9921838
0.2280702 -0.4354745 1.477441
0.2163743 -0.2403074 1.14154
0.3040936 -0.1985091 0.9930175
0.3274854 -0.1552793 0.8531018
0.2105263 -0.3161664 1.356905
0.2748538 -0.2887719 1.172703
0.2105263 -0.2534584 1.182676
0.3274854 -0.2409217 0.950869
0.251462 -0.04858914 0.6918086
0.4444444 -0.2001047 0.7954372
0.4269006 -0.2271782 0.8076864
0.4152047 -0.2035078 0.8323506
0.3040936 -0.0277196 0.477997
0.2748538 -0.2420972 1.073114
0.374269 -0.2613603 0.9516927
0.2163743 -0.1686264 1.069992
0.2046784 -0.548455 1.409431
0.2923977 -0.06043258 0.7382987
0.3274854 -0.2157902 0.9146373
0.2690058 -0.1047891 0.872359
0.3216374 -0.184182 0.8811501
0.2222222 0.1316029 0.2372545
0.2163743 -0.2494748 1.221434
0.2748538 -0.1717978 0.9812078
0.3040936 -0.1445393 0.8082849
0.2748538 -0.03629582 0.6735733
0.3216374 -0.300807 1.017152
0.3274854 -0.2817372 0.6093306
0.3625731 -0.1037158 0.6408242
0.245614 0.005945743 0.4215894
0.251462 -0.2589224 1.156073
0.2163743 -0.2064456 1.026402
0.2748538 -0.05319065 0.7637056
0.3157895 -0.2957708 0.9994969
0.3099415 -0.2028693 1.014785
0.3918129 -0.2032221 0.8194744
0.3157895 -0.03538607 0.6598688
0.1871345 -0.3416131 1.507151
0.4269006 -0.07594885 0.6137828
0.5964912 -0.2162151 0.6872001
0.5204678 -0.2295394 0.7188419
0.5146199 -0.2019104 0.7553364
0.1929825 -0.5445688 1.543994
0.4444444 -0.1813569 0.7485868
0.2748538 -0.1018347 0.7649935
0.2339181 -0.3972287 1.227974
0.2631579 -0.1822545 0.956377
0.4853801 -0.3202058 0.8311703
0.1754386 -0.4924153 1.939494
0.245614 -0.2445289 1.182892
0.2807018 -0.2944517 1.151182
0.3040936 -0.1465158 0.8650788
0.2807018 -0.1799421 1.006464
0.4385965 -0.1593643 0.7955597
0.2807018 -0.3543701 0.9742761
0.3684211 -0.1648789 0.6648806
0.3333333 -0.1851357 0.7582473
0.3684211 -0.2647915 0.9373957
0.2865497 -0.1810747 0.8702618
0.374269 -0.1784611 0.7909535
0.245614 -0.05427802 0.8472853
0.2222222 -0.01077596 0.8637576
0.3625731 -0.3013792 0.8273935
0.374269 -0.2437907 0.8992057
0.2690058 -0.2610697 1.164333
0.3274854 -0.2943668 0.9066517
0.2748538 -0.315543 1.172404
0.3216374 -0.07477244 0.6401586
0.3099415 -0.4112061 0.9899124
0.2631579 -0.2175901 1.019846
0.2222222 -0.4302831 1.373465
0.2631579 0.08025302 0.489687
0.2046784 -0.1713413 1.183175
0.4269006 -0.1486522 0.6955703
0.2748538 -0.165105 0.8883753
0.3040936 -0.20018 1.001709
0.2631579 -0.4369201 1.423526
0.3391813 -0.2796257 1.010159
0.3157895 -0.2321249 0.8905849
0.2748538 -0.2457489 0.9077822
0.3450292 -0.09011261 0.6191225
0.3216374 -0.1097979 0.8428371
0.3157895 -0.1878781 0.8937804
0.1695906 -0.2542753 1.309241
0.2222222 -0.260613 1.042561
0.1754386 0.05697783 0.2824258
0.2690058 -0.175441 0.9894338
0.2339181 -0.3504464 1.35501
0.3216374 -0.2999921 1.046526
0.2923977 -0.1741579 0.8762567
0.3567251 -0.314341 1.041835
0.2982456 -0.3275337 1.157351
0.2163743 -0.1106305 0.7764008
0.2982456 -0.1712347 0.8593517
0.2046784 -0.1401955 1.0327
0.3391813 -0.1679757 0.7764491
0.3157895 -0.3265902 1.126179
0.2982456 -0.273384 1.055079
0.380117 -0.07744942 0.6537018
0.3625731 -0.219689 0.8610318
