0.3976608 -0.07545769 0.5220681
0.3040936 -0.3115984 0.9213717
0.4152047 -0.3127926 0.9345418
0.251462 -0.01305938 0.6743983
0.2982456 -0.2235464 0.9066641
0.2046784 -0.1572155 1.097168
0.2923977 -0.2433271 0.9270361
0.3391813 -0.2682767 0.9983823
0.3508772 -0.2229837 0.9139121
0.2339181 -0.285766 1.203922
0.4678363 -0.2318254 0.8185292
0.2982456 -0.3248679 1.158213
0.2280702 -0.2929637 1.062563
0.4678363 -0.2534702 0.7801132
0.1988304 -0.2801617 1.033881
0.380117 -0.2328769 0.8806867
0.3157895 -0.3102966 1.108485
0.2280702 -0.413704 1.367007
0.4035088 -0.05456824 0.6042978
0.5146199 -0.2894407 0.808715
0.3040936 -0.3509505 1.208083
0.2397661 -0.3108361 1.206275
0.3508772 -0.1839648 0.8316482
0.2982456 -0.2425793 0.457118
0.4210526 -0.2058904 0.8145838
0.3859649 -0.19755 0.8210036
0.3976608 -0.213668 0.8857397
0.3508772 -0.1505242 0.8192139
0.3391813 -0.1464816 0.6579139
0.3040936 -0.2441175 0.933332
0.2397661 -0.02779253 0.7731051
0.3567251 -0.1500267 1.126267
0.2807018 -0.1205572 0.8830753
0.3450292 -0.2536478 0.9733459
0.3333333 -0.1823737 0.8461542
0.4853801 -0.1373271 0.6613787
0.3567251 -0.163682 0.7784222
0.380117 -0.3299128 0.9949047
0.3157895 -0.1447516 0.7759675
0.3274854 -0.1644757 0.8869834
0.2105263 -0.2313034 1.216356
0.2631579 -0.1461018 0.9902936
0.3157895 -0.1821242 0.9310619
0.251462 -0.2773946 1.173512
0.3508772 -0.161492 0.7995433
0.2573099 -0.2526195 1.141604
0.3333333 -0.17152 0.8901429
0.2163743 -0.2602059 1.376077
0.3099415 -0.1534382 0.931297
0.4327485 -0.3272344 0.8777269
0.2982456 -0.1244931 0.7591903
0.2573099 -0.1641464 1.053996
0.3567251 -0.2170763 0.9160279
0.2105263 -0.1465843 1.050407
0.3391813 -0.05391766 0.7115325
0.2280702 -0.06287273 0.7955281
0.2397661 -0.2896213 1.204977
0.2807018 -0.07146679 0.7605526
0.4619883 -0.2343592 0.7870833
0.2923977 -0.1065474 0.8236668
0.2163743 -0.1373407 1.104025
0.3157895 -0.1742579 0.8478836
0.3450292 -0.2020997 0.9028478
0.2982456 -0.1614327 0.940281
0.2397661 -0.2526461 1.013076
0.3333333 -0.3353128 1.040256
0.251462 -0.2454072 1.078781
0.251462 -0.1567021 1.047205
0.3508772 -0.05104967 0.6957648
0.3391813 0.03453439 0.4401803
0.3918129 -0.1595049 0.6844065
0.2046784 -0.1536727 1.1868
0.3099415 -0.09910093 0.8374828
0.3099415 -0.310821 1.053188
0.4795322 -0.1700244 0.7159324
0.245614 -0.05485573 0.6746664
0.4152047 -0.1321722 0.696231
0.4093567 -0.3210071 0.9271841
0.380117 -0.1252631 0.7585698
0.4736842 0.06899537 0.2811574
0.3859649 -0.1790348 0.8289036
0.2222222 0.0264275 0.5463812
0.3216374 -0.1746937 0.5845354
0.3450292 -0.1770723 0.7982495
0.3274854 -0.2386683 0.9230152
0.374269 -0.08168729 0.6800361
0.2631579 -0.1882861 1.039379
0.4035088 -0.1384612 0.7203376
0.2631579 -0.2054316 1.045092
0.2923977 -0.2731527 1.055131
0.2982456 -0.2980299 1.128197
0.502924 -0.2128414 0.7198763
0.2982456 -0.2543263 1.064258
0.3508772 -0.2293253 0.9287459
0.3333333 -0.2998766 1.077544
0.380117 -0.1977852 0.8448969
0.3391813 -0.1355269 0.7522191
0.2339181 -0.1493968 0.9973396
0.2865497 -0.1166512 0.7616374
0.2690058 -0.1932767 0.9794214
0.3391813 -0.2647303 0.9658876
0.380117 -0.3256805 1.001972
0.3859649 -0.2708783 0.9571223
0.3508772 -0.1464584 0.7831948
0.4561404 -0.05834067 0.5430141
0.2339181 -0.2462761 1.225566
0.4035088 -0.208338 0.7721849
0.2222222 -0.2916764 1.359664
0.3450292 -0.1838914 0.9064491
0.3099415 -0.3363514 1.121656
0.3333333 -0.243206 0.9472796
0.2807018 -0.1499618 0.997584
0.2690058 -0.4387095 1.360592
0.3099415 -0.07221575 0.6453761
0.3099415 -0.1265521 0.8513818
0.2807018 -0.06319517 0.5894503
0.2865497 -0.4218433 1.259892
0.3274854 -0.1531519 0.8010382
0.2222222 -0.4825153 1.419158
0.2397661 -0.207502 0.8223902
0.2222222 -0.1775046 0.9521254
0.2163743 -0.1120137 1.018376
0.2923977 -0.1272602 0.8541872
0.497076 -0.1511459 0.6689966
0.2163743 -0.1172131 0.8968876
0.3157895 -0.2127782 1.009605
0.2631579 -0.3419842 1.225355
0.2807018 -0.2143942 1.070773
0.4269006 -0.156892 0.6972607
0.3099415 -0.1726932 0.8149782
0.3157895 -0.1294166 0.7765957
0.2280702 -0.5066512 1.013148
0.3040936 -0.1955399 0.78822
0.3450292 -0.1719373 0.8746526
0.3040936 -0.3856316 1.220867
0.251462 -0.08093471 0.7849721
0.1929825 -0.3888227 1.170396
0.2807018 -0.1256841 0.9091006
0.4093567 -0.2446026 0.8691975
0.4327485 -0.07516328 0.6388898
0.4035088 -0.2944823 0.9288623
0.2748538 -0.02217896 0.6302903
0.3508772 -0.144925 0.8037947
0.3040936 -0.3608133 1.137721
0.3099415 -0.2315347 1.000699
0.3099415 -0.2923702 1.020214
0.2280702 -0.2428032 1.045354
0.380117 -0.2613765 0.9491549
0.3918129 -0.1084387 0.7289826
0.5672515 -0.1975516 0.5258916
0.3274854 -0.2358374 0.8987845
0.2865497 -0.2220011 1.055276
0.2865497 -0.2541785 1.129014
0.3450292 -0.2556954 0.9729108
0.2573099 -0.2079158 1.087662
0.3567251 -0.1860438 0.8468432
0.2748538 -0.1750108 0.9827824
0.5146199 -0.12504 0.6704045
0.3684211 -0.04319056 0.6311304
0.4561404 -0.3032275 0.8454566
0.4385965 -0.2828956 0.8522058
0.3099415 -0.2560523 1.077794
0.4385965 -0.2535209 0.8354787
0.4619883 -0.1738806 0.5505716
0.251462 -0.1897469 1.017761
0.3625731 -0.2260722 0.8852588
0.374269 -0.2837942 0.9181589
0.1578947 -0.2139273 1.327893
0.2105263 -0.594903 1.073188
0.3391813 -0.07333562 0.6836106
0.2046784 -0.3372857 1.111192
0.2339181 -0.4059994 1.407666
0.4912281 -0.104114 0.6471671
0.4035088 -0.4189165 0.7856436
0.4385965 -0.165544 0.7366407
0.3274854 -0.08775303 0.7690448
0.3450292 -0.2770555 0.9660829
0.3567251 -0.2877999 0.9723101
0.3625731 -0.06268782 0.5884281
0.4678363 -0.1344265 0.6801232
0.2748538 -0.1405792 0.8031353
0.3040936 -0.2301367 0.9261105
0.2631579 -0.2364096 0.9178929
0.3333333 -0.1063752 0.7691175
0.2748538 -0.361309 1.194424
0.2865497 0.01085516 0.4295416
0.2222222 -0.1731277 1.113676
0.2573099 -0.1107601 0.8938877
0.2397661 -0.2164727 1.102875
0.3099415 -0.08226836 0.7593187
0.4561404 -0.290081 0.838682
0.374269 -0.2241221 0.887306
0.2631579 -0.05122046 0.589511
0.2807018 -0.2326476 0.985818
0.2573099 -0.2473125 1.111478
0.3450292 -0.2184807 0.8577144
0.3508772 -0.1464096 0.8011515
0.2163743 -0.3170188 1.258979
0.3567251 -0.2119689 0.9399073
0.2690058 -0.1450162 0.9275062
0.4327485 -0.1071481 0.6837425
0.380117 -0.1199947 0.7291519
0.2923977 -0.3324317 1.145543
0.4327485 -0.1739768 0.7323193
0.3625731 -0.2141489 0.8623308
0.3567251 -0.2167629 0.8745661
0.3976608 -0.2463757 0.9002132
0.3391813 -0.204381 0.8469736
0.4385965 -0.2433726 0.8441793
0.4736842 -0.1142208 0.6506294
0.3391813 -0.2456196 0.9077712
0.4152047 -0.08162174 0.6499291
0.4035088 -0.3242213 0.899492
0.2982456 -0.3710699 1.152284
0.245614 -0.2516197 1.151791
0.2690058 -0.219679 1.061943
0.380117 -0.3398258 0.8983978
0.4152047 -0.3006695 0.9243665
0.2046784 -0.1582058 0.7232555
0.2923977 -0.3427714 1.007501
0.3157895 -0.235568 1.016359
0.2923977 -0.2325769 0.8234278
0.2807018 -0.1956985 0.9382789
0.3450292 -0.1343192 0.8240556
0.3391813 -0.09119455 0.7256577
0.2222222 -0.2235346 1.150209
0.2397661 0.004252808 0.8432568
0.3040936 -0.1705852 0.8342139
0.4795322 -0.1317315 0.6395393
0.3216374 -0.3067602 1.047112
0.251462 -0.2221623 1.089719
0.2982456 -0.1498805 0.8938643
0.2982456 -0.1040384 0.7913429
0.1812865 -0.4062851 1.63755
0.2339181 0.01889428 0.5839048
