0.3508772 -0.1810326 0.889879
0.4035088 -0.1130278 0.7093468
0.5789474 -0.2623996 0.6902259
0.3274854 -0.3252811 1.023115
0.2573099 -0.1081399 0.9764218
0.380117 -0.1839004 0.6388279
0.3040936 -0.2904942 1.018964
0.3040936 -0.1970331 0.9748584
0.4444444 -0.2325599 0.8134974
0.3333333 -0.2323667 0.8662663
0.3157895 -0.228622 0.9789075
0.4502924 -0.05959226 0.5500892
0.4210526 -0.2849333 0.8893681
0.4152047 -0.2029167 0.7736118
0.4678363 -0.2190218 0.7900138
0.5380117 -0.3097306 0.8179638
0.245614 -0.4321955 1.451076
0.5204678 -0.1700466 0.6777053
0.4678363 -0.2710048 0.8188854
0.3274854 -0.2462751 0.9813893
0.3450292 -0.2489712 0.9626431
0.4444444 -0.1022345 0.7007553
0.245614 -0.3841692 1.370191
0.3333333 -0.07127942 0.6697367
0.3216374 -0.1182308 0.867644
0.2807018 -0.2119374 1.015366
0.3157895 -0.17668 0.7770429
0.5380117 -0.1640792 0.6711463
0.3918129 -0.09871484 0.611886
0.502924 -0.0445937 0.4871908
0.6666667 -0.2178688 0.683329
0.5087719 -0.2813285 0.7783125
0.2397661 0.01510527 0.5030224
0.2865497 -0.05122813 0.64256
0.3625731 -0.254471 0.8869242
0.4561404 -0.2197395 0.7621522
0.251462 -0.3296803 1.110297
0.2923977 0.02790175 0.7130775
0.251462 -0.4113818 1.095803
0.2573099 -0.2082078 1.10451
0.3567251 -0.2158126 0.8981462
0.3567251 -0.1359264 0.8301483
0.4502924 -0.2492511 0.7787676
0.2923977 -0.3571922 1.12138
0.497076 -0.1819897 0.7007797
0.4444444 -0.2284149 0.8553074
0.2163743 -0.2517023 1.326281
0.4912281 -0.2062154 0.7496968
0.3976608 -0.3044116 0.8968928
0.4210526 -0.1612572 0.6820882
0.5497076 -0.2087123 0.7068236
0.2690058 -0.1539335 0.9389376
0.5087719 -0.188397 0.6735577
0.5906433 -0.3285691 0.7771311
0.3391813 -0.1248465 0.7895581
0.251462 -0.196677 1.061046
0.4269006 -0.03788161 0.5850268
0.1754386 -0.263566 1.317999
0.2748538 -0.04667942 0.6491467
0.2923977 -0.3374604 0.8808428
0.3567251 -0.1989141 0.7797925
0.4269006 -0.1535878 0.7626338
0.3274854 -0.3196332 1.10365
0.4035088 -0.2417038 0.8586287
0.5321637 -0.1678156 0.6637141
0.4853801 -0.232017 0.7319173
0.5555556 -0.3232005 0.7549058
0.3567251 -0.2559919 0.9878804
0.4035088 -0.2523355 0.8960187
0.3976608 -0.1413808 0.7464584
0.2982456 -0.3729895 1.085931
0.2807018 -0.4272604 1.119106
0.4093567 -0.2636344 0.9086729
0.3508772 -0.2903437 1.024178
0.3625731 -0.01708882 0.4698906
0.4385965 -0.1411763 0.6827798
0.3625731 -0.2693236 0.9485774
0.3040936 -0.3188636 1.14309
0.3625731 -0.2878436 0.8502199
0.3625731 -0.1742027 0.8164512
0.1520468 -0.2890306 1.312844
0.374269 -0.2257965 0.8786209
0.380117 -0.2474822 0.8589638
0.502924 -0.2014837 0.7149508
0.4269006 -0.3522633 0.8677767
0.5555556 -0.1397405 0.6294746
0.497076 -0.1830699 0.6433166
0.5438596 -0.3163963 0.7886484
0.3040936 -0.219767 0.9690356
0.251462 -0.09234796 0.78471
0.2397661 -0.4296672 1.428228
0.2397661 -0.2976264 1.264221
0.5438596 -0.219004 0.7362086
0.4619883 -0.2264689 0.8099097
0.5087719 -0.2195789 0.7513927
0.4035088 -0.3216899 0.9319922
0.5730994 0.07078848 0.3792015
0.3157895 -0.273341 1.090119
0.4736842 -0.320922 0.877306
0.6725146 -0.1580769 0.624104
0.3274854 -0.1214236 0.8301452
0.4093567 -0.2179797 0.8523287
0.4502924 -0.1689037 0.691255
0.5321637 -0.151057 0.6529158
0.3274854 -0.2717727 1.0527
0.1929825 -0.1729591 1.148454
0.374269 -0.102306 0.7066853
0.2631579 -0.2845582 1.167008
0.4561404 -0.315658 0.8813073
0.6023392 -0.1185256 0.5630362
0.5847953 -0.1432476 0.6264095
0.4385965 -0.06364211 0.60139
0.4269006 -0.1804547 0.805562
0.2690058 -0.3130523 1.172745
0.1871345 -0.488981 1.795845
0.5380117 -0.1922655 0.6966625
0.3508772 -0.09975667 0.7268987
0.4210526 -0.2313726 0.749166
0.3333333 -0.2480689 0.9045959
0.3976608 -0.1629551 0.8026581
0.4385965 -0.2085777 0.8253923
0.2222222 -0.4762677 1.574572
0.2923977 -0.2488168 1.024786
0.3918129 -0.2282161 0.8554966
0.3625731 -0.295821 1.054858
0.1988304 -0.1563004 1.172436
0.6081871 -0.1435625 0.5754236
0.4093567 -0.1791405 0.7741929
0.2748538 -0.2490485 1.103838
0.2807018 -0.06719207 0.8218161
0.1929825 -0.01937972 0.2896589
0.4853801 -0.1024675 0.6270544
0.4385965 -0.3105489 0.8929296
0.3859649 -0.2022441 0.8190516
0.2982456 -0.3282581 1.090477
0.4853801 -0.1901868 0.7715703
0.3684211 -0.1052681 0.7447546
0.502924 -0.1892672 0.6962555
0.2397661 -0.04603468 0.9020207
0.5672515 -0.151617 0.6159024
0.3391813 -0.3142907 1.031487
0.2865497 -0.1307341 0.7894179
0.1988304 -0.8175627 1.928176
0.3274854 -0.1654506 0.8551378
0.251462 -0.1848419 1.035745
0.3040936 0.03803915 0.3969785
0.4678363 -0.271445 0.8412257
0.2807018 -0.1425596 0.5716497
0.2807018 -0.121302 0.8096859
0.4678363 -0.2364098 0.7842682
0.3508772 0.04336112 0.5271893
0.3157895 -0.0712228 0.4886741
0.4853801 -0.2796508 0.863797
0.5204678 0.009510372 0.388798
0.3216374 -0.176809 0.8618463
0.2339181 -0.2137034 1.01327
0.2923977 -0.2865768 1.111659
0.3040936 -0.4189654 1.182342
0.2807018 -0.04784451 0.5594487
0.3040936 0.1280305 0.3780362
0.625731 -0.2263792 0.6501113
0.3567251 -0.06458865 0.6376184
0.4327485 -0.1957443 0.8095652
0.4502924 -0.2391976 0.8353645
0.2280702 -0.2866253 1.246578
0.4385965 -0.1067308 0.6504157
0.4210526 -0.2405232 0.8313864
0.2631579 -0.1214469 0.9759857
0.5555556 -0.2079889 0.7106226
0.3508772 -0.2367357 0.844367
0.6666667 -0.1606158 0.604506
0.4152047 -0.2986329 0.9172695
0.3216374 -0.2916918 1.068304
0.3918129 -0.2099187 0.7734763
0.2573099 -0.3173032 1.265016
0.2982456 -0.2460024 1.057782
0.2631579 -0.1521207 1.022431
0.3333333 -0.08113951 0.8294666
0.3625731 -0.2209815 0.8948883
0.4736842 -0.05899648 0.6111817
0.4327485 -0.02081767 0.5655168
0.4444444 -0.2699347 0.8331962
0.2280702 -0.2493822 1.224316
0.4619883 -0.2096847 0.7457837
0.3333333 -0.1218192 0.4840364
0.2690058 -0.2435076 1.055782
0.3508772 -0.2085221 0.8635184
0.2923977 -0.3801978 1.159384
0.3099415 -0.09789207 0.6949643
0.5204678 -0.3252262 0.8203945
0.2982456 -0.1722501 0.9422393
0.4210526 -0.3228046 0.9200075
0.2748538 -0.2329269 0.973489
0.3274854 -0.2937835 1.052387
0.4619883 -0.06446847 0.6175027
0.4795322 -0.1814596 0.7466981
0.2573099 -0.08154945 0.7578191
0.3216374 -0.2442138 0.9883554
0.5789474 -0.3071765 0.7349993
0.2807018 -0.30737 1.080892
0.245614 -0.3002243 1.231032
0.380117 -0.199768 0.8567204
0.5146199 -0.3927611 0.8025575
0.3508772 -0.2803581 1.034295
0.5438596 -0.135242 0.6477525
0.5555556 -0.2826489 0.7475148
0.1871345 -0.156493 1.223437
0.497076 -0.1738685 0.7382297
0.2807018 -0.1511097 0.9116292
0.502924 -0.2485138 0.7627508
0.4853801 -0.2792973 0.8223245
0.4736842 -0.1965617 0.7078287
0.3216374 -0.1738197 0.9353952
0.2982456 -0.02211923 0.701009
0.3099415 -0.3215925 1.129934
0.3684211 -0.146464 0.745129
0.4853801 -0.2389266 0.7485944
0.3976608 -0.04778465 0.6343788
0.2865497 -0.1169624 0.8177899
0.3450292 -0.2822485 1.022947
0.4152047 -0.2151704 0.7524509
0.2982456 -0.0552535 0.2747151
0.3508772 -0.2507593 0.9604726
0.2222222 -0.5549385 1.563553
0.3918129 -0.2049079 0.8240875
0.2807018 -0.2288633 0.9953914
0.2046784 -0.03976413 0.4912718
0.2690058 -0.2277769 1.105097
0.3508772 -0.31604 0.9894969
0.2222222 -0.2516203 1.224291
0.2046784 -0.2522201 0.7517386
0.754386 -0.4131373 0.832106
0.3391813 -0.2023782 0.8292363
0.3450292 -0.2796976 1.00037
0.3099415 -0.3730668 1.133096
0.3625731 -0.05397936 0.6704742
0.245614 -0.4758943 1.508479
0.1988304 -0.217818 1.02957
0.3274854 -0.3121257 1.038191
0.2163743 -0.3809943 1.345408
0.4385965 -0.2300103 0.8099866
0.4912281 -0.1048069 0.5921674
