0.2397661 -0.2701216 1.197229
0.1988304 -0.0350968 0.5661796
0.374269 -0.2982095 0.9244033
0.5438596 -0.277922 0.7622301
0.5906433 -0.04460586 0.4474961
0.4561404 -0.2197496 0.7542579
0.2631579 -0.2135147 1.123127
0.5204678 -0.1380807 0.5989073
0.3859649 -0.1051317 0.6422727
0.2339181 -0.06539606 0.9786785
0.5263158 -0.1273303 0.5324655
0.3391813 -0.06628231 0.6305957
0.5146199 -0.209973 0.7268415
0.4736842 -0.04729378 0.5531532
0.374269 -0.2398739 0.8904694
0.4561404 -0.3088591 0.8623831
0.3567251 -0.1206573 0.6140698
0.251462 -0.1572604 0.6260671
0.2748538 -0.2628845 0.9352352
0.2923977 -0.3009781 1.165756
0.3216374 -0.1638656 0.7593313
0.4093567 -0.177388 0.7612344
0.2631579 -0.1436888 0.7070113
0.2690058 -0.2292734 1.046465
0.3450292 -0.2443861 0.9692958
0.251462 -0.1744534 1.05681
0.2046784 -0.1190725 0.9433184
0.3216374 -0.2758364 1.02977
0.2339181 -0.3442119 1.330635
0.3040936 -0.2020191 0.843554
0.2631579 -0.1417412 0.8336507
0.2631579 -0.1026947 0.8168274
0.1695906 -0.2195077 0.7941142
0.4093567 -0.2736568 0.8878072
0.2222222 -0.1477499 1.026349
0.2397661 -0.3273526 1.239005
0.3391813 -0.07060157 0.7145886
0.6900585 -0.07419013 0.4914262
0.497076 -0.2032204 0.798297
0.245614 -0.1769054 1.072406
0.3040936 -0.3688586 1.179161
0.245614 -0.3395092 1.287647
0.3040936 -0.1400207 0.8894116
0.1988304 -0.4512628 1.56165
0.2163743 -0.05922543 0.7211743
0.245614 -0.4266865 1.285093
0.2748538 -0.1268653 0.9655136
0.3450292 -0.2802037 1.011533
0.2690058 -0.1926586 0.8502834
0.3859649 -0.2757022 0.9029134
0.2163743 -0.1655928 1.194635
0.5555556 0.0969046 0.3936258
0.2748538 -0.6938013 1.227737
0.2923977 -0.2330054 1.044452
0.3976608 -0.2758993 0.8982471
0.2748538 -0.1222487 0.9486752
0.4327485 -0.2161312 0.8111495
0.251462 -0.1352715 0.941628
0.5497076 0.08122853 0.3738103
0.502924 -0.341324 0.8526563
0.5497076 -0.2868368 0.7521822
0.5087719 -0.2209381 0.7211444
0.7309942 -0.2590056 0.6952994
0.6783626 -0.09103972 0.4681602
0.6374269 -0.04893201 0.4402307
0.4678363 -0.1483379 0.7055727
0.5146199 -0.1554773 0.6406868
0.3274854 -0.1839605 0.8817947
0.2631579 -0.1666363 0.9679777
0.2865497 0.1035037 0.3419218
0.2280702 -0.4642053 1.318056
0.4093567 -0.1717608 0.7558661
0.4035088 -0.0693659 0.6678993
0.3333333 -0.2236163 0.9306725
0.3333333 -0.3832426 0.9579422
0.251462 -0.1233559 1.007319
0.251462 -0.1001457 0.6297079
0.3157895 0.08150576 0.4351492
0.4736842 -0.08948336 0.6529238
0.3625731 -0.1363773 0.8060012
0.4385965 -0.162977 0.7599963
0.4502924 -0.1823201 0.7397168
0.497076 -0.05084922 0.5860971
0.4152047 -0.267506 0.8759054
0.3157895 -0.3265877 1.064808
0.4269006 -0.140654 0.7192514
0.7777778 -0.2836382 0.6975695
0.2807018 -0.1827788 1.01747
0.380117 -0.1928454 0.827949
0.5204678 -0.1868399 0.6925515
0.8187135 -0.2834247 0.6980894
0.2280702 -0.292873 1.243438
0.3567251 -0.2134294 0.9523039
0.2046784 -0.1591648 1.099487
0.4561404 -0.271165 0.823777
0.1988304 -0.06481055 0.7175663
0.2865497 -0.09192243 0.4013357
0.2982456 -0.1683139 0.7433021
0.251462 -0.3312007 1.332776
0.2046784 -0.2078783 1.221692
0.3450292 -0.2784346 1.036122
0.4327485 -0.2866426 0.8407611
0.2923977 -0.277799 1.048664
0.3625731 -0.2459975 0.9216655
0.2631579 -0.1546963 0.8350152
0.6725146 -0.2497822 0.684046
0.3333333 -0.1394654 0.8327784
0.4385965 -0.2048375 0.7916713
0.4210526 -0.3034117 0.9056145
0.3918129 -0.2575384 0.8935394
0.3508772 -0.1691131 0.8649501
0.4152047 -0.1827462 0.7790823
0.245614 -0.2385066 1.127364
0.2807018 -0.2064178 0.9738949
0.2982456 -0.2697797 1.05424
0.3040936 -0.09635745 0.6771362
0.3274854 -0.1087579 0.7750858
0.3508772 -0.09002685 0.7226526
0.3333333 -0.1911229 0.8620263
0.2807018 -0.2771007 1.084848
0.2923977 -0.2932585 0.7287564
0.4152047 -0.03418393 0.5653332
0.2573099 -0.1981548 1.071608
0.3508772 -0.122285 0.7021763
0.3333333 -0.059476 0.6458875
0.3684211 -0.2578418 0.9606826
0.3333333 -0.2288016 0.9888807
0.3040936 -0.2655655 1.085395
0.5847953 -0.2092384 0.6633227
0.3391813 -0.3302471 1.039647
0.2280702 -0.08475845 0.9886144
0.3918129 -0.1942357 0.847178
0.2748538 -0.2032559 0.941107
0.2573099 -0.2790899 1.216771
0.3333333 -0.1584715 0.8469845
0.2690058 -0.2266317 1.075881
0.2222222 -0.4781538 1.112899
0.3040936 -0.2404027 1.051248
0.4035088 -0.33506 0.9291726
0.2631579 -0.2855516 1.144334
0.4444444 -0.160562 0.6899102
0.6081871 -0.1446308 0.6125616
0.619883 -0.04518807 0.4595673
0.4795322 -0.2457103 0.7488739
0.2046784 -0.2807811 1.325394
0.3625731 -0.3887098 0.9253236
0.251462 -0.2253097 1.149397
0.251462 -0.1238067 0.8932149
0.2690058 -0.2129512 0.9643097
0.4502924 -0.09314823 0.5591024
0.2339181 -0.167519 1.054866
0.6549708 -0.08759027 0.5653652
0.380117 -0.2830306 1.009563
0.6666667 -0.3883155 0.8049634
0.6315789 -0.06640288 0.4643085
0.4736842 -0.291479 0.8421879
0.5380117 -0.01072 0.4721942
0.2982456 -0.2298942 0.8999397
0.5964912 -0.3218598 0.764113
0.497076 -0.2605927 0.7838218
0.2923977 -0.1646478 0.9346454
0.3391813 -0.1534925 0.8434291
0.3333333 -0.2354651 0.8724368
0.4619883 -0.1273686 0.6605515
0.374269 -0.1488954 0.7394439
0.2748538 -0.4972414 1.119187
0.3216374 -0.1813326 0.909829
0.7192982 -0.245532 0.6724359
0.3099415 -0.1423989 0.8870565
0.4853801 -0.1229954 0.5806639
0.4502924 -0.1867278 0.7356674
0.5263158 -0.2997234 0.7826526
0.251462 -0.1481796 0.8727187
0.2280702 -0.3319854 1.428228
0.5146199 0.04841939 0.3446945
0.2222222 -0.1233258 0.7218786
0.2748538 -0.2142307 1.025924
0.2807018 -0.1441204 0.9285431
0.2807018 -0.2731237 1.029429
0.2339181 -0.06660032 0.7127525
0.2923977 -0.2083362 0.9668355
0.3040936 -0.1661642 0.8604887
0.3391813 -0.04529373 0.5324963
0.4444444 -0.03860616 0.5670363
0.5204678 -0.2429057 0.7181787
0.5087719 -0.07249708 0.4509141
0.5087719 -0.07538613 0.5301272
0.2982456 -0.320713 1.193478
0.4736842 -0.1290088 0.5870379
0.5146199 -0.0471318 0.560207
0.4152047 -0.0572755 0.606544
0.5321637 -0.1033417 0.5507747
0.625731 -0.1881855 0.6624764
0.3976608 0.02161056 0.4446757
0.2865497 -0.2700966 1.120961
0.5614035 -0.01228419 0.4545032
0.5789474 0.0939257 0.3823419
0.8070175 -0.2833572 0.6536872
0.3625731 -0.1199548 0.7880952
0.5555556 -0.03233725 0.5027265
0.3918129 -0.2346752 0.8567268
0.3333333 0.08579845 0.4935377
0.5146199 -0.1095699 0.5797992
0.1871345 -0.3248186 1.580522
0.5321637 -0.2994128 0.7349971
0.6842105 -0.09172855 0.5234762
0.6140351 -0.1448367 0.5487129
0.4853801 -0.2221507 0.7238875
0.3040936 -0.1553293 0.9130778
0.6842105 -0.3531502 0.7389083
0.3859649 -0.1377373 0.7218926
0.2865497 -0.3112665 1.134207
0.3157895 -0.1518536 0.849569
0.380117 -0.2983265 0.9267025
0.5438596 -0.2328666 0.7307403
0.5614035 -0.2244722 0.6439017
0.4327485 -0.1590358 0.6381243
0.625731 -0.05538412 0.478361
0.4502924 -0.2856892 0.857151
0.2046784 -0.2088204 1.224936
0.245614 -0.1555103 1.037646
0.2807018 -0.2315558 0.9846757
0.3274854 -0.1819699 0.8769337
