0.4210526 0.04953507 0.298958
0.4619883 -0.1693962 0.7179747
0.380117 -0.2088042 0.8468993
0.3625731 -0.201377 0.897413
0.3040936 -0.1740079 0.9088445
0.4385965 -0.2540204 0.8905563
0.2807018 -0.2985908 1.019449
0.2046784 -0.4658474 1.34578
0.3976608 -0.1167538 0.693612
0.4853801 -0.2149648 0.7581011
0.6374269 -0.1938426 0.6479884
0.3625731 -0.1870469 0.8698086
0.3976608 -0.2557852 0.9004838
0.4853801 -0.1385181 0.7025816
0.502924 -0.08767087 0.5903553
0.2923977 -0.3687612 1.245546
0.3099415 -0.2388732 0.9631031
0.3625731 -0.1228666 0.7618616
0.3918129 -0.1093047 0.7542523
0.6959064 -0.03397151 0.4664865
0.2807018 -0.2003895 0.9097757
0.7134503 -0.07503765 0.5178707
0.3450292 -0.2596253 0.9880905
0.3976608 -0.2727088 0.9249569
0.4093567 -0.06758334 0.6775354
0.8596491 0.6618127 -0.3035512
0.2865497 -0.3116688 1.091885
0.4152047 -0.1154856 0.7056076
0.3918129 -0.2460594 0.8899367
0.4444444 -0.1223852 0.6084987
0.2573099 0.005573462 0.6418543
0.2631579 -0.3533121 1.280764
0.2865497 -0.3026383 1.175314
0.380117 -0.1804142 0.7259122
0.2690058 -0.2260442 1.10092
0.6140351 0.1551642 0.3418497
0.5263158 -0.1661564 0.6893511
0.3859649 -0.1090791 0.6930569
0.8187135 -0.1241155 0.5793699
0.3040936 -0.2761335 1.086126
0.2865497 -0.03916689 0.6934556
0.6666667 -0.1657096 0.6207666
0.374269 -0.193247 0.8785342
0.5087719 -0.1861633 0.715761
0.2982456 -0.2077899 0.9680594
0.3099415 -0.07032924 0.6643039
0.5087719 -0.1331444 0.6364477
0.3333333 -0.1761157 0.8921494
0.4269006 -0.2038428 0.7549338
0.5263158 0.09836122 0.3343113
0.3625731 -0.3494271 1.090235
0.5321637 -0.2071532 0.723781
0.8070175 -0.4222012 0.8625363
0.5964912 -0.3384396 0.7697838
0.3216374 -0.1086876 0.7699508
0.5204678 -0.3062483 0.811778
0.4152047 -0.3137594 0.9392235
0.497076 0.07077092 0.4081703
0.4678363 -0.239632 0.8042205
0.5438596 -0.2089708 0.7137014
0.5906433 -0.2459572 0.7062143
0.5087719 -0.2313292 0.6789009
0.4736842 -0.2168312 0.6923374
0.5555556 -0.2847275 0.7421868
0.5263158 -0.1862671 0.7208338
0.4795322 -0.2360401 0.7697386
0.4736842 -0.07885086 0.5557892
0.4210526 -0.1836105 0.8236999
0.502924 -0.2445138 0.7765618
0.245614 -0.1233432 1.004339
0.3450292 -0.1601428 0.8057387
0.3918129 -0.02225668 0.6091224
0.4152047 -0.3738861 0.9194925
0.4385965 -0.2127012 0.7970049
0.3625731 -0.2842496 0.9632951
0.4795322 -0.4008777 1.160344
0.4619883 -0.07130362 0.6280609
0.5672515 -0.3200062 0.7984837
0.3508772 -0.1214335 0.8138619
0.3567251 -0.1220252 0.7751955
0.3333333 -0.2385837 0.9988912
0.4853801 -0.200611 0.7480554
0.3157895 -0.258312 1.029946
0.4444444 -0.2315259 0.8150263
0.3391813 -0.2758575 1.028781
0.3918129 -0.1037637 0.6810814
0.4736842 -0.266802 0.776231
0.3859649 -0.2911183 0.9305152
0.5087719 -0.1980597 0.7953185
0.4795322 -0.157406 0.6854468
0.4736842 0.01129993 0.5449013
0.6959064 -0.2201982 0.6189845
0.6081871 -0.2356679 0.6963742
0.5672515 -0.2284441 0.7346707
0.6081871 -0.2854749 0.7624921
0.6491228 -0.2184638 0.823962
0.6140351 -0.2448805 0.7010661
0.6140351 -0.1668384 0.6366396
0.5672515 -0.3331988 0.7775119
0.4736842 -0.1634014 0.7116725
0.3391813 -0.128478 0.8257674
0.6725146 -0.2597695 0.7134518
0.5730994 -0.2358762 0.7296452
0.497076 -0.2339176 0.7908206
0.497076 -0.1894807 0.708009
0.6315789 -0.2930923 0.7626916
0.619883 -0.1060106 0.5339781
0.5847953 -0.2030838 0.652461
0.4561404 -0.3599997 0.8589153
0.3450292 0.0152218 0.4249641
0.4619883 -0.08779625 0.6441599
0.1988304 -0.05942709 0.988401
0.3918129 -0.1179014 0.6779551
0.2982456 -0.371462 1.215512
0.625731 -0.352252 0.7972842
0.5438596 -0.3108648 0.792975
0.8187135 -0.4890212 0.9289095
0.4444444 -0.2431761 0.8049082
0.6549708 -0.3540687 0.7914886
0.4853801 -0.105535 0.6754919
0.374269 -0.2650641 0.9415339
0.5204678 -0.2382323 0.7533473
0.4561404 -0.348321 0.9788909
0.4385965 -0.1214084 0.7323261
0.3040936 -0.09614327 0.7484837
0.5906433 -0.1427281 0.6062686
0.5263158 -0.1742316 0.6965811
0.380117 -0.1525881 0.7355445
0.3976608 -0.1385139 0.7100543
0.3157895 -0.2007832 0.9434017
0.4035088 -0.08803148 0.6671955
0.4269006 -0.3234828 0.9227016
0.4035088 -0.2400305 0.7851564
0.4678363 -0.1392188 0.6229226
0.4619883 -0.2712321 0.8255761
0.4853801 -0.256314 0.8057686
0.4795322 -0.2688692 0.8474175
0.502924 -0.04005218 1.341491
0.4678363 -0.3153463 0.9147762
0.4093567 -0.2075361 0.7912755
0.6666667 -0.2218793 0.6780084
0.8888889 0.2422484 0.125411
0.3157895 -0.2772979 1.055281
0.4912281 -0.131219 0.6661001
0.6315789 -0.3460311 0.792943
0.4853801 -0.1582878 0.687597
0.3508772 -0.2966454 1.014469
0.2046784 -0.4365815 1.626504
0.5789474 -0.2437242 0.8529115
0.3216374 -0.2718259 1.000841
0.3099415 -0.1694122 0.9241617
0.4093567 -0.2547832 0.8511696
0.4269006 -0.2544003 0.7235181
0.380117 -0.2263991 0.9269001
0.251462 -0.2750333 1.235608
0.2748538 -0.2369589 1.061611
0.4853801 -0.2720346 0.8135857
0.4561404 -0.2742215 0.8070861
0.3625731 -0.3108796 1.006984
0.4093567 -0.1837456 0.7513229
0.497076 -0.3676068 0.8634179
0.8421053 -0.003520991 0.3515248
0.5555556 -0.265987 0.8504914
0.2807018 -0.01370088 0.7681867
0.2748538 -0.3467289 1.212501
0.3859649 -0.001592524 0.4453907
0.3567251 -0.2185861 0.9099337
0.5204678 -0.09863899 0.5973198
0.3391813 -0.1856114 0.9137713
0.4269006 -0.1885147 0.7258235
0.619883 -0.09655925 0.5194546
0.6315789 -0.1089511 0.5494071
0.5497076 -0.1633028 0.6237969
0.2865497 -0.2782609 1.107748
0.497076 -0.1017061 0.6309328
0.2982456 -0.1677101 0.9559802
0.2982456 -0.1183707 0.8109146
0.2397661 -0.3679544 1.169665
0.1988304 -0.1925399 1.05871
0.3333333 -0.1686144 0.8076678
0.3976608 -0.1689867 0.6923885
0.374269 -0.3084599 0.9052615
0.3508772 -0.1254801 0.7612506
0.7426901 -0.2147093 0.7681114
0.6666667 -0.318587 0.766712
0.5906433 -0.2502036 0.7407283
0.6374269 -0.1664698 0.6449627
0.4093567 -0.2649528 0.8877012
0.4327485 -0.2338885 0.8313911
0.3333333 -0.2500283 1.014554
0.6140351 -0.2352465 0.7050095
0.3450292 0.0632842 0.498878
0.3216374 -0.1783584 0.9484648
0.380117 -0.2789843 0.8971405
0.3216374 -0.1042663 0.7399266
0.6725146 -0.2992399 0.7350223
0.7660819 -0.3002709 0.7113517
0.5906433 -0.2712195 0.752737
0.3274854 -0.2765909 1.056654
0.7602339 -0.3870365 0.8065243
0.502924 -0.04169854 0.5645742
0.2923977 -0.1695009 0.7742553
0.4912281 0.01848354 0.5086144
0.2865497 -0.4212451 1.279579
0.3567251 -0.3382024 0.9951216
0.6374269 -0.1632998 0.6027241
0.6491228 -0.3243028 0.7396203
0.2923977 -0.1827164 0.9456135
0.3450292 -0.2602595 1.01496
0.2807018 -0.2727393 1.143108
0.5087719 -0.1282486 0.6356835
0.2982456 -0.1892834 0.9697609
0.6959064 -0.3642355 0.8106419
0.4912281 -0.2423961 0.8318716
0.4210526 -0.2361828 0.8490286
0.3567251 -0.4206026 1.017204
0.625731 -0.2325282 0.7023283
0.5380117 -0.1847612 0.6849131
0.5847953 -0.1596812 0.6317326
0.5204678 -0.1978939 0.7376524
0.4795322 -0.268276 0.7992671
0.5789474 -0.1315704 0.6260366
0.5497076 -0.120065 0.6237393
0.3157895 -0.3199664 1.110883
0.3099415 -0.1262113 0.8960181
0.4619883 -0.2293045 0.7988295
0.3040936 -0.2437978 1.053853
0.8128655 -5.09485 5.874862
0.8245614 -0.4225295 0.843502
0.3274854 -0.2304477 0.9698323
0.4035088 -0.1849391 0.8004315
0.4502924 -0.2340837 0.8145707
0.5555556 -0.2811814 0.906164
0.3567251 -0.159437 0.8118163
0.4269006 -0.1518007 0.7343445
0.4502924 -0.2149544 0.7637501
0.2339181 -0.09505631 0.6891631
0.2982456 -0.1509722 0.7750598
0.251462 0.07312165 0.5669081
0.4093567 -0.3478331 0.9091706
0.380117 -0.3521234 1.029383
0.3625731 -0.2578989 0.8868786
0.7719298 0.1270836 0.2271666
0.6432749 -0.3142895 0.7607443
0.4678363 -0.189336 0.7443154
0.4736842 -0.1311562 0.6744938
0.5263158 -0.1727285 0.6742396
0.5906433 -0.2313719 0.7023356
