0.1988304 -0.5003649 1.1444
0.3333333 -0.1912151 0.8758979
0.3567251 -0.2595947 0.9741335
0.4736842 -0.2301315 0.8184651
0.4444444 -0.2133088 0.8147027
0.502924 -0.2036642 0.7234393
0.3918129 -0.1622161 0.7959286
0.4619883 -0.2003573 0.7610413
0.3508772 -0.3130446 1.041541
0.4035088 -0.1879161 0.8478594
0.3508772 -0.1367279 0.8285834
0.6725146 -0.02523676 0.4595735
0.2280702 -0.15057 1.10194
0.2690058 -0.3144659 1.178362
0.251462 -0.2347872 0.9272192
0.3684211 -0.1406233 0.744853
0.380117 -0.06978857 0.5990958
0.2923977 -0.1371595 0.8797924
0.251462 -0.1751302 1.128657
0.3333333 -0.1770677 0.9027217
0.3274854 -0.3235297 1.107122
0.2631579 -0.3145009 1.230377
0.4619883 -0.001977703 0.534021
0.251462 -0.2376968 1.204599
0.3391813 -0.1956981 0.899778
0.2573099 -0.1242937 0.9216013
0.3508772 -0.2722231 0.9399284
0.5438596 -0.1170686 0.670633
0.2865497 0.02301389 0.5430277
0.3859649 -0.2045134 0.8182972
0.3567251 -0.04336699 0.6674935
0.3099415 -0.3446833 1.066471
0.4152047 -0.270409 0.8681142
0.2923977 -0.3847627 1.106541
0.2280702 -0.1414637 1.094771
0.497076 -0.3010293 0.8247519
0.3567251 -0.05382831 0.6835201
0.2573099 -0.2017561 1.072675
0.2982456 -0.2259102 1.050346
0.4678363 -0.2771395 0.7945177
0.4444444 -0.1777615 0.7583983
0.5555556 -0.1695513 0.6744041
0.748538 0.2583763 0.1757793
0.2631579 -0.2449668 1.046721
0.3567251 -0.0305658 0.6526314
0.3508772 -0.194966 0.8790018
0.3040936 -0.3425125 1.094566
0.1929825 -0.7277027 1.74266
0.380117 -0.186429 0.7806992
0.4269006 -0.138637 0.7509648
0.2397661 -0.03039491 0.81759
0.2222222 -0.1907897 1.199202
0.3040936 -0.2250854 0.9979772
0.3040936 -0.217495 0.9689749
0.2222222 -0.1403457 0.7578283
0.2222222 -0.0442806 0.9589435
0.2339181 -0.03478188 0.756951
0.3391813 -0.1081542 0.7683466
0.2923977 -0.2116913 1.018681
0.2397661 -0.1679856 0.7515487
0.2807018 -0.2235659 1.061484
0.2105263 -0.2814884 1.027898
0.2690058 -0.2387793 0.9313853
0.2748538 -0.1390438 0.8688988
0.2690058 -0.236079 1.121829
0.2105263 -0.2142612 1.149268
0.3976608 -0.2443066 0.9053641
0.2807018 -0.2398602 1.104646
0.2631579 -0.2601493 1.106587
0.3391813 -0.2593905 0.9887824
0.4093567 -0.2089016 0.7896879
0.4444444 -0.2352812 0.8676744
0.3859649 -0.07552547 0.6198164
0.3625731 -0.1192104 0.6915871
0.2339181 -0.3875545 1.367468
0.3976608 -0.1902218 0.7148814
0.3274854 -0.3222659 0.9767209
0.5614035 -0.1736733 0.6733211
0.5906433 -0.1551324 0.6254318
0.3216374 -0.01444987 0.6095727
0.2923977 -0.06513643 0.8190448
0.3625731 -0.2217835 0.9120268
0.4035088 -0.1952 0.8070853
0.4385965 -0.2321118 0.8448594
0.4678363 -0.183722 0.7364724
0.4269006 -0.2232678 0.8168348
0.4093567 -0.2906154 0.9317529
0.2807018 -0.2054453 1.023712
0.2339181 -0.4894639 1.406043
0.3625731 -0.1556134 0.8590576
0.3040936 -0.03722383 0.7186616
0.2573099 -0.2567155 1.1843
0.2397661 -0.5740659 1.379461
0.2690058 -0.1070789 0.8539451
0.4736842 -0.2425649 0.7528473
0.2280702 -0.2790623 1.254868
0.2807018 0.01392378 0.7646081
0.251462 -0.2361671 1.158965
0.1578947 -0.2162742 1.220998
0.2690058 -0.1915313 0.9875448
0.2339181 -0.3427719 0.9569928
0.4269006 -0.2154519 0.8108293
0.4327485 -0.08968955 0.6080595
0.4210526 -0.1661128 0.7812852
0.4269006 -0.2755936 0.8797261
0.3157895 -0.158819 0.9002
0.3976608 -0.08933975 0.6933577
0.5321637 -0.07774949 0.5912933
0.2807018 -0.2058779 1.035074
0.3099415 -0.3321363 1.125116
0.3216374 -0.1336829 0.8145252
0.4269006 -0.2547104 0.8421138
0.5321637 -0.1829786 0.6367847
0.5263158 -0.1022108 0.5738774
0.4795322 -0.1792511 0.7046576
0.5555556 -0.2805302 0.7924336
0.3099415 -0.1608955 0.9675125
0.4619883 -0.2478524 0.813056
0.2573099 -0.3361041 1.224427
0.380117 -0.1083618 0.6876831
0.4093567 -0.1160149 0.6329254
0.4210526 -0.1693687 0.666545
0.4035088 -0.2785935 0.8877849
0.3099415 -0.1560536 0.9348873
0.5614035 -0.2052916 0.7264058
0.3391813 -0.2889112 0.9495157
0.2339181 -0.3374999 1.340836
0.2748538 -0.3151156 1.195841
0.4327485 -0.1950512 0.7514661
0.3684211 -0.1158067 0.7737236
0.3391813 -0.3248756 1.044268
0.3216374 -0.0897232 0.779669
0.4152047 -0.2200908 0.7989343
0.2807018 -0.01991171 0.7618011
0.2339181 -0.3025633 1.229306
0.3625731 -0.1942061 0.8807397
0.2339181 -0.1670906 0.8827093
0.3625731 -0.2254828 0.8693909
0.3099415 -0.32003 1.101614
0.2573099 -0.2894084 1.230606
0.3274854 -0.2932683 1.085812
0.3567251 -0.1998407 0.8929046
0.2923977 -0.3775289 1.191454
0.2222222 -0.2558792 1.260609
0.3450292 0.09278979 0.4895822
0.2397661 -0.1356096 0.9231924
0.3333333 -0.05845518 0.7070527
0.2280702 -0.1347747 0.7927063
0.3391813 -0.1996533 0.8743086
0.3450292 -0.2246413 0.9430942
0.2397661 -0.179657 0.9248339
0.380117 -0.2008317 0.7824449
0.2690058 -0.197986 1.014372
0.3976608 -0.2404971 0.8505756
0.4093567 -0.1998778 0.7939544
0.3040936 -0.2085335 0.9899463
0.3508772 -0.5471363 1.25068
0.3040936 -0.2554781 1.090637
0.380117 -0.161728 0.7837071
0.2280702 -0.1845959 1.188275
0.2397661 -0.2921175 0.9508427
0.5321637 -0.2317658 0.7629883
0.3625731 -0.1618576 0.8215903
0.1637427 -0.3273522 1.599171
0.4853801 -0.1977413 0.7223075
0.4795322 -0.1236781 0.696769
0.4327485 -0.2649039 0.8211779
0.4619883 -0.08013041 0.6331707
0.380117 -0.08135097 0.7119069
0.2982456 -0.1604264 0.9511515
0.5087719 -0.1666379 0.688807
0.3216374 -0.06126711 0.6948909
0.2982456 -0.2789 1.106349
0.374269 -0.262185 0.9524717
0.3508772 -0.2105725 0.9203445
0.5438596 -0.2534971 0.7544208
0.3216374 -0.2079385 0.947931
0.380117 -0.1307979 0.7563316
0.2865497 -0.1649513 0.965958
0.3391813 -0.07428657 0.7287889
0.2982456 -0.2091533 1.008522
0.4561404 -0.1869896 0.717463
0.2748538 -0.0139065 0.7041355
0.4035088 -0.2514334 0.8678833
0.245614 -0.2498921 1.149055
0.5146199 0.01711713 0.4708455
0.4035088 -0.2413811 0.8872535
0.1520468 -0.365174 1.764711
0.3333333 -0.2336778 1.007862
0.3040936 -0.3302288 1.051977
0.2865497 -0.01613203 0.6746462
0.3567251 -0.1940221 0.8796545
0.3274854 -0.1978663 0.8372465
0.374269 -0.1272039 0.7554697
0.3157895 -0.07336795 0.7242262
0.4502924 -0.128812 0.7360919
0.5321637 -0.1755264 0.7391908
0.4210526 -0.1957574 0.7844505
0.380117 -0.2276486 0.8721945
0.4619883 -0.232506 0.8121319
0.1871345 -0.3698501 1.132386
0.3391813 -0.3414469 1.019436
0.2105263 -0.05991833 0.9372273
0.2573099 -0.319326 1.187626
0.4093567 -0.1124004 0.6453
0.3391813 -0.08448832 0.7220757
0.2163743 -0.3695401 1.408767
0.4385965 -0.1209862 0.5508149
0.3625731 -0.1235256 0.7581916
0.2865497 -0.1573749 0.8011199
0.3918129 -0.2988987 0.9330051
0.2397661 -0.2073881 1.15611
0.3684211 -0.2728824 0.9662534
0.3567251 -0.1734308 0.8331961
0.2573099 -0.0228733 0.7402018
0.3684211 -0.2825201 0.9253725
0.3859649 0.1365008 0.3227361
0.1929825 -0.2143239 1.115251
0.5964912 -0.2883626 0.7678809
0.3274854 -0.2662105 1.04814
0.4678363 -0.1706456 0.5793716
0.3567251 -0.26102 0.9626931
0.3508772 -0.3367679 1.050175
0.3450292 -0.1525357 0.7860835
0.251462 -0.1242337 0.9344201
0.4210526 -0.1281904 0.73572
0.3450292 -0.1207176 0.7777847
0.2923977 -0.169383 0.7711283
0.4269006 -0.2431366 0.8209313
0.4444444 -0.3698555 0.8712762
0.3333333 -0.2094533 0.9208232
0.5497076 -0.1727964 0.680204
0.380117 -0.1360377 0.746493
0.3216374 -0.2951786 1.053869
0.2748538 -0.1527355 0.9436716
0.7719298 0.3200731 0.08011935
0.2339181 -0.1216995 0.9236043
