0.4736842 -0.1696061 0.7040432
0.4269006 -0.1415273 0.769793
0.2573099 -0.176834 1.060544
0.4210526 -0.2408456 0.8849256
0.3567251 -0.108249 0.4717298
0.2865497 -0.2226293 1.028293
0.5906433 -0.3191176 0.8044943
0.2573099 -0.1595269 0.98609
0.4035088 -0.2539509 0.8516221
0.2397661 -0.2726752 1.125736
0.4502924 -0.2019072 0.7296652
0.2690058 -0.1337641 0.6610124
0.4152047 -0.2996507 0.9400115
0.3976608 -0.3190021 0.916312
0.2923977 -0.1840227 1.015134
0.251462 -0.5276921 1.525764
0.3391813 -0.2876168 0.9751269
0.3918129 -0.2323123 0.7374563
0.3508772 -0.08066288 0.696237
0.2865497 -0.380178 1.283134
0.2573099 -0.4323171 1.395669
0.374269 -0.4005917 1.039896
0.3918129 -0.07072217 0.5912094
0.5321637 -0.2375482 0.7236075
0.2748538 -0.1378221 0.8785877
0.4736842 -0.266223 0.8255048
0.3157895 -0.3046648 1.087041
0.4269006 -0.443633 1.234859
0.3567251 -0.2843877 1.024568
0.2690058 -0.2261644 1.14464
0.3684211 -0.2824387 0.9540672
0.3157895 -0.1619836 0.9205042
0.3216374 -0.1794701 0.9007291
0.251462 -0.2760152 1.228301
0.497076 -0.2252745 0.7801345
0.4035088 -0.2548471 0.8615632
0.2982456 -0.1877588 0.9864383
0.3216374 -0.2418134 1.00245
0.4269006 -0.1963869 0.8073646
0.4093567 -0.2965117 0.9592061
0.2573099 -0.2882506 1.160399
0.5672515 -0.2592038 0.7628951
0.374269 -0.23258 0.9157071
0.374269 -0.2461529 0.87006
0.2865497 -0.02957426 0.4918766
0.4035088 -0.1610663 0.7997189
0.2690058 -0.3933481 1.215504
0.4035088 -0.2329166 0.8836212
0.3099415 -0.2847279 1.085581
0.4795322 -0.1962462 0.7557949
0.4093567 -0.1545175 0.8014525
0.3918129 -0.1833625 0.7446497
0.4502924 -0.23578 0.8094543
0.2573099 -0.2766888 1.141489
0.2807018 -0.3148401 1.06735
0.3391813 -0.1414902 0.8116121
0.374269 -0.3016643 0.9500285
0.3040936 -0.3157887 1.138621
0.374269 -0.2694834 0.9643861
0.3333333 -0.2073856 0.7395471
0.3157895 -0.1672428 0.8852963
0.3040936 -0.2407074 1.005804
0.4444444 -0.2514797 0.8703992
0.3625731 -0.2857543 0.9204551
0.3333333 -0.270383 1.052794
0.6023392 -0.300042 0.7622345
0.5321637 -0.284401 0.8111465
0.2923977 -0.1276365 0.8848277
0.3684211 -0.2878013 0.9610909
0.4444444 -0.2445515 0.8055484
0.2573099 -0.2417525 0.9910247
0.374269 -0.2160252 0.8983517
0.3333333 -0.2173792 0.9596166
0.5146199 -0.2335081 0.7713734
0.3625731 -0.2184241 0.9145502
0.3040936 -0.245629 0.997753
0.2631579 -0.01207765 0.7442309
0.2923977 -0.2650342 1.042097
0.3450292 -0.1221907 0.7872937
0.3391813 -0.2057858 0.8732746
0.2222222 -0.4576779 0.8580191
0.2105263 -0.4811032 1.573484
0.4210526 -0.1791372 0.7364126
0.502924 -0.1942765 0.6949879
0.4678363 -0.2753692 0.838023
0.5438596 -0.2439944 0.6863285
0.2865497 -0.2242972 1.041411
0.3391813 -0.1077135 0.7787626
0.3157895 -0.3599094 1.154009
0.2339181 -0.3488136 1.375835
0.4327485 -0.1756603 0.320867
0.3216374 -0.3409928 0.9908239
0.380117 -0.1509704 0.7172553
0.2807018 -0.4466108 1.335592
0.380117 -0.2297612 0.895685
0.2923977 -0.06583763 0.7042785
0.4385965 -0.1886745 0.7384962
0.3274854 -0.1549207 0.8521275
0.3040936 -0.2989715 1.078734
0.4678363 -0.5264031 1.358589
0.2748538 -0.5374669 1.402698
0.3859649 -0.2284828 0.8686707
0.2748538 -0.2779434 1.140213
0.4561404 -0.1646511 0.7384169
0.374269 -0.1674952 0.7848252
0.4619883 -0.1617073 0.7113222
0.4035088 -0.3095368 0.9146791
0.251462 -0.32766 1.309454
0.4269006 -0.1782717 0.7670888
0.374269 -0.2580879 0.9166054
0.4561404 0.0487586 0.3996537
0.3391813 -0.2485479 0.9729296
0.4327485 -0.2779363 0.8619403
0.380117 -0.0541483 0.6102108
0.4210526 -0.237078 0.8636279
0.3157895 -0.3554335 0.9378156
0.3450292 -0.2339843 0.9030518
0.2573099 -0.328 1.176421
0.3157895 -0.2914851 1.067953
0.1929825 -0.2211427 1.041543
0.2923977 -0.3879722 1.195332
0.4035088 -0.2405249 0.8671402
0.5087719 -0.1932188 0.6865578
0.4269006 -0.2676765 0.862319
0.5321637 -0.1712286 0.665845
0.3684211 -0.3501319 0.9273063
0.2046784 -0.2347332 1.172003
0.3274854 -0.1157275 0.8035272
0.3333333 -0.1167651 0.6942636
0.3450292 -0.2657371 0.9675465
0.3859649 -0.4393583 0.8896894
0.2690058 -0.2890846 1.170127
0.251462 -0.2017595 1.025224
0.4327485 -0.3434607 0.907519
0.2280702 -0.5714061 1.498664
0.2573099 -0.3191744 1.300562
0.4619883 -0.1395469 0.7013468
0.3918129 -0.1743984 0.6755833
0.2573099 -0.3552415 1.184361
0.502924 -0.2907718 0.8316918
0.3216374 -0.2820418 1.091228
0.4269006 -0.4995107 1.267352
0.4210526 -0.2517367 0.8370376
0.4561404 -0.1544523 0.6986849
0.3859649 -0.3221888 0.8874795
0.3274854 -0.3958423 1.069827
0.4035088 -0.1221324 0.7402354
0.3859649 -0.197783 0.6861694
0.3976608 -0.310273 0.9694813
0.3099415 -0.3626116 1.194069
0.3099415 -0.3095326 1.122064
0.4619883 -0.1802609 0.7511558
0.2748538 -0.3006146 1.103854
0.4385965 -0.2228605 0.8143952
0.2982456 -0.3692371 1.241285
0.3684211 -0.2382239 0.9052635
0.4619883 -0.09662833 0.6123379
0.3976608 -0.2029705 0.7477573
0.3099415 -0.2548661 1.039722
0.3450292 -0.2886096 1.005275
0.3216374 -0.1604574 0.8293355
0.4210526 -0.2263564 0.8152053
0.2982456 0.07745629 1.350911
0.5555556 -0.3281713 0.8017777
0.4795322 -0.2874938 0.8163785
0.3274854 -0.2649964 0.9613147
0.251462 -0.3690069 1.22844
0.3099415 -0.2438393 1.022385
0.5672515 -0.2718639 0.7708083
0.3684211 -0.3080325 0.9860857
0.3391813 -0.2414766 0.9672874
0.5789474 -0.0860584 0.5151788
0.3508772 -0.1767905 0.8302117
0.5146199 -0.009012219 0.5062528
0.2280702 -0.2450748 1.279781
0.4152047 -0.1878847 0.7993477
0.2046784 -0.2383929 1.300157
0.3450292 -0.2492149 0.9919415
0.3918129 -0.2517121 0.8384299
0.3918129 -0.1973746 0.8083185
0.374269 -0.2775933 0.9623583
0.3099415 -0.1973493 0.7574163
0.2105263 -0.4553194 1.627804
0.380117 -0.1720514 0.8448579
0.3567251 -0.1404408 0.8091244
0.3099415 -0.2583169 1.01719
0.3567251 -0.1957287 0.8271133
0.2865497 -0.2806771 1.129693
0.3684211 -0.2020663 0.907416
0.2631579 -0.3193889 1.227722
0.380117 -0.03458822 0.5853923
0.2865497 -0.2025931 0.9252793
0.6081871 -0.3654238 0.8150196
0.5087719 -0.434764 0.8457483
0.4269006 -0.1614199 0.751166
0.3333333 -0.2238269 0.8553545
0.2923977 -0.2206685 1.030812
0.2923977 -0.2603835 1.097454
0.4152047 -0.289343 0.8749923
