0.4912281 -0.3105426 0.8325709
0.2280702 -0.1195576 0.8537998
0.1695906 -0.3167316 1.411411
0.3391813 -0.2035568 0.9116455
0.3508772 -0.2538508 0.9430639
0.3216374 -0.3062742 1.066459
0.3274854 -0.1977987 0.832178
0.3274854 -0.2066926 0.8954851
0.3099415 -0.2750553 1.038847
0.3625731 -0.3452593 0.9008963
0.3040936 -0.3520297 1.137531
0.2222222 -0.4822718 1.423807
0.2690058 -0.142999 0.9199847
0.4269006 -0.2290999 0.8483686
0.3333333 -0.2187616 0.9219188
0.251462 -0.2187993 1.03564
0.3333333 -0.3657342 1.044543
0.245614 -0.4411015 1.432671
0.2982456 -0.2831179 1.109659
0.4093567 -0.1522779 0.6407895
0.2573099 -0.3142484 1.276206
0.2982456 -0.2826959 1.080243
0.251462 -0.08480466 0.8407765
0.2923977 -0.2321713 0.9099872
0.5204678 -0.03279427 0.4603876
0.3157895 -0.1174457 0.7641792
0.3216374 -0.3726286 1.168766
0.2748538 -0.2946046 1.160556
0.2807018 -0.2226141 1.040854
0.5321637 -0.1459524 0.622327
0.4619883 -0.2911781 0.7979792
0.2339181 -0.09313398 0.880329
0.4385965 -0.2500082 0.7819274
0.4152047 -0.2645907 0.8908279
0.3099415 -0.2985676 1.016
0.2982456 -0.123419 0.8684366
0.2748538 -0.1108467 0.6617915
0.2631579 -0.3307762 0.9498102
0.4152047 -0.170205 0.7126506
0.4561404 -0.04423738 0.437372
0.4269006 -0.04730867 0.5174495
0.2690058 -0.3654204 1.00795
0.2573099 -0.1378403 0.6809493
0.251462 0.0712777 0.5853902
0.2748538 -0.1868175 0.9879577
0.3157895 -0.109105 0.728029
0.3567251 -0.1415074 0.8110776
0.3508772 -0.0008896337 0.6459311
0.5847953 0.07268335 0.4235106
0.4093567 -0.2113817 0.8252512
0.2573099 -0.2557663 0.9363491
0.3333333 -0.2684684 1.008725
0.2923977 -0.199205 0.9918363
0.2046784 -0.3617657 1.022718
0.2222222 -0.1959147 1.215068
0.2046784 -0.1340499 0.9231478
0.4093567 -0.2462947 0.8519635
0.3684211 -0.1978301 0.8729107
0.2982456 -0.1958489 0.9543732
0.3391813 -0.2899524 1.070027
0.374269 -0.03018608 0.6366935
0.2163743 -0.3379128 1.089432
0.1754386 -0.3053774 1.285008
0.3450292 -0.2705119 0.9762475
0.3216374 -0.12442 0.7779516
0.251462 -0.1344942 0.8168223
0.2280702 -0.3480323 1.251045
0.2222222 -0.3940828 1.483761
0.3040936 -0.2348107 0.9456675
0.2865497 -0.1411199 0.8383965
0.3450292 -0.2876119 0.9744622
0.2631579 -0.3088849 1.244137
0.380117 -0.2162785 0.8397938
0.4561404 -0.4273616 1.170776
0.2163743 -0.2339816 1.195222
0.3157895 -0.3419586 1.076319
0.3274854 -0.1146484 0.8306367
0.3099415 -0.06257556 0.7183935
0.5497076 -0.1428982 0.6102152
0.3099415 -0.1150698 0.7807991
0.3508772 -0.2826541 0.9485053
0.5438596 -0.1699754 0.6563256
0.2923977 -0.2241796 1.005385
0.3450292 -0.3267725 1.040427
0.4385965 -0.02724379 0.5213227
0.2748538 -0.7033897 1.547761
0.3216374 -0.1927232 0.8950691
0.245614 -0.01459325 0.6396071
0.4327485 -0.07215769 0.5967482
0.2923977 -0.2070694 0.9966583
0.3450292 -0.2932965 0.9761952
0.5321637 -0.2187284 0.7300752
0.3918129 -0.2770239 0.9085634
0.2982456 -0.1841051 0.9569799
0.3157895 -0.1844339 0.7293926
0.4269006 -0.2931025 0.9083922
0.3684211 -0.2564615 0.9644175
0.3450292 -0.1989998 0.8552436
0.2222222 -0.2713338 1.232554
0.245614 -0.3629111 1.349539
0.2573099 -0.2345633 0.7904954
0.3099415 -0.2897382 1.007735
0.3450292 -0.279621 0.9914329
0.2690058 -0.3215365 1.113035
0.3157895 -0.255915 1.049156
0.2105263 -0.1639583 1.112674
0.2631579 -0.1129412 0.9439675
0.2631579 -0.3302565 1.244303
0.2982456 -0.1854732 0.8713198
0.3157895 -0.2340649 0.9507564
0.374269 -0.2006489 0.9065327
0.3859649 -0.2111881 0.8721518
0.4619883 -0.1699506 0.7247876
0.3333333 -0.2311287 0.8969402
0.3976608 -0.1615015 0.6722213
