0.4385965 -0.2943398 0.8836359
0.5321637 -0.2322663 0.7381847
0.7368421 0.05292596 0.3710251
0.3684211 -0.2514817 0.8985622
0.2923977 0.03293642 0.4539552
0.2748538 -0.2564948 0.957577
0.4152047 -0.1661602 0.7550969
0.6549708 -0.2984661 1.232022
0.5438596 -0.1616354 0.6806444
0.3274854 -0.1355831 0.7989141
0.2865497 -0.1978266 1.008113
0.380117 -0.07866916 0.7159428
0.502924 -0.1383636 0.6413255
0.7134503 0.1146938 0.283211
0.619883 -0.05913013 0.4972239
0.3684211 -0.1756603 0.8095943
0.2923977 -0.1935051 1.032628
0.6023392 -0.1518109 0.5534996
0.8011696 -0.002921691 0.4761193
0.4210526 -0.1371026 0.7206598
0.4678363 -0.1901236 0.7493304
0.5614035 -0.1755813 0.6772579
0.4327485 -0.2827076 0.8694626
0.497076 -0.1451525 0.6849143
0.3684211 -0.2057388 0.857777
0.3099415 -0.2565132 1.040194
0.3684211 -0.1685414 0.8538442
0.3157895 -0.3966971 1.085776
0.2865497 -0.01497207 0.4625555
0.3859649 -0.1351002 0.7632183
0.3508772 -0.1367753 0.7674424
0.374269 -0.2580349 0.8968201
0.4093567 -0.2276193 0.8271896
0.3567251 -0.1274364 0.8019715
0.4912281 -0.1262028 0.6969392
0.3684211 -0.1067425 0.5943699
0.3157895 -0.1421338 0.8509831
0.3567251 -0.2030393 0.8952951
0.3333333 -0.1618305 0.8647615
0.2982456 -0.365886 1.21178
0.2748538 -0.09657551 0.876187
0.4327485 -0.2979203 0.9101835
0.7017544 -0.1986209 0.5516945
0.6959064 -0.004345803 0.4054927
0.5672515 -0.1995776 0.6668333
0.3450292 -0.1803771 0.8480433
0.251462 -0.2472153 1.21065
0.2807018 -0.2487377 1.063867
0.3450292 -0.009806757 0.6918577
0.4736842 -0.3224007 0.8531068
0.2982456 -0.2493954 1.00606
0.3859649 -0.181907 0.7368905
0.4152047 -0.04466132 0.6072261
0.5087719 -0.07759303 0.5716997
0.3391813 -0.1616407 0.9143584
0.5321637 -0.2365559 0.7458058
0.4736842 -0.146829 0.6733552
0.3157895 -0.3742423 1.192888
0.3976608 -0.145677 0.7684631
0.7894737 0.2579709 0.03212445
0.4561404 -0.2446628 0.8319152
0.5204678 -0.2811501 0.723764
0.4093567 -0.176729 0.7437274
0.3099415 -0.233165 1.022016
0.4093567 -0.1452539 0.6117718
0.5730994 -0.07316637 0.5849173
0.5906433 -0.03895672 0.5429223
0.2807018 -0.1669296 0.9216459
0.4502924 -0.1464015 0.7721163
0.3216374 -0.08244314 0.8052556
0.2982456 -0.2744409 1.137071
0.3157895 -0.3868321 1.155891
0.497076 0.03269239 0.516579
0.251462 -0.2652652 1.210939
0.5380117 -0.1791692 0.7330119
0.502924 -0.1555626 0.6317817
0.7368421 -0.3969207 0.8099179
0.3450292 -0.0565849 0.7202537
0.5614035 -0.06798021 0.5558669
0.5263158 -0.03526042 0.4511877
0.502924 -0.2043026 0.7092114
0.3567251 -0.2751504 0.9657422
0.502924 -0.3027739 0.8102045
0.4327485 -0.146722 0.6929383
0.5614035 -0.2271176 0.7347333
0.5614035 -0.1477425 0.6112975
0.2397661 -0.2856856 1.217813
0.2105263 -0.3567032 1.340606
0.374269 -0.280812 0.9963954
0.5438596 -0.187015 0.6778437
0.4853801 -0.2027501 0.7278624
0.5263158 -0.2352455 0.69806
0.4502924 -0.1408894 0.7059043
0.4561404 -0.1382033 0.6346006
0.619883 -0.2711299 0.7367361
0.4035088 -0.1766293 0.7726576
0.4444444 -0.3137779 0.8828867
0.4210526 -0.1427107 0.6976438
0.3157895 -0.1543568 0.8503602
0.2865497 -0.1512089 0.8812031
0.4035088 -0.1678876 0.7653705
0.5204678 -0.03076115 0.5085892
0.4678363 -0.165437 0.7599265
0.3216374 -0.2511784 1.064567
0.380117 -0.1847957 0.8739127
0.3391813 -0.1302215 0.7775336
0.5146199 -0.1194849 0.6220642
0.2865497 -0.1534643 0.9184165
0.2339181 -0.2230723 1.254194
0.3508772 -0.1877836 0.8756157
0.4327485 -0.1772076 0.7942365
0.1988304 -0.1815715 1.260433
0.6374269 -0.241743 0.6834328
0.2982456 -0.1947884 0.8855476
0.6549708 -0.1180781 0.5729377
0.2573099 -0.2393121 1.082846
0.5204678 -0.2200464 0.7677089
0.4561404 -0.1428562 0.6946368
0.3684211 -0.2155018 0.8744298
0.374269 0.01388494 0.4719567
0.4444444 -0.2294357 0.853236
0.2865497 -0.107472 0.930923
0.5672515 -0.1673772 0.6939845
0.380117 -0.2544159 0.8706746
0.4327485 -0.2210692 0.807731
0.7719298 0.2031722 0.2028016
0.7602339 0.1901181 0.1749283
0.4678363 -0.07335696 0.5526174
0.5847953 -0.2405336 0.706223
0.3099415 -0.2349202 0.9648799
0.625731 -0.147202 0.6069128
0.2339181 0.109968 0.5134308
0.5321637 -0.1061744 0.6176196
0.754386 -0.6560773 1.053403
0.3333333 -0.09716268 0.7470796
0.2397661 -0.287879 1.205682
0.2923977 -0.3432998 1.101719
0.5380117 -0.152697 0.6580588
0.5087719 -0.2203988 0.7411475
0.5789474 -0.1916104 0.6337753
0.2748538 -0.3710618 1.291645
0.6432749 -0.05170416 0.454441
0.4795322 0.01534462 0.5036036
0.1929825 -0.1747989 1.305611
0.4444444 -0.03212491 0.554816
0.5263158 -0.09234599 0.5823634
0.3684211 -0.1739056 0.8395246
0.3684211 -0.2126451 0.9173727
0.5555556 -0.1685981 0.6020211
0.4152047 -0.3249914 0.9469158
0.2748538 -0.2483215 1.066042
0.3216374 -0.2229312 1.009014
0.2105263 -0.4005572 1.339642
0.3567251 -0.1549492 0.8200471
0.4502924 -0.1463744 0.7057974
0.1988304 0.009711933 0.9959943
0.2163743 -0.2187215 1.260195
0.3684211 -0.09448519 0.716765
0.3099415 -0.007592046 0.6071809
0.3274854 -0.2894651 1.062437
0.5847953 0.0287763 0.4024896
0.4561404 -0.1891916 0.8126703
0.3391813 0.08187658 0.5475437
0.2923977 -0.2233261 0.7735908
0.3976608 -0.1325222 0.7560548
0.374269 -0.1650573 0.7842472
0.1812865 -0.4091332 1.747018
0.4853801 -0.1312655 0.6553682
0.4444444 -0.1517132 0.7000489
0.380117 -0.08900801 0.6889476
0.2105263 -0.05348702 0.8998991
0.6140351 0.03894093 0.3736202
0.4795322 -0.1751691 0.719977
0.2573099 -0.2118284 0.9381198
0.3333333 -0.2261649 0.9630338
0.6081871 -0.1854789 0.6449884
0.3684211 -0.1244493 0.7338089
0.4093567 -0.2670249 0.9012573
0.374269 0.01862917 0.5190065
0.5730994 -0.239845 0.6996703
0.2807018 -0.2773685 1.056226
0.4385965 0.006911176 0.4824021
0.4795322 -0.1721893 0.6963748
0.4678363 -0.2320177 0.8167859
0.3918129 -0.2729892 0.9309619
0.5555556 -0.1583827 0.6646189
0.5146199 -0.1033601 0.6071755
0.2163743 -0.07921641 0.8123492
0.2046784 -0.4694919 1.623107
0.4269006 -0.2108405 0.8438419
0.3333333 -0.08049158 0.636378
0.3508772 -0.1977698 0.8811823
0.3625731 -0.1733206 0.8303561
0.3508772 -0.1449972 0.6960769
0.3040936 -0.1367613 0.7543712
0.245614 -0.1551034 1.07558
0.2923977 -0.3956098 1.138629
0.3040936 -0.1636288 0.9669097
0.3391813 -0.149332 0.8091094
0.3684211 -0.2180381 0.8993091
0.4678363 -0.1480735 0.7436235
0.374269 -0.171245 0.8756277
0.3274854 -0.1831119 0.9263029
0.7777778 -0.1895373 0.6170799
0.6140351 -0.1143363 0.5979671
0.4385965 -0.3556396 0.8711122
0.5789474 -0.1410513 0.6128616
0.7368421 -0.05513728 0.4795597
0.4619883 -0.2312247 0.7381464
0.2807018 -0.117072 0.8550136
0.5497076 -0.3003436 0.806446
0.6081871 -0.2584266 0.6668388
0.4912281 -0.2818515 0.8222277
0.1812865 -0.3547058 1.638281
0.4912281 -0.08763192 0.608706
0.3918129 -0.2242159 0.8574851
0.4619883 -0.109683 0.6630736
0.5730994 -0.1703185 0.6655737
0.4327485 0.03163179 0.4265621
0.7894737 0.1778873 0.169602
0.497076 -0.01651468 0.5061563
0.4035088 -0.08603649 0.6948949
0.3918129 -0.2879209 0.9230418
0.5730994 -0.1468997 0.6293407
0.3274854 -0.1935126 0.9197495
0.2982456 -0.3791707 1.228146
0.3040936 -0.2283236 1.043844
0.5730994 -0.1888507 0.6557733
0.4210526 -0.2017351 0.8036995
0.4912281 -0.1274488 0.6366954
0.4678363 -0.2021411 0.7026323
0.3918129 -0.1548207 0.7611429
0.374269 -0.09428666 0.7257765
0.3976608 -0.1394724 0.8051599
0.5263158 -0.3647131 0.8419786
0.4853801 -0.288466 0.8535666
0.5906433 0.1635772 0.232507
