0.2982456 -0.2901679 1.124202
0.2222222 0.06679072 0.8721074
0.3216374 -0.1842049 0.9773352
0.374269 -0.04967484 0.6967978
0.4444444 -0.1782929 0.7519439
0.2339181 0.1285659 0.5715222
0.5204678 -0.1284742 0.6758186
0.3625731 -0.1559308 0.8472381
0.3450292 -0.1944863 0.9275821
0.2807018 -0.08112531 0.9142854
0.1812865 -0.1203759 1.275959
0.1812865 -0.1003941 1.283975
0.1695906 -0.2526195 1.611743
0.3274854 -0.2482932 1.046721
0.251462 -0.2513275 1.254475
0.251462 -0.2303956 1.174451
0.374269 -0.145282 0.8674809
0.4444444 0.01525444 0.5582208
0.3918129 -0.1301205 0.758175
0.2397661 -0.2821323 1.305254
0.2105263 -0.2360778 1.326128
0.1578947 -0.022873 1.190271
0.3040936 -0.1995348 1.025981
0.380117 -0.1237932 0.7651452
0.3333333 -0.151135 0.9207793
0.2280702 -0.2342357 1.249362
0.245614 0.09057489 0.6383069
0.1578947 -0.2207771 1.64419
0.2807018 -0.3368097 1.287444
0.4853801 0.01929853 0.520065
0.2631579 -0.1192189 0.9993192
0.3508772 -0.1913053 0.9365545
0.2105263 0.03942213 0.8175277
0.3567251 -0.09919924 0.78432
0.1812865 -0.1963061 1.42299
0.2280702 -0.33971 1.472827
0.2807018 -0.04846525 0.8145193
0.2631579 -0.3352472 1.288163
0.2982456 -0.1418287 0.984449
0.4619883 -0.03965774 0.656031
0.1871345 -0.168372 1.313196
0.1871345 -0.0897979 1.17609
0.1988304 -0.3201021 1.556795
0.1871345 -0.1700039 1.328448
0.2046784 -0.2470981 1.428689
0.1461988 -0.5744775 2.350995
0.2163743 -0.1357498 1.145054
0.2631579 -0.1605572 1.071716
0.1929825 -0.3818005 1.572406
0.4736842 -0.2769167 0.8779317
0.2690058 -0.08896196 0.9627757
0.3333333 -0.1248286 0.8053262
0.1695906 -0.2964824 1.518967
0.245614 -0.276283 1.196564
0.1111111 -0.253354 2.118308
0.245614 -0.1477705 1.060926
0.3099415 -0.2291928 1.0459
0.1871345 -0.008263983 1.056281
0.2807018 -0.1357588 0.9044341
0.2748538 -0.1728718 1.07121
0.2690058 -0.3084794 1.247638
0.2631579 -0.1607199 1.067482
0.3567251 0.1370387 0.4793042
0.4502924 -0.01438572 0.5998865
0.4561404 0.2403353 0.2754082
0.5847953 -0.2475856 0.7340136
0.1988304 -0.1686815 1.227196
0.2982456 -0.2127348 1.047224
0.3099415 -0.1960777 0.9824338
0.4736842 -0.1125222 0.6838579
0.251462 -0.1073028 0.9994357
0.3859649 -0.04593489 0.6792294
0.2982456 -0.2277128 1.079244
0.3099415 -0.2823164 1.117007
0.3508772 -0.2620805 0.9783382
0.245614 -0.1597793 1.082544
0.3040936 -0.2048698 1.036488
0.251462 -0.1509067 1.059923
0.2748538 -0.2379992 1.133888
0.2339181 -0.1415789 1.118993
0.4210526 -0.08843695 0.7101387
0.3684211 -0.2446929 0.9365511
0.4502924 -0.06687772 0.6459685
0.380117 -0.1556835 0.8269421
0.2923977 -0.2205341 0.4182291
0.5847953 -0.226349 0.7683692
0.4385965 -0.1816925 0.7765884
0.3274854 -0.2122663 0.9920074
0.2046784 -0.2226663 1.40273
0.2631579 -0.1830915 1.12457
0.3625731 -0.1229014 0.8155628
0.3391813 -0.194369 0.9582881
0.2280702 -0.2427882 1.320295
0.4619883 -0.1022866 0.7265403
0.3684211 -0.2183194 0.9223649
0.374269 -0.2000882 0.8894716
0.4152047 -0.1389687 0.781964
0.5204678 -0.1137793 0.7176573
0.245614 -0.1631108 1.098563
0.4853801 0.02685856 0.4993889
0.3333333 -0.02017292 0.7597663
0.4444444 -0.2277799 0.8295154
0.2923977 -0.05440321 0.8115583
0.2339181 0.02535448 0.9195569
0.2163743 -0.1043267 1.122377
0.3976608 -0.1301344 0.7601315
0.5087719 -0.1429219 0.7021628
0.3450292 -0.176397 0.8833138
0.2339181 -0.09580922 1.069658
0.2748538 -0.1803915 1.050642
0.1929825 -0.2038844 1.2879
0.1988304 -0.3512188 1.506867
0.3040936 -0.2976734 1.165572
0.6666667 -0.07105365 0.5542425
0.2631579 -0.3967065 1.343597
0.3859649 -0.1449811 0.8103741
0.497076 -0.1210528 0.6916807
0.2105263 -0.282724 1.438524
0.2631579 -0.2186081 1.175373
0.3099415 0.05419664 0.7328313
0.3099415 -0.2107118 1.039531
0.3625731 -0.09100105 0.7388867
0.1929825 -0.09672237 1.255761
0.251462 -0.2277816 1.202839
0.1871345 -0.3092937 1.577662
0.2163743 -0.5034418 1.704988
0.3333333 0.4064697 2.061436
0.3508772 -0.2517208 0.9939378
0.1812865 -0.2754616 1.484477
0.2105263 -0.1024172 1.041886
0.1637427 -0.1632393 1.487906
0.251462 -0.08996401 0.9933256
0.374269 -0.1534372 0.8894451
0.1345029 -0.2031606 1.510695
0.3508772 -0.06158847 0.7833621
0.2280702 -0.2401555 1.312341
0.3508772 -0.1413625 0.8362912
0.4035088 -0.08795695 0.708758
0.245614 -0.1272858 1.044866
0.2105263 -0.2982097 1.447978
0.2573099 -0.2594632 1.20413
0.3040936 -0.05357626 0.768146
0.3274854 -0.2594073 1.093042
0.3391813 -0.2041436 0.9609144
0.1461988 -0.385703 2.031643
0.4152047 -0.05818045 0.6915471
0.2573099 -0.1662392 1.094333
0.2280702 -0.1310287 1.068746
0.3040936 -0.05924006 0.737149
0.4502924 -0.1992899 0.8135899
0.5146199 -0.2240394 0.7730806
0.3567251 -0.09679265 0.7666443
0.3508772 -0.329467 1.100261
0.2280702 -0.3033772 1.36267
0.3216374 -0.06340074 0.8066684
0.2046784 -0.1637021 1.26487
0.3684211 -0.2533252 0.9582391
0.2046784 -0.2096693 1.302359
0.1988304 -0.5999756 1.789145
0.3859649 -0.2135454 0.9112157
0.2631579 -0.2287123 1.15601
0.2222222 -0.2137255 1.310343
0.2865497 -0.2466663 1.092024
0.2046784 -0.02710129 1.048251
0.2163743 -0.2698839 1.429573
0.4093567 -0.1344946 0.7681477
0.2163743 -0.3074902 1.440377
0.1812865 -0.3192542 1.454227
0.2923977 -0.103784 0.9573108
0.3216374 -0.140502 0.9000036
0.5906433 -0.100644 0.5652394
0.4152047 -0.06137616 0.6990889
0.2923977 -0.1688577 0.9801416
0.4035088 0.1412391 0.4861388
0.4327485 -0.1417603 0.726085
0.1812865 -0.04556497 1.112833
0.3157895 0.02803108 0.6836385
0.2397661 -0.151499 1.113237
0.3450292 -0.2273778 1.017642
0.2865497 -0.3818242 1.392096
0.2807018 0.006694904 0.8027429
0.3274854 -0.06132502 0.7897505
0.3216374 -0.1446196 0.9339621
0.3157895 -0.1996241 0.985824
0.2748538 -0.2371748 1.142743
0.3040936 -0.0888593 0.7942005
0.1988304 -0.1761709 1.401279
0.2865497 -0.06248434 0.8719191
0.2105263 -0.2149561 1.368558
0.1988304 0.03422351 0.9381175
0.3099415 -0.1332557 0.95511
0.3274854 -0.1479284 0.8694085
0.245614 0.0002626782 0.8292915
0.4444444 -0.1527665 0.7951776
0.2807018 -0.2812729 1.173429
0.4912281 0.1576694 0.3841379
0.3450292 -0.1366605 0.8659408
0.2690058 -0.2895183 1.207582
0.2748538 -0.01318095 0.8257307
0.2397661 -0.0984977 1.007632
0.3333333 -0.1779502 0.9689933
0.4619883 -0.2045652 0.8164551
0.4093567 -0.100993 0.7610498
0.3216374 -0.06691201 0.8141996
0.1403509 -0.1245206 1.660087
0.4035088 -0.2656638 0.9579444
0.3450292 -0.1479111 0.8029342
0.3333333 -0.2215004 0.9850791
0.374269 -0.03591578 0.7172227
