0.502924 -0.2469973 0.7858306
0.3859649 -0.07452766 0.7573701
0.7309942 -0.1923925 0.6090504
0.4619883 -0.1420341 0.7433069
0.2923977 -0.1556056 1.025075
0.2690058 -0.07296166 0.9481236
0.3567251 -0.2727205 1.004137
0.3684211 -0.02835232 0.3217038
0.5497076 -0.07223729 0.578431
0.3274854 -0.04038986 0.7558335
0.4152047 -0.1321992 0.7747903
0.4327485 -0.1378757 0.8152444
0.4385965 -0.08001442 0.7098062
0.5847953 -0.09626303 0.5723609
0.3333333 -0.1955857 0.9542057
0.3508772 -0.2573377 0.9720866
0.1929825 -0.2363358 1.222195
0.3976608 -0.1009493 0.7813188
0.3918129 -0.1503131 0.7799547
0.2280702 -0.1789873 1.16494
0.4385965 -0.09983863 0.704891
0.380117 -0.1631055 0.838156
0.2807018 -0.2472778 1.131633
0.1929825 -0.2631794 1.403517
0.2982456 0.03072836 0.7914641
0.6081871 -0.1477655 0.6121984
0.2982456 -0.1283459 0.9452738
0.4269006 -0.2164214 0.9035753
0.5964912 -0.1790891 0.6265806
0.6666667 0.4407537 0.01415442
0.4327485 -0.2128432 0.8534612
0.3625731 -0.154377 0.8565908
0.4678363 -0.1067232 0.6785388
0.6023392 -0.2405266 0.7527199
0.5497076 -0.1263467 0.6231492
0.5263158 -0.270072 0.8090517
0.3684211 -0.08702266 0.7699615
0.2631579 -0.2324533 1.135771
0.3859649 -0.2077406 0.8938287
0.4093567 -0.2262265 0.8700514
0.4035088 -0.1358546 0.754523
0.6549708 -0.2534706 0.6974051
0.5380117 -0.2947427 0.7958921
0.7134503 -0.1639076 0.6182933
0.5438596 -0.08330241 0.6026113
0.5204678 -0.1212708 0.6789674
0.2631579 -0.1864444 1.100994
0.3918129 -0.2406547 0.8996873
0.1754386 -0.09255737 1.341235
0.4269006 -0.1914262 0.8253317
0.4269006 -0.2175172 0.8083551
0.4152047 -0.2211063 0.8329011
0.5087719 0.03614056 0.5074146
0.374269 -0.1297092 0.7972756
0.5730994 -0.2474847 0.7752316
0.6491228 -0.03726464 0.2274365
0.5263158 -0.1486487 0.6989999
0.3684211 -0.328305 1.407451
0.6959064 -0.08712232 0.5341237
0.4912281 -0.02009803 0.5741184
0.7368421 -0.02673629 0.4583919
0.3450292 -0.09675959 0.7964903
0.4502924 -0.2223205 0.8493918
0.3391813 -0.1556599 0.9221713
0.4385965 -0.3400699 1.271747
0.7192982 -0.1950646 0.6477891
0.2163743 -0.3749002 1.534318
0.3391813 -0.06399647 0.8063461
0.3567251 -0.08670054 0.810013
0.4853801 -0.01926065 0.6156873
0.6374269 -0.05928575 0.5841228
0.374269 -0.1351912 0.8354574
0.3976608 -0.214318 0.8834684
0.4269006 -0.1365585 0.7742047
0.4327485 -0.2323454 0.8709102
0.5672515 -0.1687365 0.714277
0.3684211 -0.2718263 1.002714
0.5146199 -0.04770871 0.635008
0.3157895 -0.2701 1.121178
0.3157895 -0.1675668 0.955322
0.2865497 -0.1225397 0.9433011
0.5847953 -0.1614629 0.6509824
0.4736842 -0.2462708 0.8128812
0.4502924 -0.2943647 0.9232597
0.502924 -0.02482609 0.5606906
0.5146199 -0.2376448 0.7990147
0.2865497 -0.2101036 1.097215
0.5847953 0.307487 0.1536287
0.3976608 -0.1199163 0.7775123
0.2982456 -0.1084905 0.8686828
0.6432749 0.05960877 0.5279959
0.3216374 -0.1757668 0.9190085
0.3625731 -0.02337651 0.6770477
0.2748538 -0.1051927 0.9787018
0.4619883 -0.05980094 0.6087119
0.497076 0.0122483 0.5060483
0.4327485 -0.1588905 0.8520189
0.2573099 -0.09346756 0.932336
0.4210526 -0.1203075 0.7347586
0.5204678 -0.04148806 0.5739749
0.1111111 -0.2532524 1.115746
0.6023392 0.03213457 0.445772
0.5263158 -0.09764566 0.6437094
0.4912281 -0.1560035 0.6765441
0.4269006 -0.1838465 0.8386743
0.2923977 -0.1388178 0.9782278
0.4210526 -0.2328386 0.8753259
0.3157895 -0.03414014 0.8072858
0.4736842 0.08825 0.5016635
0.4385965 -0.08125168 0.6827299
0.5321637 -0.1331156 0.62328
0.374269 -0.1147755 0.7737689
0.4853801 -0.01044935 0.572763
0.7602339 0.4373295 0.002794798
0.2397661 -0.1674449 1.102715
0.3274854 -0.1287858 0.8590711
0.4093567 -0.04221235 0.6088632
